0.00151062012
0.000289916992
-0.00523376465
-0.00457763672
0.00476074219
-0.0111541748
-0.00250244141
0.00552368164
0.00343322754
-0.00428771973
0.000259399414
-0.00137329102
0.00393676758
0.00587463379
0.00437927246
-0.00337219238
4.57763672e-05
-0.00149536133
0.00242614746
0.00016784668
0.0036315918
0.000350952148
0.00294494629
-0.000381469727
-7.62939453e-05
0.000915527344
0.00193786621
0.00163269043
-0.0025177002
0.000381469727
0.00231933594
0.00202941895
0.00146484375
-0.00477600098
0.00149536133
0.00453186035
0.00202941895
-0.00225830078
-0.00520324707
-0.000457763672
0.00332641602
-0.00402832031
-0.00276184082
-0.00151062012
-0.00123596191
-0.00686645508
0.00619506836
0.0020904541
0.00537109375
-0.00535583496
0.00282287598
-0.00216674805
-0.00595092773
-7.62939453e-05
0.0069732666
0.00743103027
-0.00305175781
-0.00128173828
0.00106811523
-0.000518798828
-0.00314331055
-0.00508117676
0.0132293701
-0.00941467285
-0.309539795
-0.0693511963
-0.306625366
-0.0134277344
-0.070892334
-0.325119019
0.324676514
0.340499878
0.348556519
-0.309402466
-0.0585327148
-0.279830933
0.0574493408
0.286575317
-0.0216064453
-0.100784302
-0.00350952148
0.00643920898
-0.00399780273
-0.00102233887
0.00534057617
-0.00454711914
0.0111236572
0.00314331055
-0.00379943848
-0.0111236572
-0.00384521484
0.00308227539
-0.00335693359
-0.0119934082
0.0027923584
-0.00868225098
0.00160217285
-0.00065612793
0.000625610352
0.000778198242
0.000305175781
-0.00267028809
0.000366210938
-0.000366210938
-0.00105285645
-0.00126647949
-0.00201416016
0.00453186035
0.000823974609
-0.00109863281
0.00508117676
0.00202941895
-0.0101013184
-0.00540161133
-0.0123443604
0.0171203613
0.00691223145
-0.00947570801
0.00765991211
0.00369262695
0.0120544434
-0.000991821289
-0.0125579834
0.00860595703
-0.00784301758
-0.00358581543
0.00373840332
-0.0102844238
-0.0059967041
0.00178527832
-0.00662231445
0.00799560547
-0.00263977051
0.00248718262
-0.0140686035
0.0075378418
-0.0112304688
0.0118713379
0.00177001953
0.0101470947
0.000350952148
-0.00718688965
0.00161743164
0.00849914551
-0.00584411621
0.00619506836
0.00205993652
-0.00985717773
0.00189208984
0.00393676758
0.00489807129
0.00595092773
0.00346374512
-0.0033416748
0.00328063965
-0.00476074219
-0.00814819336
-0.00277709961
-0.00440979004
0.00575256348
