-0.00354003906
-0.0109863281
0.00805664062
0.00117492676
0.0259246826
0.00617980957
-0.00268554688
0.00457763672
-0.00296020508
-0.0013885498
0.0165100098
-0.00170898438
0.00192260742
-0.00218200684
0.00848388672
0.00663757324
0.0218811035
-0.00979614258
-0.0300750732
0.0363006592
-0.0123596191
-0.0174102783
0.00497436523
-0.0328979492
-0.0369567871
0.0202484131
-0.0245819092
-0.0061340332
0.0171966553
0.0384979248
0.0185241699
-0.0082244873
0.0180969238
0.00343322754
0.0138702393
-0.01121521
-0.00643920898
0.0107879639
-0.00984191895
0.000961303711
0.015914917
0.0107116699
-0.00480651855
0.00276184082
0.00102233887
-0.00526428223
-0.00538635254
-0.0105895996
-0.000839233398
-0.00386047363
0.00105285645
0.0188140869
-0.0083770752
0.0148925781
-0.0155639648
-0.018447876
-0.00769042969
0.0187988281
0.019241333
-0.00579833984
0.0142364502
-0.02293396
0.0177001953
-0.015045166
0.0145568848
-0.0129394531
0.0106048584
-0.00407409668
-0.00653076172
0.0161895752
-0.0196533203
-0.00932312012
-0.0119171143
0.00929260254
-0.00628662109
0.0146484375
-0.000228881836
-0.01612854
-0.0118713379
-0.0034942627
0.00428771973
0.000793457031
-0.00979614258
0.0104370117
0.00956726074
-0.00910949707
0.0160980225
0.00477600098
-0.00392150879
-0.00720214844
-0.00695800781
0.00328063965
0.00314331055
0.0020904541
-0.00631713867
-0.0203399658
0.0458984375
0.0316619873
0.022354126
0.0101928711
-0.00880432129
-0.0581512451
0.0179138184
-0.00750732422
0.0426025391
-0.00901794434
0.0094909668
0.0287475586
0.00744628906
-0.0255737305
-0.0359039307
-0.0285186768
-0.306869507
-0.331451416
0.109649658
-0.199356079
-0.274841309
0.214935303
-0.303237915
-0.190826416
0.0654602051
0.253005981
-0.0899505615
0.347579956
0.168838501
-0.347137451
-0.195846558
-0.187164307
-0.00576782227
-0.000518798828
-0.0161132812
0.000991821289
0.00135803223
-0.00369262695
-0.00671386719
0.0074005127
0.0018157959
0.00193786621
-0.00119018555
0.00733947754
-0.00651550293
0.00798034668
0.00354003906
-0.00453186035
0.000762939453
-0.0054473877
-0.00526428223
7.62939453e-05
0.00434875488
-0.0037689209
-0.00234985352
0.000213623047
0.00315856934
-0.000915527344
0.00494384766
0.00177001953
-0.00360107422
0.00575256348
-0.00260925293
-0.00215148926
