0.0105590820
-0.0020141602
-0.0016326904
-0.0035247803
0.0005035400
-0.0031280518
-0.0039062500
-0.0165863037
-0.0080718994
0.0020294189
0.0025329590
-0.0055999756
0.0005950928
0.0078125000
-0.0035247803
0.0026550293
0.0046539307
-0.0078887939
0.0122222900
-0.0029296875
-0.0030670166
-0.0004882812
0.0010986328
0.0024414062
0.0018615723
-0.0131378174
-0.0009460449
0.0067749023
-0.0104522705
-0.0032501221
-0.0042724609
0.0002441406
0.0195922852
-0.0133666992
0.0366516113
-0.0115051270
-0.0095520020
0.0166931152
-0.0083770752
0.0004577637
-0.0027313232
0.0219116211
-0.0078735352
0.0141448975
-0.0066375732
0.0078735352
-0.0183868408
-0.0327911377
-0.0018005371
-0.0047607422
-0.0074005127
0.0116729736
-0.0150299072
0.0044403076
-0.0081939697
-0.0087738037
0.0039978027
0.0049591064
0.0005798340
0.0065002441
-0.0050201416
-0.0074462891
-0.0039215088
-0.0059356689
0.0142822266
-0.0024719238
0.0037078857
0.0224151611
0.0024261475
0.0100708008
-0.0016784668
-0.0069732666
-0.0071105957
0.0137329102
-0.0447692871
0.0097045898
-0.0364837646
-0.0052947998
0.0276641846
0.0240936279
-0.0012359619
0.0014801025
0.0214538574
-0.0081787109
-0.0103454590
0.0044555664
-0.0019531250
0.0030670166
0.0075378418
0.0023040771
-0.0095214844
0.0055847168
-0.0090637207
0.0007019043
0.0068817139
-0.0069427490
-0.0063934326
0.0032043457
-0.0025482178
0.0031280518
-0.0033721924
0.0013275146
0.0068969727
0.0057220459
0.0007934570
-0.0007324219
-0.0093231201
-0.0018463135
-0.0051269531
-0.0073852539
0.0019531250
-0.0084533691
-0.3215942383
-0.2802276611
0.1475067139
-0.1087799072
-0.2411956787
0.3389892578
-0.2562713623
-0.2178192139
0.1203613281
0.1961975098
-0.1750335693
0.3058471680
0.1710205078
-0.3263702393
-0.1970672607
-0.2047576904
0.0144958496
-0.0133514404
0.0087890625
0.0122528076
0.0151824951
0.0038452148
-0.0025329590
-0.0101165771
0.0108032227
0.0164184570
-0.0031890869
-0.0040893555
0.0161132812
0.0180969238
-0.0011749268
-0.0130310059
0.0008087158
-0.0022735596
-0.0006103516
0.0054016113
0.0012969971
0.0009613037
-0.0047760010
0.0005950928
0.0027313232
0.0028991699
-0.0053710938
0.0019073486
0.0040283203
-0.0026092529
0.0076751709
-0.0037689209
