0.0087127686
0.0081024170
-0.0086822510
-0.0060119629
-0.0032958984
-0.0034942627
-0.0074768066
0.0009307861
-0.0032043457
0.0018920898
-0.0026092529
-0.0052490234
-0.0055084229
0.0098114014
0.0070953369
-0.0047760010
0.0084838867
-0.0009460449
-0.0159454346
0.0114746094
-0.0099639893
-0.0071258545
-0.0210876465
-0.0113830566
-0.0125122070
-0.0134582520
-0.0101623535
-0.0046081543
0.0004882812
0.0121307373
0.0010070801
0.0030822754
-0.3674316406
-0.0673980713
-0.3302307129
-0.0142974854
0.0340881348
-0.2757415771
0.3720550537
-0.1179046631
-0.2677307129
-0.2831726074
-0.1957244873
-0.2113800049
0.0827484131
-0.0613861084
0.1685180664
0.3519744873
0.0045776367
-0.0019683838
-0.0075378418
0.0010833740
0.0130157471
-0.0044860840
0.0027923584
-0.0074005127
-0.0013122559
-0.0016174316
-0.0044555664
0.0059814453
0.0057220459
0.0088958740
0.0070953369
0.0062561035
-0.0084838867
0.0226287842
-0.0071563721
0.0175628662
-0.0062561035
-0.0093841553
0.0058593750
0.0047912598
0.0024566650
-0.0088195801
0.0041198730
-0.0036315918
-0.0017089844
0.0019989014
0.0043640137
0.0132141113
0.0103607178
0.0143890381
-0.0218963623
-0.0014495850
0.0053863525
-0.0097198486
0.0071563721
-0.0135345459
-0.0080108643
0.0088348389
-0.0070037842
0.0205993652
0.0070037842
-0.0094757080
-0.0135345459
-0.0054473877
-0.0008392334
-0.0062866211
0.0157928467
-0.0141906738
0.0032653809
0.0094604492
-0.0053100586
0.0137786865
0.0148162842
-0.0013275146
-0.0009613037
0.0041046143
0.0133819580
0.0040130615
0.0010375977
-0.0033569336
0.0413513184
0.0182952881
-0.0105133057
-0.0321960449
0.0091094971
-0.0163116455
0.0151672363
-0.0213317871
-0.0057525635
0.0211181641
0.0156402588
-0.0113525391
0.0045776367
0.0376434326
0.0442352295
0.0239868164
0.0028228760
-0.0043792725
-0.0014495850
-0.0001220703
0.0005035400
0.0030059814
0.0041046143
0.0030975342
0.0008850098
0.0019531250
0.0059051514
0.0032348633
-0.0032653809
-0.0003356934
0.0023651123
0.0016784668
-0.0025024414
-0.0020904541
0.0029907227
0.0013122559
0.0024719238
0.0013885498
0.0000610352
0.0020294189
0.0029144287
-0.0026702881
-0.0030822754
-0.0016021729
0.0019531250
-0.0087890625
-0.0008239746
-0.0024261475
