0.00216674805
0.0072479248
-0.00651550293
-0.00263977051
-0.00547790527
0.00250244141
-0.00689697266
0.0102081299
0.000579833984
-0.0036315918
-0.00509643555
0.00680541992
-0.00323486328
0.00575256348
-0.00323486328
-0.00830078125
-0.00103759766
0.0118255615
-0.00778198242
0.00178527832
0.0106964111
0.00032043457
-0.00166320801
-0.00166320801
0.000503540039
-0.000869750977
-0.0149841309
-0.00303649902
0.016998291
0.000564575195
-0.0120849609
0.000900268555
-0.364608765
-0.211975098
-0.31451416
-0.0142059326
-0.0932159424
-0.318313599
0.363098145
-0.00975036621
-0.402023315
-0.264465332
-0.19909668
-0.115646362
-0.0600585938
-0.137237549
0.160598755
0.278549194
0.0126037598
-0.0135955811
-0.0163574219
0.0102386475
-0.0287780762
0.0216674805
0.0186157227
-0.0256347656
0.0207061768
0.0266723633
0.0263214111
0.0165405273
0.000961303711
-0.0127258301
0.0288696289
-0.027633667
0.00282287598
-0.00366210938
0.00682067871
0.00592041016
-0.00785827637
0.00297546387
-0.00285339355
-0.00148010254
-0.00303649902
0.00244140625
-0.00386047363
0.000610351562
0.00416564941
-0.000778198242
0.000793457031
6.10351562e-05
0.00131225586
0.000274658203
0.00466918945
-0.00419616699
-0.00225830078
-0.00196838379
0.00685119629
-0.00280761719
-0.00712585449
0.00332641602
0.000930786133
-0.00691223145
-0.00914001465
-0.0130310059
-0.000900268555
-0.00605773926
-0.000213623047
-0.0122375488
0.0269622803
-0.00225830078
0.00384521484
0.0141906738
-0.0157165527
-0.0169525146
-0.00462341309
0.000610351562
0.0122833252
0.0130462646
0.00749206543
0.0197906494
-0.00744628906
0.0178527832
-0.00532531738
0.00221252441
-0.00331115723
0.0009765625
-0.000610351562
0.0103912354
0.00122070312
0.00186157227
0.00874328613
-0.00709533691
-0.00283813477
0.00254821777
-0.000839233398
-0.00421142578
0.00666809082
-0.0011138916
0.00440979004
-0.0137939453
-0.000869750977
-0.00631713867
0.0150909424
0.0167236328
0.00205993652
-0.00291442871
0.0087890625
-0.00378417969
-0.00662231445
0.00207519531
0.000228881836
0.0090637207
0.00953674316
-0.0156555176
0.00517272949
-0.00805664062
-0.000564575195
0.00514221191
-0.00480651855
0.0027923584
-0.00315856934
-0.00462341309
-0.000961303711
0.00477600098
-0.00798034668
-0.00108337402
0.00436401367
-0.0124206543
0.0190887451
0.00297546387
