-0.000335693359
-0.00186157227
9.15527344e-05
0.000762939453
-0.00328063965
-3.05175781e-05
1.52587891e-05
0.000732421875
-0.00178527832
-0.000839233398
-0.000595092773
0.00291442871
0.00178527832
0.00210571289
0.00163269043
0.000549316406
0.0156555176
-0.0166168213
-0.0029296875
0.0168151855
0.00721740723
-0.00975036621
-0.00534057617
-0.0163421631
-0.0171051025
0.00152587891
0.013961792
0.00119018555
-0.0152130127
0.0148162842
0.00048828125
0.00291442871
-0.000640869141
0.00946044922
0.00048828125
-0.00598144531
0.00621032715
0.00207519531
0.00317382812
-0.001953125
0.00593566895
0.00526428223
0.00267028809
0.000503540039
0.000427246094
-0.00621032715
-0.00276184082
-0.000259399414
0.00646972656
-0.00566101074
0.0103302002
-0.000274658203
-0.00402832031
0.00175476074
-0.00115966797
0.0118865967
-0.00122070312
-0.00117492676
-0.00788879395
-0.0112609863
0.000930786133
-0.00994873047
0.0025177002
0.0110778809
-0.283996582
-0.191604614
-0.265655518
-0.0368804932
-0.0693969727
-0.3177948
0.23576355
0.300445557
0.3331604
-0.32270813
-0.113433838
-0.253387451
0.127883911
0.27520752
-0.0871887207
-0.191619873
-0.000793457031
-0.00250244141
-0.0085144043
0.0127105713
-0.00207519531
-0.00526428223
0.0100708008
0.0047454834
-0.00115966797
-0.00317382812
0.0106658936
0.00411987305
0.0193023682
-0.0027923584
0.00119018555
0.0109558105
0.0146179199
0.000625610352
0.00570678711
0.00204467773
-0.00498962402
0.000305175781
-0.00183105469
-0.00141906738
-0.00584411621
0.0107879639
-0.00677490234
0.0211791992
0.00634765625
-0.00175476074
-0.0052947998
0.00765991211
-0.0184173584
-0.00761413574
-0.00749206543
-0.00749206543
-0.00930786133
0.00588989258
-0.00224304199
-0.00276184082
0.00930786133
0.00170898438
-0.015045166
0.00392150879
0.00631713867
-0.00422668457
-0.0119934082
-0.00308227539
0.0136566162
-0.0139465332
-0.000534057617
0.00694274902
0.0130462646
0.00210571289
0.00415039062
-0.00662231445
0.00221252441
0.0149078369
-0.00444030762
-0.00186157227
-0.00184631348
0.00811767578
-0.00842285156
-0.00512695312
0.00456237793
0.0126800537
-0.00199890137
0.00497436523
-0.00296020508
-0.0022277832
-0.00407409668
0.0106658936
0.00506591797
-0.00346374512
0.00128173828
0.00080871582
-0.000106811523
0.00494384766
-0.00788879395
-0.00689697266
