0.0043334961
-0.0040283203
0.0234985352
-0.0486450195
0.0403442383
-0.0402832031
-0.0540161133
-0.0109863281
0.0103149414
-0.0232543945
0.0296020508
-0.0202636719
-0.0053100586
0.0098266602
0.0148925781
-0.0242309570
-0.0082397461
0.0014038086
0.0075073242
-0.0079956055
0.0196533203
0.0247802734
0.0034790039
0.0184326172
-0.0004882812
0.0054931641
0.0119628906
-0.0009155273
-0.0014038086
-0.0078125000
0.0212402344
-0.0115966797
-0.1036376953
-0.0347900391
-0.0189819336
-0.0046997070
0.0083007812
-0.0676269531
0.0778808594
-0.0473022461
-0.0749511719
-0.1021118164
-0.0306396484
-0.0786743164
0.0626220703
-0.0415649414
0.0410156250
0.0865478516
0.0121459961
0.0225830078
0.0549316406
-0.0473632812
0.0279541016
-0.0116577148
-0.0128784180
0.0241699219
-0.0178222656
-0.0336303711
0.0205078125
-0.0128173828
0.0275878906
0.0214233398
-0.0340576172
-0.0142211914
-0.0200805664
0.0410766602
-0.0034790039
0.0068969727
0.0201416016
0.0055541992
0.0102539062
0.0630493164
0.0010986328
0.0098876953
0.0208129883
0.0159301758
0.0460815430
-0.0137939453
0.0081176758
-0.0382080078
-0.0726928711
-0.1159057617
0.0238647461
0.1373291016
-0.0282592773
0.1107788086
-0.1136474609
0.1029052734
0.1519775391
0.0267944336
0.1348266602
-0.1074829102
0.1252441406
0.1444702148
0.1666870117
0.1533813477
-0.0029907227
0.0238037109
0.0442504883
0.0249633789
-0.0197143555
-0.0145263672
0.0247192383
-0.0004882812
0.0270385742
0.0136718750
-0.0224609375
-0.0084838867
0.0382690430
-0.0316162109
-0.0099487305
0.0020751953
-0.1874389648
-0.1948242188
0.1306152344
-0.0701293945
-0.2012329102
0.1796875000
-0.1973876953
-0.1464233398
0.0400390625
0.1928100586
-0.0372314453
0.1998901367
0.1268310547
-0.2562866211
-0.1544799805
-0.0979614258
-0.0057983398
0.0303344727
0.0006713867
0.0250244141
-0.0197753906
-0.0234375000
-0.0227661133
0.0296020508
-0.0348510742
-0.0164794922
0.0151367188
0.0077514648
0.0145874023
-0.0549926758
0.0164184570
0.0419921875
0.1361694336
0.0834350586
-0.2340087891
0.3098144531
-0.0957641602
-0.3005981445
-0.2913208008
-0.2686767578
-0.2915039062
0.3161010742
-0.0653686523
0.3128662109
0.3324584961
-0.0345458984
0.0205688477
-0.3077392578
