0.0015411377
0.0002899170
-0.0053100586
-0.0043792725
0.0048217773
-0.0109558105
-0.0026397705
0.0057525635
0.0033264160
-0.0038757324
0.0000610352
-0.0018920898
0.0041809082
0.0062408447
0.0047607422
-0.0034179688
-0.0001983643
-0.0014495850
0.0026855469
0.0000305176
0.0033874512
0.0005187988
0.0032958984
-0.0002288818
0.0001068115
0.0010375977
0.0022888184
0.0015411377
-0.0023193359
0.0002288818
0.0018768311
0.0018920898
0.0016784668
-0.0052642822
0.0018463135
0.0040893555
0.0017242432
-0.0022888184
-0.0056762695
0.0001983643
0.0036773682
-0.0040435791
-0.0035858154
-0.0007629395
-0.0016784668
-0.0077209473
0.0057220459
0.0018768311
0.0063323975
-0.0054321289
0.0021820068
-0.0025482178
-0.0052185059
0.0000152588
0.0068817139
0.0066833496
-0.0027160645
-0.0018615723
0.0011596680
-0.0002441406
-0.0038452148
-0.0049285889
0.0131225586
-0.0086975098
-0.3092803955
-0.0726776123
-0.3063964844
-0.0131225586
-0.0726623535
-0.3244934082
0.3243255615
0.3402099609
0.3485870361
-0.3090209961
-0.0596160889
-0.2805786133
0.0577545166
0.2867584229
-0.0223236084
-0.1032562256
-0.0039062500
0.0070495605
-0.0039367676
-0.0009460449
0.0059814453
-0.0050811768
0.0119476318
0.0031433105
-0.0041656494
-0.0115051270
-0.0036468506
0.0032806396
-0.0037231445
-0.0131225586
0.0031280518
-0.0095214844
0.0020294189
-0.0003814697
0.0008392334
0.0008544922
-0.0000915527
-0.0026855469
0.0006713867
0.0000457764
-0.0006561279
-0.0010833740
-0.0021820068
0.0041198730
0.0009765625
-0.0013732910
0.0044250488
0.0016021729
-0.0092773438
-0.0046997070
-0.0123291016
0.0164947510
0.0072021484
-0.0099334717
0.0080413818
0.0037536621
0.0116882324
-0.0012664795
-0.0111694336
0.0075531006
-0.0079650879
-0.0025787354
0.0039062500
-0.0096130371
-0.0061035156
0.0017547607
-0.0068817139
0.0091247559
-0.0022583008
0.0028686523
-0.0151367188
0.0077209473
-0.0112152100
0.0124664307
0.0020141602
0.0102844238
0.0004577637
-0.0071868896
0.0018005371
0.0084838867
-0.0053710938
0.0058441162
0.0018157959
-0.0093994141
0.0020904541
0.0037536621
0.0045776367
0.0055084229
0.0033416748
-0.0030975342
0.0030364990
-0.0043792725
-0.0077972412
-0.0028839111
-0.0042724609
0.0053253174
