-0.0045318604
0.0014190674
-0.0134124756
-0.0041198730
-0.0164489746
-0.0033264160
0.0028991699
0.0052795410
-0.0077362061
0.0020294189
-0.0018463135
0.0009460449
0.0019226074
-0.0088500977
0.0136566162
0.0034332275
-0.3213348389
0.3300933838
0.1336059570
-0.3469085693
0.0136871338
0.2779846191
-0.0946655273
0.3361511230
0.3622436523
0.0123138428
0.0737457275
0.0839996338
0.1804351807
-0.3614196777
-0.0991973877
-0.0269622803
0.0041961670
-0.0196990967
-0.0144195557
0.0044097900
0.0012969971
-0.0029449463
-0.0017242432
-0.0217895508
0.0112609863
-0.0015106201
0.0208435059
-0.0260162354
0.0091247559
0.0149078369
0.0027618408
0.0017395020
0.0070495605
-0.0022888184
0.0034484863
-0.0065917969
0.0019073486
0.0050506592
-0.0003967285
-0.0011596680
-0.0061035156
-0.0072021484
0.0059814453
0.0062866211
-0.0044555664
-0.0080261230
0.0030212402
-0.0122070312
0.0077667236
0.0110473633
0.0084381104
-0.0005645752
-0.0057678223
0.0038604736
-0.0091400146
-0.0129241943
0.0013885498
0.0001373291
-0.0083007812
0.0070800781
0.0022888184
-0.0113220215
0.0033264160
0.0012969971
0.0006713867
0.0033569336
0.0052337646
-0.0067596436
0.0032348633
-0.0021514893
-0.0013732910
-0.0018005371
-0.0014648438
0.0043487549
-0.0083465576
-0.0028686523
-0.0065002441
-0.0026245117
-0.0041656494
-0.0193939209
-0.0006103516
0.0037689209
0.0056610107
-0.0035095215
0.0034332275
-0.0097351074
-0.0014343262
-0.0022430420
0.0017089844
0.0061645508
0.0050201416
-0.0050964355
-0.0053558350
-0.0017395020
-0.0036163330
0.0035247803
0.0009155273
-0.0031433105
-0.0015411377
0.0116119385
0.0025024414
0.0045928955
-0.0018768311
0.0083312988
-0.0039520264
-0.0024261475
0.0001678467
-0.0052642822
-0.0102996826
0.0028839111
0.0073699951
-0.0046844482
-0.0146026611
0.0074768066
-0.0045013428
0.0004577637
-0.0084991455
-0.0034179688
-0.0001678467
0.0152282715
-0.0114440918
-0.0045776367
-0.0024261475
0.0175018311
0.0020599365
-0.0097808838
0.0082550049
0.0052490234
-0.0075836182
-0.0164031982
0.0101470947
-0.0019683838
0.0025177002
0.0086669922
0.0057525635
0.0080566406
0.0134429932
-0.0078125000
-0.0104522705
-0.0080413818
-0.0077972412
-0.0180206299
0.0255126953
0.0090789795
