0.0057373047
0.0173034668
-0.0266113281
-0.0122680664
-0.0346221924
-0.0201721191
0.0118713379
-0.0241851807
-0.0279998779
0.0047760010
-0.0145721436
-0.0019378662
-0.0137939453
-0.0313415527
0.0379791260
0.0062255859
-0.3172302246
0.3500061035
0.0811309814
-0.3367004395
0.0345153809
0.2645111084
-0.0753326416
0.3342285156
0.3514709473
0.0697326660
-0.0167541504
0.0306854248
0.2273254395
-0.3513336182
-0.1073760986
0.0375366211
-0.0050354004
-0.0139160156
0.0010528564
-0.0065917969
-0.0046386719
-0.0055694580
0.0023803711
-0.0059051514
-0.0015716553
-0.0046386719
-0.0006256104
-0.0173187256
0.0079345703
-0.0074310303
-0.0083312988
0.0019226074
0.0175323486
-0.0042114258
0.0027160645
0.0084991455
0.0079803467
0.0057525635
-0.0006103516
0.0058746338
-0.0065155029
0.0092468262
0.0183868408
0.0111541748
0.0018310547
-0.0216674805
0.0080108643
-0.0252380371
-0.0085144043
-0.0199279785
-0.0079650879
-0.0143280029
0.0013275146
-0.0074768066
0.0006561279
0.0131225586
0.0118103027
-0.0129852295
0.0018463135
-0.0034484863
-0.0003662109
0.0043945312
0.0182952881
-0.0026397705
-0.0095977783
-0.0296630859
0.0094451904
0.0160217285
0.0210418701
0.0278015137
-0.0241851807
0.0238494873
0.0274505615
-0.0175781250
0.0216217041
-0.0195312500
0.0354003906
-0.0100097656
0.0290374756
0.0138854980
0.0016937256
-0.0189361572
0.0063323975
-0.0123443604
0.0069122314
0.0068511963
-0.0048980713
-0.0163116455
-0.0029907227
-0.0176086426
0.0206756592
-0.0073547363
-0.0133972168
0.0068969727
-0.0009765625
0.0153045654
-0.0090026855
-0.0001525879
-0.0073699951
0.0026855469
0.0010223389
0.0052185059
0.0035400391
0.0035400391
-0.0055694580
-0.0026855469
0.0034179688
-0.0033111572
-0.0017852783
0.0015411377
0.0025177002
-0.0070648193
-0.0086822510
0.0020904541
0.0035400391
-0.0129089355
-0.0006866455
0.0023651123
0.0041198730
0.0039367676
0.0019836426
-0.0153961182
-0.0038452148
0.0042419434
-0.0126647949
-0.0078277588
0.0104827881
-0.0056915283
0.0085601807
-0.0110321045
0.0314025879
-0.0154571533
-0.0105895996
0.0625762939
0.0167236328
0.0509796143
0.0701293945
-0.0382232666
-0.0325012207
-0.0514526367
-0.0394592285
-0.0192108154
0.0187683105
0.0492858887
