0.0061645508
0.0007934570
-0.0047454834
0.0039215088
-0.0098419189
0.0096893311
0.0039520264
-0.0079650879
-0.0123596191
0.0009307861
0.0034484863
0.0024108887
0.0048522949
-0.0014648438
0.0068817139
-0.0011749268
-0.0073394775
0.0087432861
-0.0118103027
-0.0036315918
0.0021362305
0.0006408691
0.0029296875
0.0060272217
0.0100250244
0.0097351074
-0.0006561279
-0.0205993652
0.0243377686
-0.0028076172
-0.0165100098
-0.0134887695
-0.0068664551
-0.0009918213
-0.0053253174
-0.0070800781
0.0006103516
-0.0018768311
0.0023498535
0.0001373291
0.0074462891
0.0048522949
0.0109558105
0.0097351074
-0.0008850098
-0.0225677490
0.0084991455
0.0027923584
-0.0105895996
-0.0068054199
-0.0077514648
0.0096740723
0.0035552979
-0.0047454834
0.0093536377
-0.0019378662
0.0062255859
-0.0072631836
-0.0177154541
-0.0046386719
-0.0000915527
-0.0126800537
-0.0030822754
0.0010833740
0.0048522949
0.0005645752
0.0037384033
0.0220184326
-0.0027923584
0.0001068115
-0.0026855469
-0.0052032471
0.0000457764
0.0018920898
-0.0177001953
0.0029754639
-0.0013885498
-0.0011291504
0.0034179688
0.0049133301
0.0020446777
0.0028228760
0.0067443848
-0.0021362305
-0.0152130127
0.0054168701
-0.0051879883
-0.0054473877
0.0118713379
-0.0068206787
-0.0121154785
0.0006408691
0.0142059326
0.0132293701
-0.0009307861
0.0062103271
-0.0042114258
0.0077362061
-0.0048828125
0.0005340576
0.0026550293
-0.0090942383
-0.0102691650
-0.0119323730
0.0086212158
0.0125885010
0.0091552734
0.0006561279
0.0050506592
0.0039672852
-0.0145721436
0.0062866211
-0.2901458740
-0.2951354980
0.0601043701
-0.0925292969
-0.2664947510
0.3336791992
-0.2673797607
-0.2729034424
0.0340118408
0.2761077881
-0.1602630615
0.2925109863
0.1049804688
-0.2913665771
-0.1382598877
-0.2030792236
-0.0134582520
0.0130004883
0.0171966553
-0.0038757324
-0.0110473633
0.0066070557
0.0118408203
0.0088653564
-0.0126953125
-0.0033569336
-0.0032043457
0.0167236328
0.0148620605
-0.0036010742
0.0050659180
0.0056915283
-0.0061187744
-0.0086364746
0.0007171631
-0.0052032471
-0.0031890869
0.0142211914
0.0052185059
0.0114593506
0.0229187012
-0.0105133057
-0.0128021240
-0.0074768066
-0.0121612549
0.0006256104
0.0076599121
0.0030975342
