-0.2237091064
-0.2915802002
0.1590728760
-0.2616577148
0.2766265869
-0.2730560303
-0.1705169678
0.1190795898
0.1796722412
-0.1494293213
0.2833709717
0.2901000977
-0.2230682373
-0.1881103516
0.0189819336
0.3588256836
0.0230560303
-0.0214080811
-0.0143127441
0.0331573486
0.0002899170
-0.0191192627
0.0057525635
-0.0311126709
-0.0315551758
0.0049438477
0.0022430420
-0.0048675537
-0.0050964355
0.0347137451
0.0039825439
-0.0050964355
0.0001068115
-0.0043945312
-0.0081176758
-0.0002288818
-0.0062866211
-0.0004272461
-0.0004730225
0.0135192871
0.0028533936
0.0046234131
0.0083770752
0.0003204346
-0.0056762695
-0.0037536621
0.0078430176
-0.0001983643
0.0075683594
-0.0133666992
-0.0215759277
-0.0178222656
0.0053558350
0.0090484619
0.0236358643
-0.0032958984
-0.0035858154
-0.0065460205
0.0012512207
-0.0005340576
-0.0003356934
-0.0057067871
0.0074310303
0.0003051758
0.0016632080
0.0036163330
0.0040283203
-0.0092010498
0.0063629150
0.0019531250
-0.0018615723
0.0032501221
0.0013732910
-0.0014190674
0.0068359375
0.0065460205
-0.0004425049
-0.0037689209
0.0046234131
0.0064086914
-0.0006256104
0.0080871582
-0.0015106201
-0.0058746338
0.0031890869
0.0045471191
0.0036468506
-0.0004882812
0.0067901611
-0.0018920898
-0.0034332275
-0.0034027100
-0.0030975342
0.0050506592
0.0065460205
0.0006256104
-0.0041961670
0.0020294189
0.0131988525
-0.0003356934
-0.0074615479
-0.0043945312
0.0037231445
0.0067443848
0.0015106201
0.0096893311
0.0023040771
-0.0005035400
0.0032196045
-0.0072326660
-0.0070190430
0.0015563965
0.0010528564
0.0007171631
-0.0121307373
-0.0036621094
-0.0102081299
0.0049743652
0.0020446777
-0.0126647949
-0.0169067383
0.0137786865
-0.0058135986
-0.0124816895
-0.0046997070
0.0117645264
-0.0035858154
-0.0065612793
0.0039825439
-0.0034790039
0.0019836426
0.0025329590
-0.0009002686
0.0064697266
0.0000915527
-0.0076751709
-0.0035705566
0.0030670166
-0.0069732666
-0.0055847168
-0.0041503906
-0.0050048828
-0.0058135986
0.0019226074
0.0132904053
-0.0035095215
0.0043945312
0.0028533936
0.0010223389
0.0070495605
-0.0072937012
0.0031127930
-0.0039672852
0.0095672607
-0.0150756836
-0.0077819824
0.0041809082
-0.0059814453
0.0029754639
0.0137481689
