-0.0044555664
-0.0016937256
-0.0174713135
0.0053710938
-0.0001678467
-0.0053405762
0.0064544678
0.0169372559
-0.0178985596
0.0105895996
-0.0050201416
0.0111694336
0.0203552246
0.0007476807
0.0237274170
-0.0001068115
-0.3227691650
0.3425445557
0.1055145264
-0.3375396729
-0.0083465576
0.2671508789
-0.0613403320
0.3235473633
0.3550262451
-0.0334320068
0.1061859131
0.0099639893
0.1873168945
-0.3527221680
-0.1424560547
-0.0697326660
-0.0036621094
-0.0289001465
-0.0224151611
-0.0011138916
-0.0084838867
-0.0104064941
0.0028381348
-0.0019531250
0.0101318359
0.0018463135
-0.0041809082
-0.0170135498
0.0021514893
0.0078582764
-0.0071258545
0.0063018799
-0.0060424805
0.0036468506
0.0223693848
-0.0170440674
0.0138549805
0.0102844238
-0.0077819824
0.0051269531
-0.0094299316
-0.0194854736
0.0092926025
0.0002136230
-0.0035552979
-0.0142059326
-0.0064086914
-0.0094757080
0.0013885498
0.0137176514
0.0073242188
-0.0052490234
-0.0153808594
0.0039367676
-0.0063781738
0.0004730225
0.0065002441
-0.0001678467
0.0019683838
0.0080566406
0.0075988770
-0.0077362061
-0.0026397705
0.0142822266
0.0021514893
0.0020141602
-0.0024566650
-0.0049743652
-0.0025939941
0.0013580322
0.0006103516
-0.0035095215
-0.0003204346
0.0093688965
-0.0079193115
-0.0023040771
-0.0032958984
-0.0023651123
-0.0009002686
-0.0039062500
0.0067443848
0.0038757324
0.0206451416
-0.0066528320
-0.0008239746
-0.0146484375
-0.0026550293
-0.0018157959
0.0114288330
0.0156860352
0.0173797607
0.0019836426
-0.0003204346
0.0024871826
-0.0052185059
0.0036163330
-0.0122985840
0.0105133057
-0.0189514160
0.0101318359
0.0041809082
0.0203857422
0.0087738037
-0.0045013428
0.0000305176
-0.0035858154
0.0192718506
-0.0066375732
-0.0048828125
0.0082244873
0.0221862793
-0.0038757324
-0.0014343262
-0.0016632080
0.0053405762
-0.0002746582
0.0031585693
0.0039825439
0.0033416748
0.0006408691
0.0014801025
-0.0037078857
0.0016937256
0.0042877197
0.0026550293
-0.0000610352
0.0045318604
-0.0025177002
-0.0034332275
-0.0222778320
-0.0002136230
0.0105438232
-0.0189666748
-0.0007934570
-0.0029144287
0.0020751953
0.0093994141
0.0010223389
-0.0320587158
-0.0001831055
0.0013732910
-0.0196685791
0.0266571045
-0.0019683838
