-0.0011901855
-0.0074005127
-0.0023803711
-0.0046386719
0.0122375488
0.0012207031
-0.0147705078
-0.0135040283
-0.0181274414
-0.0070953369
0.0028839111
-0.0224304199
0.0035858154
0.0025787354
-0.0034179688
0.0001678467
0.0133819580
-0.0117034912
-0.0044860840
0.0175170898
0.0061492920
-0.0079650879
-0.0018310547
-0.0154571533
-0.0207824707
-0.0034942627
-0.0258026123
-0.0045013428
-0.0066528320
0.0191040039
0.0222015381
-0.0082855225
0.0332946777
0.0151672363
0.0405273438
-0.0097961426
0.0070495605
0.0238952637
-0.0248260498
0.0142822266
-0.0002746582
0.0234832764
0.0102691650
-0.0072479248
-0.0149993896
0.0138854980
-0.0266418457
-0.0405120850
0.0065307617
0.0264587402
0.0167083740
-0.0744018555
0.0196380615
-0.0083007812
-0.0110473633
0.0398864746
-0.0092163086
-0.0593109131
-0.0378570557
0.0139465332
-0.0048065186
0.0719909668
-0.0544586182
0.0554046631
0.0184631348
0.0164337158
0.0130004883
0.0111083984
-0.0014953613
0.0200958252
-0.0007934570
-0.0178222656
-0.0096588135
0.0243225098
0.0046691895
0.0038757324
-0.0059814453
-0.0069580078
-0.0102386475
0.0117797852
-0.0155029297
0.0009613037
-0.0004882812
-0.0004119873
0.0127258301
0.0075531006
0.0024108887
0.0102691650
0.0103302002
-0.0013122559
-0.0009307861
-0.0021057129
-0.0029602051
-0.0037078857
0.0100708008
-0.0096282959
0.0018310547
-0.0015716553
0.0022888184
-0.0012512207
0.0001678467
-0.0011444092
0.0039367676
0.0008239746
0.0009307861
-0.0047760010
-0.0019378662
0.0021972656
0.0002288818
-0.0035858154
0.0033416748
0.0002899170
-0.2826690674
-0.3110961914
0.1576385498
-0.1186828613
-0.2368011475
0.2081451416
-0.2605438232
-0.2157287598
0.1112518311
0.2377624512
-0.1834411621
0.3492126465
0.1784667969
-0.3340911865
-0.2218322754
-0.1897735596
-0.0046691895
-0.0030975342
-0.0053405762
0.0026550293
0.0048065186
0.0016632080
-0.0088500977
0.0038909912
-0.0007476807
0.0050048828
-0.0067596436
0.0054168701
0.0038604736
0.0056152344
0.0001373291
-0.0070648193
-0.0084381104
0.0132598877
0.0064239502
0.0019989014
0.0028076172
0.0002288818
0.0011138916
0.0055541992
0.0034332275
-0.0037384033
-0.0019226074
-0.0042114258
0.0024719238
-0.0076904297
0.0008239746
-0.0013732910
