0.0014038086
0.0060882568
-0.0129089355
-0.0037384033
0.0008087158
-0.0161285400
0.0048828125
0.0030212402
0.0031585693
0.0051269531
-0.0100402832
-0.0018005371
0.0049133301
0.0012664795
0.0117340088
-0.0021667480
0.0007171631
-0.0016326904
0.0015716553
0.0021972656
0.0014038086
-0.0000457764
-0.0031585693
-0.0022430420
-0.0025329590
-0.0007171631
0.0012359619
0.0050811768
-0.0022583008
0.0031585693
0.0048675537
-0.0030822754
0.0060729980
0.0053405762
0.0047760010
-0.0135803223
0.0118713379
0.0046386719
-0.0131683350
-0.0107116699
0.0201416016
-0.0093994141
-0.0048522949
-0.0069580078
0.0008239746
-0.0107116699
0.0148315430
0.0107269287
0.0042419434
-0.0085144043
-0.0002136230
0.0074920654
-0.0030364990
0.0009765625
0.0020599365
0.0049743652
0.0010986328
-0.0024261475
-0.0039520264
0.0093078613
-0.0037689209
-0.0060119629
0.0073699951
-0.0042114258
-0.2977142334
-0.0414123535
-0.2865295410
0.0338439941
-0.0827484131
-0.3241271973
0.3255157471
0.2933349609
0.3587341309
-0.3136291504
-0.0946197510
-0.2980194092
0.1183013916
0.2715759277
-0.0049133301
-0.0970458984
0.0005950928
-0.0050811768
-0.0151977539
0.0072174072
0.0080413818
-0.0023345947
-0.0018463135
-0.0041809082
0.0073089600
-0.0108184814
0.0043029785
0.0094146729
-0.0032501221
0.0008850098
0.0041046143
0.0008850098
0.0015106201
0.0013122559
-0.0073394775
0.0070953369
-0.0064086914
0.0090942383
0.0030670166
0.0067749023
-0.0129241943
0.0084991455
-0.0160369873
0.0120239258
-0.0032043457
-0.0032958984
0.0039367676
0.0013885498
0.0027160645
0.0126647949
-0.0034484863
0.0068359375
0.0131225586
-0.0029907227
0.0085601807
0.0031433105
0.0012054443
-0.0095520020
0.0013732910
-0.0019226074
-0.0031890869
0.0061492920
0.0054321289
0.0083160400
0.0030670166
-0.0055694580
-0.0032501221
-0.0049133301
0.0104675293
0.0048370361
-0.0075378418
-0.0051879883
0.0081787109
-0.0041656494
0.0014495850
-0.0037689209
-0.0039215088
0.0072479248
-0.0019073486
-0.0063323975
-0.0169677734
0.0098266602
0.0089721680
-0.0156250000
0.0101470947
0.0017547607
0.0225830078
-0.0016937256
0.0095520020
-0.0241546631
-0.0117797852
-0.0051269531
-0.0185699463
0.0049133301
-0.0106658936
-0.0009613037
