0.0021209717
0.0050659180
-0.0062713623
-0.0028991699
-0.0041961670
0.0047302246
-0.0019226074
-0.0012664795
-0.0057373047
0.0045471191
-0.0075073242
-0.0050964355
-0.0035552979
0.0028991699
0.0086364746
0.0005493164
0.0003967285
0.0000000000
0.0007476807
0.0000457764
0.0019836426
-0.0001983643
0.0017089844
0.0001220703
-0.0000762939
0.0005645752
-0.0006713867
0.0016021729
-0.0004272461
0.0004577637
-0.0014495850
0.0029602051
0.0048217773
0.0002899170
0.0109405518
0.0034637451
0.0045013428
-0.0004882812
-0.0036163330
-0.0028381348
-0.0035095215
0.0005340576
0.0011291504
-0.0022888184
0.0041961670
-0.0156402588
-0.0061645508
-0.0030059814
0.0053863525
0.0017700195
-0.0019989014
-0.0051574707
-0.0022277832
0.0045166016
0.0062408447
-0.0029602051
0.0038452148
-0.0026245117
0.0059051514
0.0001220703
-0.0038757324
-0.0023040771
0.0041656494
-0.0065002441
-0.0000305176
0.0010681152
-0.0013427734
0.0006866455
-0.0000915527
-0.0018463135
0.0010223389
0.0034027100
0.0021514893
0.0003662109
-0.0033721924
0.0016326904
-0.0027770996
0.0007629395
0.0023956299
-0.0023651123
-0.0021972656
0.0029144287
0.0027923584
-0.0027008057
0.0077362061
0.0029602051
-0.0027160645
-0.0004119873
0.0044708252
0.0003356934
0.0027160645
-0.0063781738
-0.0020904541
0.0033569336
0.0038604736
0.0004425049
-0.0211944580
0.3159332275
0.0046081543
0.2994384766
-0.2664642334
-0.2013244629
0.3360748291
0.3001403809
-0.0345306396
0.1585388184
-0.3524169922
0.0857238770
0.0325927734
-0.3579864502
0.0338592529
-0.3511810303
-0.0100860596
-0.0081176758
-0.0141601562
0.0048980713
-0.0013122559
0.0198364258
-0.0016784668
-0.0013885498
0.0173492432
0.0024261475
-0.0115966797
0.0002746582
-0.0209045410
-0.0018615723
0.0029754639
-0.0049743652
0.0094299316
-0.0119171143
-0.0048370361
0.0018615723
0.0149078369
0.0087127686
-0.0121459961
-0.0104217529
0.0090484619
0.0034484863
-0.0005340576
-0.0064086914
-0.0044860840
0.0028381348
0.0022277832
-0.0111541748
-0.0137786865
0.0041961670
0.0084533691
-0.0079650879
0.0036468506
-0.0015106201
0.0087280273
0.0026550293
-0.0020599365
-0.0018768311
0.0073242188
-0.0001678467
-0.0025482178
0.0111389160
-0.0003204346
0.0010681152
