0.0041809082
0.0009918213
0.0016326904
0.0027618408
0.0036926270
-0.0000152588
0.0089263916
-0.0002746582
0.0009002686
0.0087585449
-0.0031280518
0.0001525879
0.0032043457
0.0050354004
0.0019226074
0.0036773682
-0.0035552979
0.0064392090
-0.0041503906
0.0062103271
-0.0034637451
0.0003509521
0.0156555176
-0.0060119629
-0.0047454834
0.0099334717
-0.0024566650
-0.0049133301
0.0137481689
0.0058593750
-0.0035247803
-0.0088195801
-0.0005187988
0.0146484375
0.0258789062
-0.0172576904
-0.0051879883
0.0122680664
0.0103149414
0.0173645020
0.0250244141
0.0138549805
-0.0321960449
0.0094451904
-0.0014495850
0.0026092529
-0.0145568848
0.0062103271
-0.1939392090
0.2164306641
0.3344879150
-0.2928161621
0.2600555420
-0.1814575195
-0.2355346680
0.1351013184
-0.2286071777
-0.3135833740
-0.2556762695
-0.1269073486
0.1672515869
0.2974090576
-0.1971435547
0.2658843994
0.0018157959
-0.0153045654
0.0033569336
-0.0150756836
-0.0111236572
0.0025329590
-0.0014801025
0.0006256104
0.0054779053
0.0006561279
0.0068969727
-0.0075073242
0.0190429688
0.0019378662
-0.0062103271
0.0060577393
-0.0127410889
0.0132293701
0.0032501221
-0.0084991455
0.0028839111
-0.0022125244
-0.0009918213
-0.0080871582
0.0063476562
0.0083160400
-0.0055236816
0.0030517578
-0.0108489990
-0.0013122559
0.0025024414
-0.0159149170
-0.0078430176
0.0028533936
-0.0006561279
0.0093231201
-0.0000305176
0.0028991699
-0.0008239746
-0.0006713867
-0.0102996826
-0.0036773682
-0.0044555664
0.0075378418
-0.0080413818
0.0052795410
0.0148620605
-0.0001678467
0.0154266357
0.0231475830
-0.0092926025
-0.0163574219
0.0226745605
-0.0135345459
0.0279998779
0.0203247070
-0.0088500977
-0.0130004883
0.0108184814
-0.0300598145
-0.0117340088
0.0255737305
0.0170288086
-0.0245208740
-0.0150146484
0.0142974854
0.0020904541
-0.0090637207
-0.0180511475
-0.0146484375
0.0067291260
0.0075225830
-0.0099639893
-0.0054779053
-0.0114288330
-0.0007019043
-0.0177307129
-0.0048828125
0.0079345703
0.0112457275
-0.0044403076
0.0007476807
0.0086669922
-0.0071868896
0.0157318115
0.0118560791
0.0085144043
0.0016479492
0.0077819824
-0.0061492920
-0.0043487549
-0.0050048828
-0.0063629150
-0.0022583008
0.0040435791
0.0054931641
