-0.2504272461
-0.2965698242
0.2436523438
-0.2577514648
0.2755737305
-0.2357788086
-0.2342529297
0.0906372070
0.1777954102
-0.2922363281
0.3192138672
0.1430664062
-0.2734985352
-0.2802734375
-0.0007324219
0.2762451172
0.0120849609
-0.0051269531
0.0252075195
0.0127563477
-0.0066528320
0.0180053711
-0.0252075195
-0.0109252930
-0.0003662109
-0.0190429688
-0.0066528320
0.0281982422
0.0050659180
0.0011596680
0.0100097656
0.0134277344
-0.1004028320
-0.0964965820
-0.0445556641
-0.0012817383
0.0192871094
-0.0905761719
0.1027221680
-0.0247192383
-0.1058959961
-0.0657958984
-0.0740356445
-0.0128173828
0.0410156250
-0.0075683594
0.0184936523
0.0516357422
-0.1267700195
0.1765136719
0.2878417969
-0.2839965820
0.2001953125
-0.1702880859
-0.1610717773
0.1900634766
-0.1650390625
-0.1440429688
-0.1892700195
-0.1242065430
0.1530761719
0.2022094727
-0.1571044922
0.2008666992
0.0411376953
0.0085449219
0.0314941406
-0.0197143555
0.0585327148
0.0145874023
-0.0172119141
-0.0327758789
-0.0446777344
0.0153808594
-0.0148925781
0.0124511719
-0.0203247070
0.0037231445
0.0456542969
0.0190429688
-0.0252075195
-0.1206054688
0.0774536133
0.0206909180
-0.0696411133
0.1554565430
-0.0844116211
0.0734863281
0.1583862305
-0.0563354492
0.1291503906
-0.1377563477
0.0369873047
0.0970458984
0.1710815430
0.1639404297
0.0381469727
0.0603027344
0.0107421875
0.0402221680
-0.0476684570
-0.0049438477
0.0536499023
0.0619506836
-0.0132446289
-0.0032958984
-0.0214843750
0.0275268555
0.0009155273
-0.0260620117
0.0000000000
-0.0434570312
-0.0251464844
-0.0864868164
0.0642089844
-0.0276489258
-0.0813598633
0.0562744141
-0.1276245117
-0.0650634766
0.0225219727
0.0978393555
-0.0122680664
0.0873413086
0.0704345703
-0.1151123047
-0.0643310547
-0.0755004883
-0.0473022461
0.0321655273
-0.0465087891
0.0225219727
-0.0330200195
-0.0140380859
-0.0059204102
0.0401000977
-0.0795288086
-0.0150146484
0.0068359375
0.0390014648
0.0327758789
-0.0389404297
0.0267944336
0.0428466797
0.1051635742
-0.0343627930
-0.0924682617
0.1534423828
-0.0341186523
-0.1134643555
-0.1132812500
-0.1307983398
-0.1262207031
0.1586914062
-0.1350708008
0.1371459961
0.1442871094
-0.0297241211
0.0366821289
-0.0764160156
