-0.0028686523
0.0003356934
0.0054321289
-0.0000915527
0.0094604492
0.0067749023
-0.0058593750
0.0000000000
-0.0045928955
-0.0050964355
-0.0053405762
0.0036163330
0.0003662109
0.0038452148
-0.0034790039
-0.0013122559
0.0016021729
0.0017089844
-0.0093383789
0.0083770752
-0.0023040771
-0.0032196045
0.0032196045
-0.0079803467
-0.0085449219
0.0080108643
0.0006256104
-0.0044708252
0.0041656494
0.0097808838
0.0013732910
-0.0025024414
-0.0034179688
0.0030517578
0.0017700195
0.0070953369
-0.0051116943
0.0063476562
0.0009765625
0.0065765381
0.0065612793
0.0009918213
-0.0009307861
-0.0038757324
0.0124816895
0.0103302002
-0.0120239258
-0.0002746582
-0.2433013916
0.1990509033
0.3310394287
-0.2665252686
0.3103790283
-0.1868896484
-0.2441101074
0.1514587402
-0.2862854004
-0.2583160400
-0.1878814697
-0.1373291016
0.2216949463
0.2262420654
-0.2040252686
0.2044219971
0.0003662109
-0.0092315674
0.0012512207
0.0040283203
-0.0004730225
-0.0009460449
0.0013275146
0.0013580322
0.0041198730
0.0006256104
0.0019989014
-0.0035705566
0.0019989014
0.0071868896
-0.0036621094
-0.0028533936
-0.0043029785
0.0015716553
0.0054321289
0.0080718994
-0.0005798340
-0.0005645752
0.0068511963
-0.0047302246
0.0134277344
-0.0006408691
-0.0220794678
-0.0169830322
0.0245056152
0.0180053711
-0.0157775879
-0.0126342773
0.0178222656
-0.0007476807
-0.0015869141
-0.0055999756
0.0092010498
-0.0008850098
-0.0076904297
-0.0066680908
0.0081787109
-0.0076293945
0.0028076172
0.0041351318
-0.0022735596
0.0026855469
0.0044555664
-0.0064544678
0.0048065186
0.0089874268
-0.0006866455
-0.0153045654
-0.0049438477
0.0012359619
0.0052795410
-0.0049133301
-0.0001983643
-0.0004272461
0.0121307373
-0.0056457520
0.0051574707
0.0044860840
0.0025177002
-0.0061035156
0.0019989014
-0.0007476807
0.0022125244
-0.0021362305
-0.0002746582
-0.0037536621
-0.0001068115
-0.0041656494
-0.0005340576
-0.0078277588
-0.0025329590
-0.0053710938
-0.0065307617
-0.0069274902
-0.0031127930
0.0025634766
-0.0046234131
-0.0077819824
0.0042419434
0.0013885498
0.0012512207
-0.0010223389
0.0004425049
-0.0038146973
-0.0037841797
0.0052795410
-0.0007629395
-0.0007934570
0.0037841797
-0.0014953613
0.0099639893
0.0016174316
