0.000366210938
0.00634765625
0.0032043457
-0.00263977051
0.0046081543
-0.00848388672
-0.0123596191
0.0148620605
-0.0160827637
-0.0171813965
-0.0182952881
0.00239562988
-0.0118255615
-0.00923156738
-0.0120391846
-0.00379943848
0.00105285645
-0.000793457031
0.00170898438
0.000579833984
-0.00210571289
-0.00016784668
-0.000213623047
-0.000717163086
-0.00152587891
-0.00276184082
0.000610351562
0.00128173828
-0.0023651123
0.00117492676
-0.000701904297
-0.00131225586
-0.0277557373
-0.0186309814
-0.0119781494
0.0371856689
0.0146636963
-0.0178985596
0.00700378418
-0.0043182373
-0.0298919678
-0.0353240967
-0.0146179199
-0.00256347656
0.0196075439
0.0164031982
0.00746154785
0.0192871094
-0.227401733
0.0978393555
0.222824097
-0.173477173
0.259414673
-0.1746521
-0.216064453
0.137161255
-0.316009521
-0.181259155
-0.096206665
-0.109268188
0.0820617676
0.172180176
-0.11505127
0.0948486328
0.0213012695
-0.00852966309
0.0217895508
0.0234680176
-0.0152740479
0.0230102539
-0.0237121582
-0.0210571289
-0.0313110352
0.0320129395
0.0011138916
0.00903320312
0.0147857666
-0.00564575195
-0.0172424316
-0.00218200684
-0.00845336914
-0.0236358643
0.0332336426
0.0409240723
0.0078125
0.01612854
-0.0644073486
-0.00819396973
0.0409851074
-0.0290222168
-0.0285186768
0.00602722168
0.049911499
0.0998382568
-0.024520874
0.0227966309
0.00192260742
0.000473022461
-0.00840759277
-0.00482177734
0.00375366211
-0.00924682617
-0.0022277832
-0.00300598145
0.0071105957
0.00340270996
0.0113067627
-0.00444030762
0.00205993652
0.0105895996
0.00473022461
-0.00080871582
0.0149536133
-0.0109863281
0.0284576416
-0.0181884766
-0.0229492188
-0.0127563477
-0.0234375
-0.0213317871
0.00602722168
0.0253601074
0.0319519043
0.00816345215
0.0291290283
-0.00267028809
-0.0112915039
-0.00134277344
-0.029296875
0.0308380127
0.022064209
-0.0218048096
-0.0384063721
0.0339202881
-0.018157959
0.0214691162
-0.0211029053
-0.035446167
-0.0040435791
0.0104217529
0.0269165039
-0.0480194092
0.0465545654
0.028137207
-0.0594940186
-0.0254821777
-0.0198364258
0.0667572021
-0.000564575195
-0.120986938
-0.0293121338
-0.124603271
-0.145736694
0.103317261
0.0298309326
0.118209839
0.127883911
0.154663086
-0.00152587891
-0.128036499
