-0.0121002197
-0.0048828125
-0.00564575195
-0.014541626
0.0273132324
-0.0026550293
-0.0156555176
0.0146789551
0.0036315918
-0.0134735107
0.00343322754
0.00984191895
-0.00401306152
-0.00570678711
-0.000503540039
0.000503540039
-0.000900268555
-0.00315856934
0.00471496582
-0.00225830078
-0.00328063965
0.000625610352
-0.00131225586
0.00170898438
0.000610351562
-0.00477600098
0.0065612793
-0.000701904297
-0.0102233887
-0.00215148926
0.00323486328
0.00186157227
0.00335693359
0.00373840332
-0.00328063965
0.00495910645
0.00561523438
-0.00358581543
-0.0013885498
0.000854492188
0.0129089355
-0.000534057617
0.000793457031
-0.00527954102
0.00187683105
-0.0082244873
-0.000473022461
0.00756835938
0.00534057617
-0.00337219238
0.00912475586
-0.00202941895
-0.00370788574
-0.00158691406
0.00492858887
0.0110321045
-0.00303649902
0.00886535645
-0.00146484375
0.000747680664
0.0133972168
-0.00256347656
0.00527954102
0.010635376
-0.288589478
-0.231765747
-0.280502319
0.00814819336
-0.106933594
-0.294174194
0.268005371
0.285385132
0.306854248
-0.332290649
-0.161819458
-0.305618286
0.108901978
0.259521484
0.009765625
-0.111907959
0.0130310059
-0.00303649902
-0.00559997559
-0.00291442871
-0.00588989258
-0.00413513184
0.00862121582
-0.00834655762
0.00137329102
-0.00262451172
0.000793457031
-0.00199890137
0.00170898438
-0.00617980957
0.00032043457
-0.00437927246
0.00303649902
-0.00495910645
-0.00791931152
-0.00218200684
-0.00123596191
0.00321960449
0.000732421875
0.00228881836
0.00424194336
1.52587891e-05
-0.00862121582
-0.00173950195
0.00271606445
-0.00215148926
0.0109100342
-6.10351562e-05
0.00668334961
0.0135650635
-0.0101776123
0.0185241699
0.0146484375
-0.00714111328
0.0133972168
0.0110931396
-0.0068359375
-0.0130310059
0.000549316406
-0.00970458984
-0.00982666016
0.00885009766
0.0201568604
0.000396728516
-0.00736999512
-0.00387573242
-0.00526428223
-0.0129394531
0.00263977051
0.00393676758
-0.0107421875
0.0105133057
-0.00596618652
0.00175476074
-0.00399780273
0.0135955811
0.00215148926
-0.00869750977
0.0157775879
-0.00169372559
-0.0278015137
-0.0134735107
0.000427246094
-0.00204467773
0.00344848633
-0.015335083
0.00230407715
-0.00102233887
-0.00785827637
0.000427246094
0.0101470947
0.00364685059
0.00126647949
-0.00134277344
-0.00666809082
-0.00538635254
