0.00732421875
0.00543212891
-0.00492858887
-0.0121765137
0.0094909668
0.00288391113
-0.0110931396
-0.0129852295
0.000732421875
-0.00207519531
0.0152893066
0.00482177734
-0.0107116699
0.0013885498
0.00813293457
-0.00689697266
-0.00259399414
0.00117492676
0.00402832031
-0.00297546387
0.00816345215
0.00424194336
0.00775146484
0.00381469727
0.00434875488
0.00294494629
-0.00157165527
0.00462341309
0.000122070312
-0.00357055664
0.00442504883
0.000289916992
-0.000152587891
0.0122375488
0.00032043457
-0.000503540039
0.0121459961
0.00227355957
0.000793457031
-0.00999450684
0.0132141113
-0.000381469727
0.0165557861
0.00653076172
0.00895690918
0.000244140625
0.000274658203
0.000137329102
0.0016784668
-0.00100708008
0.000289916992
-0.00811767578
3.05175781e-05
0.0061340332
-0.000213623047
4.57763672e-05
0.00695800781
0.000411987305
0.00311279297
-0.000686645508
0.0012512207
-0.00611877441
-0.00744628906
0.0047454834
0.0015411377
-0.00221252441
-0.000473022461
0.00427246094
0.00198364258
0.00361633301
0.000305175781
0.00312805176
-0.00158691406
0.00140380859
0.00596618652
0.00291442871
-1.52587891e-05
-0.00453186035
0.00170898438
0.00048828125
0.00187683105
0.00422668457
0.0183563232
-0.00398254395
-0.000625610352
-0.00224304199
0.00648498535
-0.0137023926
-0.0133209229
0.00671386719
-0.000549316406
-0.011932373
-0.00473022461
-0.00556945801
-0.00378417969
0.000900268555
-0.0131378174
0.00119018555
0.00749206543
-0.00375366211
0.00831604004
-0.00486755371
-0.00331115723
-0.00582885742
-0.00134277344
0.0011138916
0.00276184082
-0.00746154785
0.00115966797
-0.000885009766
-0.00337219238
0.000473022461
0.0150146484
0.0163879395
-0.00736999512
0.0102539062
0.00694274902
0.00112915039
0.0100250244
-0.00198364258
0.000885009766
-0.0047454834
-0.0163269043
-0.0094909668
-0.0172271729
0.00991821289
0.00332641602
0.00518798828
-0.0103759766
-0.000152587891
0.00549316406
-0.00466918945
0.00427246094
-0.0100097656
0.00784301758
0.0132446289
-0.00350952148
-0.0177764893
-0.000671386719
0.0143585205
0.00247192383
-0.00135803223
0.000106811523
-0.00422668457
0.0849304199
0.106079102
-0.266220093
0.237701416
-0.13319397
-0.325302124
-0.250473022
-0.282562256
-0.314147949
0.305007935
0.013092041
0.318237305
0.289016724
-0.00518798828
0.00119018555
-0.303436279
