0.0061340332
0.00128173828
-0.00657653809
0.00540161133
-0.0032043457
0.0106811523
0.00152587891
-0.0111999512
-0.0108795166
0.0090637207
0.00520324707
-0.00520324707
0.00729370117
0.0044708252
-3.05175781e-05
-0.00282287598
0.0110321045
0.00361633301
-0.0263214111
0.026473999
-0.00978088379
-0.00828552246
-0.0214080811
-0.0233306885
-0.0254058838
0.000686645508
-0.00190734863
-0.00511169434
0.0114135742
0.0272216797
0.00721740723
-0.0214233398
-0.00549316406
0.0244750977
-0.00328063965
0.00776672363
-0.00871276855
0.00340270996
0.0117950439
0.0132141113
0.0529174805
0.00839233398
-0.00689697266
-0.00541687012
-0.00128173828
-0.019241333
-0.0225524902
0.021270752
0.0033416748
-0.00311279297
0.0211486816
-0.0286254883
0.0524597168
-0.0178070068
-0.0250854492
0.0172729492
-0.0309753418
-0.0213317871
-0.0382080078
0.00514221191
0.0333709717
0.0252075195
0.00512695312
0.048538208
0.000106811523
-0.0148773193
0.00350952148
0.0134429932
-0.013885498
0.0026550293
-0.00491333008
-0.0030670166
-0.00311279297
-0.00224304199
-0.0072479248
-0.00401306152
0.00303649902
-0.00370788574
0.00736999512
0.00048828125
0.00505065918
0.014831543
-0.0282287598
0.00891113281
0.0172119141
-0.00764465332
0.00965881348
-0.00384521484
-0.00823974609
-0.0032043457
-0.0151672363
0.0233459473
0.00833129883
0.0166778564
-0.0193023682
-0.00224304199
-0.00262451172
-0.0127258301
0.000228881836
-0.0102081299
0.0013885498
0.00704956055
-0.00440979004
-0.00048828125
0.0152587891
-0.0119171143
0.012878418
0.0075378418
0.00401306152
0.0109710693
-0.00228881836
0.0085144043
-0.298904419
-0.283081055
0.120544434
-0.201934814
-0.288772583
0.249725342
-0.264831543
-0.245391846
0.0274200439
0.280914307
-0.17338562
0.264602661
0.211791992
-0.266937256
-0.132751465
-0.222457886
0.00187683105
-0.00205993652
0.00477600098
-0.0179901123
0.00637817383
-0.0143280029
0.00695800781
-0.00122070312
0.0124664307
-0.00770568848
-0.000350952148
-0.00413513184
-0.00314331055
0.0157165527
-0.00511169434
-0.0118560791
-0.00799560547
0.00141906738
-0.00190734863
-0.00262451172
-0.000518798828
-3.05175781e-05
-0.00282287598
0.0100250244
0.00430297852
0.00149536133
0.00802612305
-0.000595092773
-0.000732421875
-0.00666809082
-0.00643920898
-0.00184631348
