-0.249420166
-0.297210693
0.229766846
-0.249801636
0.335205078
-0.274856567
-0.196289062
0.06690979
0.212127686
-0.208709717
0.293762207
0.106201172
-0.265060425
-0.196121216
-0.055267334
0.318710327
-0.00141906738
0.00375366211
-0.00588989258
0.000259399414
-0.00216674805
-0.000625610352
-0.00250244141
0.000778198242
4.57763672e-05
-0.00454711914
0.00619506836
-0.00933837891
0.000671386719
4.57763672e-05
-0.00639343262
-0.00552368164
-0.00476074219
-0.000411987305
0.00402832031
0.000122070312
-0.00907897949
-0.00122070312
0.00149536133
-0.000915527344
0.00212097168
-0.00163269043
-0.00662231445
0.00389099121
0.0020904541
-0.00271606445
-0.00102233887
0.00582885742
-0.00811767578
0.00379943848
-0.0012512207
-0.00344848633
0.00369262695
0.00436401367
-0.00512695312
0.0052947998
-0.000305175781
-0.0112915039
-0.0124969482
-0.00820922852
-0.00137329102
0.0151367188
-0.00926208496
0.0221405029
-0.00444030762
0.00553894043
-0.00192260742
-0.0173034668
0.00177001953
-0.00248718262
-0.000228881836
0.00593566895
-0.0018157959
-0.00492858887
0.017288208
0.000381469727
0.010345459
-0.00512695312
0.0123138428
0.00965881348
0.0016784668
0.00218200684
0.0280456543
-0.018447876
0.00163269043
-0.00444030762
0.000457763672
-0.00849914551
0.0100708008
0.0240783691
-0.0141906738
-0.00323486328
-0.00901794434
0.0064239502
-0.0102081299
-0.0239257812
0.000686645508
0.00685119629
0.0140380859
0.00413513184
0.00164794922
-0.0069732666
-0.00555419922
-0.00646972656
-0.000122070312
0.0100097656
0.0057220459
-0.00836181641
-0.00476074219
0.0041809082
-0.0124816895
0.00517272949
0.00106811523
0.0009765625
-0.00117492676
-0.00119018555
0.0009765625
0.00315856934
0.00164794922
-0.000869750977
-0.00250244141
0.00137329102
0.00491333008
-0.000686645508
-0.00129699707
0.00199890137
4.57763672e-05
0.000961303711
-0.00592041016
0.00994873047
-0.00263977051
0.00965881348
-0.0109863281
0.000228881836
0.00389099121
0.00375366211
-0.00210571289
-0.00343322754
-0.00250244141
-0.00144958496
-0.00778198242
0.00367736816
-0.0110778809
0.00448608398
-0.00161743164
-0.00321960449
-0.00080871582
-0.0022277832
0.00970458984
-0.00389099121
-0.00282287598
-0.00151062012
-0.00477600098
0.00518798828
0.00129699707
0.00268554688
0.00143432617
0.000244140625
0.00346374512
0.000701904297
