-0.00315856934
-0.00274658203
0.00434875488
0.000411987305
7.62939453e-05
0.00315856934
-0.00358581543
-0.0201568604
-0.0151824951
0.00827026367
-0.0177612305
-0.00886535645
-0.0122833252
0.00746154785
0.00141906738
0.00828552246
-0.000930786133
0.00108337402
-0.00352478027
0.000747680664
-0.00578308105
-0.000396728516
0.00207519531
-0.000427246094
-0.0013885498
0.00123596191
0.000930786133
-0.00323486328
0.000747680664
0.00141906738
0.00434875488
-0.000823974609
0.000549316406
-0.00450134277
-0.0106811523
-0.0065612793
0.000366210938
-0.00271606445
-0.00482177734
0.000854492188
0.00671386719
0.000152587891
-0.00140380859
-0.000625610352
0.00399780273
-0.00263977051
-0.00335693359
0.00248718262
0.0267791748
-0.0213470459
0.00378417969
0.0267181396
-0.0174407959
-0.00857543945
0.00253295898
-0.0296020508
0.0176239014
0.0120391846
-0.00241088867
-0.00212097168
0.00230407715
-0.0506744385
0.0292663574
-0.00756835938
-0.000106811523
0.000442504883
0.00184631348
0.00115966797
-0.0111541748
-0.00485229492
-0.0190887451
-0.00297546387
-0.00357055664
-0.005859375
-0.00141906738
0.0123748779
0.00807189941
-0.00650024414
-0.00540161133
-0.00193786621
0.0270233154
-0.0065612793
-0.0188598633
0.000137329102
-0.000259399414
-0.0157318115
0.00192260742
-0.013885498
-0.0112609863
0.00204467773
0.0083770752
0.00650024414
0.0161132812
-0.0167694092
-0.0167388916
-0.00485229492
0.000640869141
-0.00799560547
0.00820922852
0.0069732666
-0.000305175781
0.0266418457
-0.0119934082
-0.00790405273
-0.0149383545
-0.0181274414
0.00674438477
0.0218200684
0.00993347168
0.00421142578
0.00970458984
0.0108642578
0.00239562988
-0.000854492188
0.00622558594
0.00143432617
-0.00659179688
-0.000457763672
-0.00561523438
-0.00202941895
-0.00390625
0.00126647949
-0.00225830078
-0.00563049316
0.00775146484
0.00187683105
-0.00238037109
0.00485229492
-0.380401611
0.258865356
0.0505218506
0.0204772949
-0.293502808
0.0133209229
-0.0989379883
0.390029907
-0.329574585
0.0858459473
0.0872497559
0.38899231
0.0751800537
-0.224014282
0.208984375
0.27406311
0.00219726562
0.00137329102
-0.00407409668
-0.00813293457
0.00395202637
0.0141143799
-0.0048828125
0.0266876221
0.0207214355
-0.00852966309
0.0165100098
-0.0167236328
-0.0165710449
-0.00709533691
-0.014175415
0.0153503418
