0
0
0
0
0
0
0
0
0
0
0
0
0
0
0
0
-32768
-32768
-32768
-32768
-32768
-32768
32768
-32768
-32768
-32768
-32768
-32768
-32768
-32768
-32768
-32768
32768
-32768
-32768
32768
-32768
32768
-32768
-32768
-32768
-32768
-32768
-32768
-32768
-32768
-32768
-32768
0
0
0
0
0
0
0
0
0
0
0
0
0
0
0
0
-32768
-32768
-32768
32768
-32768
-32768
-32768
32768
-32768
-32768
-32768
-32768
-32768
-32768
-32768
-32768
-32768
-32768
-32768
32768
-32768
32768
-32768
-32768
-32768
-32768
32768
-32768
-32768
32768
-32768
-32768
32768
-32768
-32768
32768
-32768
-32768
-32768
-32768
-32768
-32768
-32768
9011.7207
-32768
-32768
32768
-32768
0
0
0
0
0
0
0
0
0
0
0
0
0
0
0
0
32768
-32768
-32768
-32768
32768
-32768
-32768
-32768
-32768
-32768
-32768
-32768
-32768
-32768
-32768
-32768
-32768
-32768
-32768
-32768
-32768
-32768
-32768
-32768
-32768
-32768
-32768
-32768
-32768
-32768
-32768
-32768
