0
0
0
0
0
0
0
0
0
0
0
0
0
0
0
0
0
0
0
0
0
0
0
0
0
0
0
0
0
0
0
0
-32768
32768
-32768
23125.0645
-32768
32768
-32768
32768
-32768
32768
-32768
32768
-32768
923.033081
-32768
-32768
-32768
32768
32768
-32768
-32768
-32768
-32768
-32768
-32768
-32768
-32768
-32768
32768
-32768
-32768
-32768
-32768
-32768
-32768
-32768
-32768
-32768
-32768
-32768
-32768
32768
-32768
-32768
32768
32768
-32768
-32768
-32768
-32768
-32768
-32768
-32768
32768
-32768
32768
-32768
32768
-32768
-32768
-32768
32768
32768
32768
-32768
32768
-32768
-32768
-32768
32768
-32768
32768
-32768
32768
32768
32768
-32768
32768
-32768
32768
-32768
23210.6582
-32768
11468.4834
32768
32768
32768
15154.8105
32768
16921.3164
-32768
9591.20312
-32768
14958.8467
-10517.2217
32768
-32768
9233.49707
32768
32768
32768
32768
32768
32768
32768
32768
32768
32768
-32768
32768
32768
32768
0
0
0
0
0
0
0
0
0
0
0
0
0
0
0
0
