0.0657653809
0.0735473633
-0.0764465332
0.052230835
-0.161346436
0.132675171
0.0572662354
-0.0420837402
-0.0798034668
0.112747192
-0.0599975586
-0.0895843506
0.0288696289
0.0222930908
0.0150909424
-0.032409668
0.0511169434
-0.0626373291
-0.0802612305
0.07862854
-0.102798462
-0.0538024902
0.0199279785
-0.0727996826
-0.0832061768
0.00645446777
0.0630950928
-0.0388183594
-0.0552520752
0.0844573975
0.0476837158
-0.0541687012
-0.0556182861
0.106552124
-0.0892791748
-0.083694458
0.120101929
-0.0690307617
0.080291748
-0.125976562
0.0368499756
-0.0890655518
0.0616607666
-0.121688843
0.1146698
0.00241088867
-0.0184936523
0.108932495
-0.0171051025
0.0142974854
0.0304718018
0.013092041
0.017288208
0.0311431885
0.00564575195
0.0321655273
-0.00373840332
0.0100860596
0.0323638916
0.00366210938
-0.0100860596
-0.0269622803
-0.0109405518
-0.00180053711
0.096206665
0.0517425537
0.122116089
-0.0699462891
-0.0609741211
0.112304688
-0.107788086
-0.131027222
-0.0700683594
0.0941619873
0.00952148438
0.0782318115
-0.0687713623
-0.0589294434
0.0472412109
0.092880249
0.0864715576
0.0675506592
-0.0375823975
-0.128585815
0.0737915039
-0.0389404297
0.0576782227
-0.106994629
-0.0619354248
0.0650939941
-0.106445312
0.0464477539
0.0165100098
-0.253372192
-0.0339508057
-0.161941528
0.250869751
-0.0812072754
0.0444030762
-0.157012939
0.0732269287
0.0866241455
-0.159286499
-0.120025635
0.128448486
-0.0361785889
0.223724365
-0.178863525
0.0585784912
0.132476807
-0.25567627
0.113525391
-0.0384063721
-0.0173187256
-0.00317382812
0.0412750244
0.0386047363
-0.0159606934
0.0155029297
0.0353240967
-0.0399627686
-0.0277404785
0.0423126221
0.0149688721
-0.00108337402
-0.00856018066
-0.0614318848
0.0109710693
-0.251083374
0.0936279297
-0.106613159
-0.144134521
-0.165603638
-0.108032227
0.154525757
0.265930176
-0.230041504
-0.168243408
-0.0830535889
0.290374756
-0.0563201904
-0.125442505
0.0308380127
0.119812012
0.0331268311
0.140045166
-0.023147583
-0.0216217041
-0.0664672852
0.0155944824
0.0297088623
-0.036819458
0.00956726074
-0.0347900391
0.00782775879
0.00680541992
-0.0398864746
0.0319519043
-0.0335235596
-0.00523376465
