0
0
0
0
0
0
0
0
0
0
0
0
0
0
0
0
-32768
-32768
32768
-32768
-32768
-32768
-32768
-32768
-32768
-32768
-32768
-32768
-32768
-32768
-32768
-32768
-32768
-32768
32768
32768
-32768
-13072.1885
-32768
32768
-32768
32768
-32768
32768
-32768
-32768
32768
32768
-32768
-32768
-32768
32768
-32768
-32768
-32768
32768
-32768
-32768
-32768
-32768
-32768
32768
-32768
-32768
-32768
32768
-32768
-32768
-32768
32768
-32768
-32768
-32768
-32768
-32768
-32768
-32768
32768
-32768
-32768
-32768
32768
-32768
-32768
-32768
32768
-32768
-32768
-32768
32768
-32768
32768
-32768
-32768
32768
32768
-32768
32768
-32768
32768
-32768
32768
-32768
-32768
-32768
32768
-32768
32768
-32768
32768
-32768
32768
0
0
0
0
0
0
0
0
0
0
0
0
0
0
0
0
0
0
0
0
0
0
0
0
0
0
0
0
0
0
0
0
0
0
0
0
0
0
0
0
0
0
0
0
0
0
0
0
