0.0788421631
0.074005127
-0.101379395
0.104797363
-0.185928345
0.108810425
0.101531982
0.00204467773
-0.0491638184
0.160339355
-0.0625
-0.101089478
0.0866851807
0.0820770264
-0.0055847168
-0.0635986328
0.163619995
-0.18649292
-0.146942139
0.20362854
-0.096862793
-0.157836914
0.0693511963
-0.196395874
-0.218566895
0.0141296387
0.036819458
-0.119476318
-0.13848877
0.220611572
0.0987243652
-0.056640625
-0.0367431641
0.121017456
-0.0446929932
-0.0328063965
0.10093689
-0.0534973145
0.0419921875
-0.144332886
0.0683135986
-0.0824584961
0.125305176
-0.0765838623
0.151153564
-0.0218811035
-0.0390014648
0.0958099365
-0.0388946533
0.00465393066
-0.00534057617
0.169891357
-0.030166626
0.0579071045
0.0707855225
0.0586547852
0.0542297363
0.121704102
0.0753631592
0.0458068848
-0.0064239502
-0.0779266357
0.00546264648
-0.049407959
0.0255279541
0.0643463135
0.0454711914
-0.023727417
0.00419616699
0.0260162354
-0.0176544189
-0.040725708
0.00500488281
0.0212554932
0.0224761963
0.0381164551
-0.052947998
0.000366210938
0.0500640869
0.0576934814
0.0766143799
0.139862061
0.0341491699
-0.172286987
0.0757751465
-0.0375366211
0.0422363281
-0.130584717
-0.0866088867
0.136505127
-0.153244019
0.0736083984
-0.0260925293
-0.155670166
-0.0847015381
-0.127853394
0.206970215
-0.0158996582
-0.0154876709
-0.112442017
0.0279998779
0.00955200195
-0.0881958008
-0.052154541
0.142745972
0.0263671875
0.158615112
-0.152450562
0.0572662354
0.0913543701
-0.242446899
0.0489196777
-0.00836181641
0.005859375
0.00592041016
0.0131378174
0.0489654541
-0.0306243896
0.0234527588
0.0337982178
-0.0408630371
-0.0307159424
0.00807189941
0.0104827881
-0.00354003906
0.00268554688
-0.0550537109
0.0374145508
-0.246520996
0.112075806
0.0147247314
-0.051651001
-0.17918396
-0.0381011963
0.0964660645
0.291290283
-0.254440308
-0.0819702148
0.0481719971
0.290328979
-0.0117797852
-0.202377319
0.0624237061
0.181793213
-0.0690612793
0.233474731
-0.0143890381
-0.104446411
-0.115066528
0.0119171143
0.111328125
-0.0200958252
0.0213470459
-0.0987091064
0.101837158
-0.00834655762
-0.103713989
0.0317077637
-0.126525879
0.000869750977
