0.146255493
0.12953186
-0.0907440186
0.119720459
-0.179870605
0.02394104
0.11088562
0.00810241699
-0.0761108398
0.0896759033
-0.133026123
-0.0115203857
0.118835449
0.140945435
-0.0357208252
-0.133255005
-0.0712432861
0.101867676
0.0178985596
-0.0572509766
-0.00843811035
0.0665130615
-0.0765838623
0.0521392822
0.0652008057
0.0483093262
-0.0157623291
0.0502624512
0.0968933105
-0.0572814941
0.000198364258
-0.0114135742
0.031539917
0.0142364502
0.020111084
0.00607299805
-0.0565338135
0.0215911865
-0.0201416016
0.00500488281
0.0102081299
0.0259094238
-0.0105895996
0.00399780273
-0.0103149414
-0.0334777832
-0.0187988281
-0.015335083
-0.0335693359
0.0213928223
0.08644104
-0.019821167
-0.00204467773
-0.0742492676
-0.0107421875
0.0127105713
0.00199890137
-0.0189056396
-0.0654296875
-0.0386657715
0.0650482178
0.00889587402
-0.0254974365
0.0337982178
0.135467529
0.117599487
0.0972137451
-0.0055847168
0.211853027
0.109664917
-0.0639343262
-0.116455078
-0.0825958252
0.110244751
0.0580291748
0.16116333
-0.0921783447
-0.162002563
0.0744476318
-0.00202941895
-0.0602264404
-0.136154175
-0.00430297852
0.137908936
-0.0896911621
0.106292725
-0.0135650635
0.143707275
0.135055542
-0.0509643555
0.0941619873
-0.0360107422
0.113327026
0.118438721
0.144378662
0.183319092
-0.0339202881
0.021270752
0.0521087646
0.00863647461
-0.024520874
-0.0308990479
0.0482788086
0.0378417969
0.00964355469
0.0029296875
-0.0205993652
-0.0382843018
0.0225524902
-0.0290985107
-0.00344848633
-0.0430755615
-0.00407409668
0.0092010498
-0.0241088867
-0.0180511475
0.0511322021
-0.0509490967
0.0263977051
0.0609130859
-0.0413665771
-0.0131072998
-0.0123596191
-0.0145568848
-0.0460968018
0.00735473633
-0.00158691406
-0.04246521
-0.0326385498
0.051940918
-0.00968933105
0.000274658203
-0.0335388184
-0.0301818848
-0.00790405273
0.0294036865
-0.0308074951
0.0136108398
0.0027923584
0.0205993652
-0.00759887695
0.00248718262
-0.0538024902
0.0310668945
0.0272521973
0.0596008301
-0.0921478271
0.068145752
-0.0674591064
-0.0824127197
-0.0429840088
-0.0855712891
-0.0552825928
0.0438842773
0.00883483887
0.0852661133
0.0475463867
-0.0316314697
-0.00131225586
-0.0919342041
