0.0595703125
0.0723266602
-0.075378418
0.105606079
-0.152755737
0.111312866
0.113967896
-0.0453491211
-0.0216674805
0.146316528
-0.0898284912
-0.107879639
0.112365723
0.0989074707
0.00184631348
-0.0818481445
0.19140625
-0.167755127
-0.231964111
0.26789856
-0.121322632
-0.192687988
0.0764160156
-0.253356934
-0.275466919
0.0046081543
0.00434875488
-0.198638916
-0.0675811768
0.273391724
0.0161437988
-0.106796265
-0.0240936279
0.134338379
-0.0687255859
-0.0460357666
0.129623413
-0.0463409424
0.0411071777
-0.18258667
0.0778045654
-0.063949585
0.0870819092
-0.052154541
0.153289795
0.00686645508
0.02784729
0.0842895508
-0.0419006348
0.0150756836
0.0546569824
0.0522918701
0.00604248047
-0.0118103027
-0.0104675293
0.0609741211
-0.012588501
0.0146331787
-0.0183563232
-0.00471496582
-0.00987243652
-0.0327758789
-0.0429992676
0.0165863037
0.037399292
0.027130127
0.0623779297
0.0367584229
-0.0949859619
0.0407409668
-0.0277709961
-0.0604553223
0.00506591797
0.0409393311
-0.025970459
0.0180511475
-0.012512207
-0.00323486328
0.0157165527
0.0294799805
-0.034942627
0.0423278809
0.0368804932
-0.0540466309
-0.0112304688
0.0789794922
-0.057434082
-0.0533294678
0.0273284912
-0.000625610352
-0.0243835449
0.0166473389
0.0965576172
-0.0987548828
0.0514831543
0.0676727295
0.214309692
-0.0753936768
0.100860596
-0.139022827
0.0453796387
0.0917358398
-0.116119385
-0.0801849365
0.166152954
-0.0499420166
0.182403564
-0.156814575
0.0712738037
0.11164856
-0.290466309
0.0946960449
-0.0813751221
-0.0501708984
0.0592041016
-0.00708007812
0.0461120605
-0.0164337158
-0.0135192871
0.0443878174
-0.0763702393
-0.0380554199
0.017868042
0.086730957
0.0409240723
-0.0693359375
-0.146728516
0.0388336182
-0.217300415
0.0333251953
-0.110656738
-0.1277771
-0.1171875
-0.0678100586
0.172668457
0.253128052
-0.223892212
-0.167678833
-0.0890350342
0.288513184
-0.124481201
-0.131393433
-0.00231933594
0.101272583
0.024307251
0.13381958
0.00454711914
-0.032409668
-0.0747375488
0.0440826416
0.0526275635
0.00871276855
0.0545959473
-0.0692596436
-0.0149383545
-0.031829834
-0.0617828369
-0.0059967041
-0.0137176514
0.0254516602
