0.154022217
0.155471802
-0.0997161865
0.135147095
-0.148834229
0.0359344482
0.13269043
0.0689086914
-0.0550384521
0.100982666
-0.154129028
0.0475616455
0.147506714
0.153289795
-0.00122070312
-0.165512085
-0.0009765625
0.0164337158
-0.0128936768
0.0160522461
0.0144042969
0.00619506836
-0.0364227295
-0.0140686035
-0.0118865967
0.0154876709
-0.00686645508
0.0121612549
0.0302886963
0.0192871094
0.0062713623
-0.0199584961
0.0200500488
-0.00563049316
0.019821167
0.00643920898
-0.090927124
0.00535583496
-0.0267028809
0.0107421875
-0.00947570801
-0.0106506348
-0.032119751
0.0171203613
-0.00955200195
-0.0756072998
-0.0423278809
0.0044708252
-0.0734405518
0.103378296
0.222763062
-0.107070923
0.0624237061
-0.198898315
-0.102157593
0.0870056152
-0.0615844727
-0.0652313232
-0.154388428
-0.151367188
0.168304443
0.0510406494
-0.15296936
0.11946106
0.00759887695
0.0141143799
0.00653076172
-0.0175323486
0.0394592285
-0.00117492676
0.0121765137
-0.0144805908
-0.00285339355
0.013885498
0.00607299805
-0.000701904297
0.0136108398
-0.00552368164
0.00628662109
-0.0485076904
-0.112228394
-0.212875366
0.086517334
0.179534912
-0.136962891
0.230728149
-0.102645874
0.256896973
0.242111206
-0.14012146
0.163864136
-0.0882110596
0.174209595
0.201049805
0.218826294
0.321014404
-0.053604126
-0.00695800781
0.0461273193
-0.00686645508
-0.0159912109
-0.0253601074
0.0445861816
0.0249176025
0.00123596191
0.00842285156
-0.0171356201
-0.0103912354
-0.0145721436
-0.0123748779
0.0118103027
-0.0215759277
0.0120391846
0.0542297363
-0.0907287598
0.0517578125
0.139953613
-0.098526001
0.0959014893
0.157791138
-0.0159912109
-0.0919189453
-0.012878418
-0.0669250488
-0.135955811
0.0574645996
0.0502166748
-0.0207672119
0.024230957
0.0343475342
0.0310821533
0.101272583
0.0202484131
0.0341644287
-0.112487793
-0.0210418701
0.0128936768
0.129150391
0.119171143
-0.0249328613
0.0421295166
0.0121459961
-0.0666351318
0.0157775879
-0.034942627
0.0437011719
-0.0178985596
-0.014831543
-0.030670166
-0.0154266357
0.0316772461
-0.0314788818
-0.0065612793
-0.0125274658
0.0511779785
0.0207824707
-0.0187225342
0.00857543945
-0.00477600098
-0.0182037354
