-32768
32768
32768
28162.082
-32768
-12274.8965
32768
32768
32768
32768
32768
32768
-32768
-32768
32768
21236.3906
-32768
32768
-32768
32768
-32768
32768
-32768
32768
-32768
32768
-32768
32768
32768
32768
-32768
-32768
-32768
32768
32768
25318.4805
-32768
32768
-32768
32768
-32768
32768
-32768
32768
32768
32768
-32768
32768
32768
-32768
-32768
-32768
-32768
-32768
32768
19980.4199
-32768
-32768
-32768
25275.9082
-32768
-32768
-32768
-32768
32768
32768
-32768
32768
-32768
-32768
-32768
-32768
-32768
-32768
32768
32768
-32768
32768
32768
-32768
-32768
32768
-32768
-32768
-32768
-32768
32768
-32768
-32768
32768
32768
32768
-32768
-32768
-32768
32768
0
0
0
0
0
0
0
0
0
0
0
0
0
0
0
0
0
0
0
0
0
0
0
0
0
0
0
0
0
0
0
0
0
0
0
0
0
0
0
0
0
0
0
0
0
0
0
0
-32768
32768
32768
32768
32768
32768
32768
-20962.4199
32768
32768
32768
-20257.9766
32768
32768
-32768
32768
