0.15071106
0.110656738
-0.0611114502
0.127624512
-0.16116333
0.00650024414
0.112335205
0.0282440186
-0.0541687012
0.0923156738
-0.107147217
0.0152282715
0.119567871
0.146514893
-0.0493011475
-0.126922607
-0.0254821777
0.028793335
0.0197906494
-0.017288208
-0.00215148926
0.0272827148
-0.0392150879
0.0170898438
0.0198669434
0.0124511719
-0.00506591797
0.03175354
0.0332946777
-0.0155487061
-0.00933837891
0.00302124023
-0.00773620605
0.0269165039
-0.0195159912
0.0162506104
-0.064453125
-0.00144958496
0.0162811279
3.05175781e-05
0.00576782227
-0.00875854492
-0.0317382812
-0.0200195312
0.00952148438
-0.0362854004
-0.040512085
0.0388793945
-0.026260376
0.161224365
0.238296509
-0.210021973
0.10319519
-0.251419067
-0.124755859
0.0319061279
-0.116134644
-0.165542603
-0.207199097
-0.14956665
0.151947021
0.151565552
-0.153518677
0.154144287
0.105880737
0.0686035156
0.102233887
-0.0126190186
0.0770874023
0.0937042236
-0.0892486572
-0.124633789
-0.0981445312
0.0965118408
0.0533447266
0.101486206
-0.0493621826
-0.0991210938
0.026184082
0.00480651855
-0.00483703613
-0.0485687256
-0.100128174
0.0738220215
-0.0120391846
0.0370025635
0.0189971924
0.132827759
0.0188446045
-0.0231323242
0.0371551514
0.0542297363
0.0231323242
0.0686187744
0.0412445068
0.122467041
-0.0765838623
0.0406036377
0.0745239258
0.045501709
-0.0561676025
-0.0624847412
0.107177734
0.0811157227
-0.020614624
-0.00379943848
-0.0609588623
-0.0304412842
0.00942993164
-0.0715484619
0.0245361328
-0.0803527832
-0.0241394043
-0.00346374512
-0.0209350586
-0.029876709
0.0106048584
0.00651550293
0.00352478027
0.0328369141
-0.0111999512
-0.00704956055
-0.018157959
-0.0108032227
-0.0220947266
0.000335693359
0.0184936523
-0.0252685547
0.105255127
-0.0248565674
-0.0274963379
0.0228881836
0.0787200928
-0.0354614258
0.030166626
-0.111968994
0.098236084
0.0660858154
0.011138916
-0.111221313
-4.57763672e-05
0.121383667
-0.117721558
-0.0685882568
-0.0250549316
0.0599365234
-0.102813721
0.0355987549
-0.0283813477
-0.111862183
-0.0183105469
-0.0990142822
-0.0684204102
0.049407959
0.0570831299
0.118164062
0.0363922119
-0.0701293945
-0.0174255371
-0.113098145
