-32768
32768
32768
32768
-32768
32768
-32768
32768
-32768
32768
32768
32768
-32768
32768
32768
-32768
32768
-32768
32768
-20788.6777
-32768
32768
13231.2842
-32768
-32768
19162.043
-32768
-32706.123
-32768
-32768
-32768
-32768
32768
32768
-32768
32768
-32768
32768
-32768
32768
-32768
32768
-32768
32768
-32768
32768
-32768
32768
-32768
-32768
-32768
32768
-32768
32768
-32768
32768
-32768
-32768
-32768
32768
-32768
32768
32768
-32768
-32768
-32768
-32768
-32768
-32768
-32768
-32768
32768
-32768
-32768
-32768
-32768
-32768
-32768
-32768
-32768
0
0
0
0
0
0
0
0
0
0
0
0
0
0
0
0
0
0
0
0
0
0
0
0
0
0
0
0
0
0
0
0
-32768
32768
-32768
32768
-32768
32768
-32768
32768
32768
32768
-32768
32768
-32768
32768
32768
32768
-32768
32768
32768
32768
-32768
32768
32768
32768
32768
32768
32768
32768
32768
-6723.22852
32768
32768
0
0
0
0
0
0
0
0
0
0
0
0
0
0
0
0
