0.185958862
0.194793701
-0.171295166
0.158203125
-0.218322754
0.0599517822
0.156066895
-0.0217895508
-0.128646851
0.158752441
-0.197677612
-0.0689239502
0.193237305
0.177337646
-0.0465698242
-0.198013306
-0.0799407959
0.140136719
-0.00521850586
-0.0704803467
-0.0247955322
0.0769348145
-0.069442749
0.0687561035
0.0832061768
0.0695343018
-0.0757904053
0.0702972412
0.187332153
-0.073348999
-0.0254974365
-0.0458374023
0.0112915039
-0.0363769531
0.0356903076
-0.0102844238
-0.0785064697
-0.000427246094
-0.00904846191
0.0187835693
-0.0449676514
0.00294494629
-0.0281066895
-0.00848388672
-0.00859069824
-0.0477600098
-0.0381011963
-0.0179595947
-0.0419921875
0.0796051025
0.181442261
-0.148086548
0.0321960449
-0.195770264
-0.0988311768
-0.0104064941
-0.081237793
-0.101211548
-0.118026733
-0.128997803
0.08543396
0.0522918701
-0.090927124
0.0679779053
0.057510376
0.109558105
0.0383758545
-0.0372314453
0.143035889
0.0394592285
-0.00202941895
-0.037979126
-0.0361328125
0.0637969971
0.0256958008
0.0887756348
-0.0503540039
-0.0753936768
0.00276184082
-0.038848877
-0.0803527832
-0.211517334
-0.137023926
0.212127686
-0.0565185547
0.169631958
0.00671386719
0.291381836
0.177734375
-0.141799927
0.117385864
-0.0250549316
0.203063965
0.057800293
0.19317627
0.224258423
-0.0286254883
0.00708007812
0.0682830811
0.00709533691
-0.032989502
-0.0214538574
0.0662841797
0.0587768555
-0.0111694336
-0.00959777832
-0.0325622559
-0.0101623535
0.0131378174
-0.0392913818
0.00479125977
-0.0547332764
-0.00859069824
0.0214233398
-0.0245819092
-0.0174713135
0.0792694092
-0.0528869629
0.0389709473
0.0705566406
-0.0280456543
-0.022857666
0.0224456787
-0.00378417969
-0.0416412354
0.0061340332
0.0248260498
-0.0463562012
-0.00109863281
0.0286407471
-0.00968933105
0.00836181641
0.00314331055
-0.0228271484
0.0030670166
-0.016494751
0.0217437744
0.00888061523
-0.00408935547
-0.021987915
-0.00559997559
0.0610198975
-0.0515594482
-0.0151367188
0.029083252
0.0645446777
-0.0733795166
0.0550079346
-0.0476531982
-0.058013916
-0.029510498
-0.0816802979
-0.0360870361
0.0269470215
-0.0250549316
0.0755157471
0.038269043
-0.0163116455
-0.0286407471
-0.090713501
