-32768
-32768
32768
-32768
32768
-32768
-32768
-32768
32768
-32768
-32768
-32768
-32768
-32768
-32768
-32768
-32768
-32768
-32768
-32768
32768
-32768
32768
-32768
-32768
-32768
-32768
-32768
-15271.4883
-32768
-32768
-32768
-32768
32768
-32768
-32768
-32768
-32768
-32768
-32768
-32768
-32768
-32768
-32768
-32768
-32768
-32768
-32768
-32768
-32768
-32768
-32768
-32768
-32768
-32768
32768
32768
32768
-32768
-32768
-32768
32768
-32768
-32768
-32768
-32768
-32768
-32768
-32768
32768
-32768
-32768
32768
-32768
-32768
-32768
-32768
32768
-32768
-32768
-32768
32768
-32768
-32768
-32768
-32768
-32768
-32768
-32768
-32768
-32768
32768
-32768
32768
-32768
-32768
-32768
-32768
-32768
32768
-32768
32768
-32768
32768
-32768
32768
-32768
32768
-32768
32768
32768
32768
0
0
0
0
0
0
0
0
0
0
0
0
0
0
0
0
-32768
-32768
-32768
-32768
32768
-32768
-32768
-32768
-32768
-32768
-32768
-32768
-32768
-32768
-32768
-32768
0
0
0
0
0
0
0
0
0
0
0
0
0
0
0
0
