0.148696899
0.169006348
-0.165206909
0.163925171
-0.198730469
0.0653381348
0.172424316
0.0655975342
-0.0578155518
0.151443481
-0.159332275
-0.020904541
0.217559814
0.162094116
0.00653076172
-0.188980103
-0.115661621
0.18371582
-0.0211029053
-0.117523193
-0.0461883545
0.106781006
-0.0992736816
0.115783691
0.126846313
0.0518798828
-0.0453033447
0.0529785156
0.199356079
-0.124816895
-0.0475616455
-0.0526733398
0.0351409912
-0.0150299072
0.0494537354
0.0108795166
-0.0584259033
0.0201721191
-0.0114440918
0.0128479004
0.005859375
0.030670166
0.0595245361
0.00390625
-0.0085144043
-0.0387573242
-0.0139465332
-0.03956604
0.0581054688
0.0173950195
-0.00315856934
0.00343322754
-0.0769042969
-0.0652313232
0.0275268555
-0.0777130127
0.0314331055
0.040725708
0.0179443359
-0.0320739746
0.0335845947
-0.0559997559
-0.0172576904
-0.0361785889
0.0514984131
0.0156860352
0.0285644531
0.033203125
0.063949585
0.0381011963
-0.0199737549
-0.0485992432
-0.0357513428
0.0338287354
-0.005859375
0.0520172119
-0.0103912354
-0.0722045898
-0.00126647949
-0.0515289307
-0.0795593262
-0.158096313
0.0394592285
0.183166504
0.0250549316
0.178268433
-0.018951416
0.202041626
0.137802124
-0.0293273926
0.134963989
-0.0834503174
0.134613037
0.101013184
0.20765686
0.283187866
-0.0623931885
0.0301361084
0.107147217
-0.000335693359
-0.0631713867
-0.0389556885
0.0922851562
0.0923614502
0.0374603271
0.0395355225
-0.0473480225
0.0338745117
0.0471496582
-0.0458831787
-0.0605163574
-0.0855865479
-0.00932312012
-0.0135955811
-0.0129089355
0.000671386719
0.0397033691
-0.00978088379
0.0107879639
0.0236206055
-0.00988769531
0.0036315918
0.0256500244
0.0209655762
-0.0383453369
-0.0130004883
-0.00233459473
-0.0281219482
0.00720214844
0.0317840576
-0.0166473389
0.0372619629
0.00636291504
-0.0216827393
0.0029296875
-0.0134887695
0.0136260986
0.0166931152
0.0270996094
-0.0155944824
0.0341339111
0.064743042
-0.0935058594
-0.0104675293
0.00436401367
0.0690307617
-0.0162811279
0.000350952148
-0.0446777344
-0.000137329102
0.00814819336
-0.00973510742
0.00347900391
-0.0126800537
0.0177459717
0.00234985352
-0.0117797852
0.0292358398
-0.0632324219
-0.00489807129
