0.17678833
0.168029785
-0.0958099365
0.169036865
-0.16204834
0.04347229
0.134643555
0.0833129883
-0.0879058838
0.126083374
-0.158035278
-0.005859375
0.145431519
0.169540405
-0.0266265869
-0.178421021
-0.0107574463
0.0453796387
-0.0255432129
0.0116424561
-0.00207519531
0.0130462646
-0.0406799316
-0.0105133057
-0.00941467285
0.0482635498
-0.0503997803
0.0156860352
0.0777587891
0.0146331787
0.00605773926
-0.0145111084
0.0790100098
0.0444641113
0.0394897461
-0.0147857666
-0.0697784424
0.0567169189
-0.0729217529
-0.00854492188
0.0579833984
0.0546417236
-0.0071105957
0.0170593262
0.00105285645
-0.0308227539
-0.044708252
-0.0467834473
0.00161743164
0.10534668
0.146331787
-0.0874786377
-0.0016784668
-0.125396729
-0.0295257568
-0.0312042236
0.0118103027
-0.0576934814
-0.0671386719
-0.0785827637
0.0900268555
0.0262756348
-0.0950164795
0.035369873
0.0291748047
0.0320281982
0.00605773926
-0.0100097656
0.0595550537
0.0247955322
0.00500488281
-0.0239715576
-0.0128479004
0.02684021
0.0363922119
0.0254974365
-0.0011138916
-0.050567627
-0.0115966797
-0.0383148193
-0.144546509
-0.21081543
0.0862731934
0.182830811
-0.209671021
0.266433716
-0.149139404
0.235031128
0.266616821
-0.0965576172
0.23046875
-0.157745361
0.155166626
0.237991333
0.294952393
0.412506104
-0.0370635986
0.0294036865
0.029800415
0.0342712402
-0.042388916
-0.063583374
0.0801544189
0.0608825684
-0.0149688721
0.0251464844
-0.0605010986
-0.0206298828
-0.00135803223
-0.0493927002
0.0243988037
-0.0583190918
0.0263977051
0.0548858643
-0.058807373
0.0188293457
0.11579895
-0.101638794
0.0811004639
0.142425537
-0.048034668
-0.0625305176
-0.00894165039
-0.0977020264
-0.11026001
0.0743103027
0.0357971191
-0.0527191162
0.0139312744
0.0288543701
-0.00830078125
0.00662231445
-0.0136871338
-0.0309295654
-0.00184631348
-0.0136108398
0.000961303711
0.0171508789
0.0147247314
-0.0186920166
0.00120544434
0.0110473633
-0.0672607422
0.0197601318
0.00555419922
0.0584564209
-0.0378570557
0.02684021
-0.052230835
-0.023651123
-0.0195770264
-0.031036377
-0.0226287842
0.0305786133
0.024307251
0.0287475586
0.0228881836
-0.0186309814
-0.00653076172
-0.0228881836
