-32768
-32768
32768
-32768
32768
-32768
-32768
-32768
32768
-32768
-32768
-32768
32768
-32768
-32768
-32768
0
0
0
0
0
0
0
0
0
0
0
0
0
0
0
0
32768
32768
-32768
21015.0098
-32768
32768
-32768
32768
-32768
7543.97363
32768
-6203.06152
-32768
-32768
-32768
-32768
-32768
-32768
-32768
32768
-32768
-32768
-32768
32768
-32768
-32768
32768
-32768
-32768
-32768
-32768
-32768
-32768
32768
-32768
-32768
-32768
-32768
-32768
-32768
-32768
-32768
-32768
-32768
32768
-32768
-32768
-32768
32768
32768
-32768
32768
-32768
32768
-32768
32768
-32768
32768
32768
-32768
-32768
-32768
-32768
32768
-32768
32768
-32768
32768
-32768
32768
-32768
32768
-32768
32768
32768
-32768
-32768
32768
-32768
32768
-32768
32768
32768
32768
-32768
32768
-32768
32768
-32768
32768
32768
32768
-32768
32768
-32768
32768
0
0
0
0
0
0
0
0
0
0
0
0
0
0
0
0
-32768
32768
32768
32768
32768
32768
32768
32768
32768
32768
32768
32768
32768
32768
32768
32768
