0.195220947
0.210189819
-0.130722046
0.162948608
-0.213027954
0.0603027344
0.129486084
-0.00268554688
-0.125671387
0.124298096
-0.236572266
-0.0511474609
0.146194458
0.191116333
-0.0872344971
-0.216125488
-0.0670776367
0.120758057
-0.00360107422
-0.0405883789
0.00437927246
0.0639953613
-0.0916900635
0.0370178223
0.0519866943
0.0524597168
-0.0543060303
0.0723266602
0.13520813
-0.0435028076
0.00357055664
-0.0257263184
-0.00288391113
0.010055542
-0.00439453125
0.00433349609
-0.0135650635
-0.00569152832
0.00668334961
-0.00636291504
-0.0227661133
-0.00436401367
-0.0126953125
-0.0124359131
0.000503540039
-0.0110931396
-0.00177001953
0.00984191895
-0.0258331299
0.0450592041
0.118942261
-0.0343170166
0.0277557373
-0.0990142822
-0.0463562012
0.055267334
-0.0252075195
-0.0165863037
-0.0684967041
-0.0344696045
0.0821380615
0.031829834
-0.0339508057
0.0446166992
0.032409668
0.032409668
0.0122375488
-0.0118408203
0.0916290283
0.0233001709
0.0223999023
-0.0106964111
0.00733947754
0.0318908691
0.00614929199
0.0292510986
-0.011505127
-0.0398406982
0
-0.0419769287
-0.123626709
-0.201660156
-0.0375823975
0.188766479
-0.120330811
0.158691406
-0.0498657227
0.251785278
0.207870483
-0.129135132
0.143966675
-0.108322144
0.172103882
0.13432312
0.194885254
0.211868286
-0.0267944336
0.0362701416
0.0442199707
0.0305480957
-0.0355529785
-0.0688323975
0.0654449463
0.0495147705
-0.00895690918
0.00894165039
-0.0443267822
-0.0443115234
0.0489044189
-0.0709533691
-0.00122070312
-0.0597839355
-0.0172271729
-0.00593566895
-0.0154418945
-0.0183258057
0.0359649658
-0.0309143066
0.0141143799
0.0377349854
-0.0101318359
0.00610351562
-0.0135650635
-0.00184631348
-0.035736084
-0.00300598145
-0.0187683105
-0.0608062744
0.0087890625
0.0287628174
-0.000946044922
0.00198364258
0.00428771973
-0.030960083
-4.57763672e-05
-0.0302429199
0.0238952637
0.0103149414
-0.012878418
-0.0408782959
-0.029083252
0.0526885986
-0.0751342773
-0.00898742676
-0.00416564941
0.0907440186
-0.0305175781
0.0260162354
-0.0422210693
-0.0227813721
0.00309753418
-0.0410461426
-0.00947570801
-0.000122070312
-0.000137329102
0.0349578857
0.00915527344
-0.0493774414
0
-0.0433349609
