-32768
32768
32768
-32768
-32768
32768
32768
-32768
-32768
32768
32768
32768
-32768
5714.84668
32768
32768
-32768
32768
-32768
32768
32768
32768
-32768
32768
-32768
32768
-32768
32768
-32768
32768
-32768
32768
0
0
0
0
0
0
0
0
0
0
0
0
0
0
0
0
-32768
-32768
-32768
32768
-32768
-32768
-32768
-32768
-32768
-32768
-32768
-32768
-32768
-32768
-32768
32768
32768
-32768
-32768
-32768
-32768
-32768
-32768
-32768
32768
-32768
-32768
-32768
-32768
-32768
-32768
-32768
0
0
0
0
0
0
0
0
0
0
0
0
0
0
0
0
-32768
32768
-32768
32768
-32768
32768
-32768
10044.3086
-32768
32768
-32768
32768
-32768
-32768
-32768
32768
0
0
0
0
0
0
0
0
0
0
0
0
0
0
0
0
0
0
0
0
0
0
0
0
0
0
0
0
0
0
0
0
0
0
0
0
0
0
0
0
0
0
0
0
0
0
0
0
