0.141723633
0.152282715
-0.110412598
0.126739502
-0.170852661
0.0527801514
0.138626099
-0.0254516602
-0.0482025146
0.0937652588
-0.142684937
0.000183105469
0.141265869
0.139877319
-0.0962677002
-0.153366089
-0.107192993
0.139587402
0.0292663574
-0.111312866
0.00016784668
0.100128174
-0.0571899414
0.110046387
0.119003296
0.0572509766
-0.0146484375
0.0480804443
0.130950928
-0.115036011
-0.0342407227
-0.0181884766
0.0296173096
-0.0061340332
0.0332641602
-0.000671386719
-0.0723876953
0.0189056396
-0.0150299072
0.024520874
-0.00453186035
0.0186920166
0.00901794434
0.0336151123
-0.0382385254
-0.0485839844
-0.0207977295
-0.019821167
-0.00256347656
0.0462799072
0.121154785
-0.142272949
-0.00859069824
-0.126708984
-0.0515289307
-0.0247039795
-0.0373535156
-0.0881347656
-0.0915679932
-0.12121582
0.0564117432
0.0146484375
-0.0746307373
0.0525054932
0.0336303711
0.0632781982
0.020614624
-0.0321044922
0.10484314
0.0232696533
0.00674438477
-0.0238647461
-0.0188446045
0.0409240723
0.0683746338
0.0459899902
-0.0251617432
-0.0381164551
0.0291900635
-0.0167541504
-0.0880279541
-0.235946655
0.00651550293
0.229690552
-0.11050415
0.200775146
-0.0228424072
0.255783081
0.19178772
-0.142990112
0.183410645
-0.110427856
0.203613281
0.127059937
0.231964111
0.311508179
-0.0401916504
-0.00750732422
0.050201416
-0.0172271729
-0.0132293701
-0.000915527344
0.0293731689
0.0214538574
-0.00450134277
0.00141906738
-0.00468444824
-0.00888061523
0.00338745117
-0.000457763672
-0.0177307129
-0.0190124512
-0.00262451172
0.0275878906
-0.0259246826
0.0191802979
0.0818023682
-0.0498046875
0.0509338379
0.0838317871
-0.0653686523
-0.0446014404
0.0182189941
-0.0275115967
-0.0589599609
0.0141448975
0.0155334473
-0.0421905518
0.00625610352
0.025390625
0.0115966797
0.00213623047
0.0161590576
-0.0193328857
-0.0104217529
-0.0259857178
0.0355224609
0.0266113281
0.0276794434
-0.0321960449
0.000946044922
0.0675048828
-0.0638122559
-0.0229492188
-0.014831543
0.0269470215
-0.0245819092
0.000640869141
-0.0298309326
-0.0192871094
0.0104064941
-0.0302734375
-0.0111083984
0.000473022461
0.0220947266
0.0234985352
-0.0022277832
0.0174865723
-0.0115203857
-0.024887085
