0
0
0
0
0
0
0
0
0
0
0
0
0
0
0
0
0
0
0
0
0
0
0
0
0
0
0
0
0
0
0
0
-32768
32768
-32768
32768
-32768
-32768
-32768
32768
-32768
32768
-32768
32768
-32768
-32768
-32768
-32768
32768
32768
-32768
-32768
32768
-32768
-32768
32768
32768
-32768
-32768
-32768
-32768
-32768
-32768
-32768
0
0
0
0
0
0
0
0
0
0
0
0
0
0
0
0
-32768
-32768
-32768
-32768
-32768
32768
-32768
32768
-32768
32768
-32768
-32768
-32768
32768
32768
-32768
-32768
32768
-32768
32768
-32768
32768
-32768
32768
-32768
32768
-32768
32768
32768
-32768
-32768
-32768
32768
32768
-32768
32768
32768
-4863.83252
-32768
32768
-32768
-16298.082
32768
32768
-32768
32768
32768
-32768
0
0
0
0
0
0
0
0
0
0
0
0
0
0
0
0
-32768
32768
32768
32768
32768
32768
32768
32768
32768
32768
32768
-13036.1719
32768
32768
-32768
32768
