0.18687439
0.158905029
-0.114547729
0.194732666
-0.174514771
0.0576324463
0.168289185
0.0554046631
-0.101745605
0.15788269
-0.151687622
-0.0287628174
0.186080933
0.184799194
-0.0434112549
-0.174880981
-0.0474853516
0.0776977539
0.0104675293
-0.0485839844
0.00448608398
0.0515136719
-0.0867919922
0.049118042
0.0493621826
0.047088623
-0.0412445068
0.0659332275
0.081817627
-0.0487670898
0.022277832
0.00973510742
0.00776672363
-0.0276794434
0.0145111084
0.00450134277
-0.0652008057
-0.00180053711
0.00717163086
-0.0365905762
-0.020324707
-0.0112304688
-0.0275268555
-0.0220947266
-0.0145721436
-0.02734375
-0.0178527832
-0.0016784668
-0.0740509033
0.145370483
0.183578491
-0.159240723
0.0138549805
-0.174667358
-0.0901641846
0.0390472412
-0.0618286133
-0.0547637939
-0.108917236
-0.122116089
0.140319824
0.136581421
-0.167999268
0.102203369
0.179214478
0.0485992432
0.135681152
-0.00466918945
0.138442993
0.162811279
-0.104034424
-0.134567261
-0.153244019
0.188674927
0.0439758301
0.165161133
-0.00524902344
-0.181442261
-0.00820922852
-0.0765075684
-0.0411529541
-0.0983428955
-0.0634765625
0.0953979492
-0.0269012451
0.0995330811
0.0182647705
0.188156128
0.0907745361
-0.0107269287
0.0586853027
-0.0103607178
0.0722198486
0.0605773926
0.106277466
0.155319214
-0.0353240967
0.00823974609
0.0526733398
-0.0176849365
-0.0243225098
-0.0546112061
0.064163208
0.0446472168
0.012512207
0.0227966309
-0.010055542
-0.0112304688
0.000259399414
-0.019241333
0.0169067383
-0.0517883301
0.00637817383
0.0245666504
-0.0402374268
0.00122070312
0.073425293
-0.0422363281
0.037979126
0.0678405762
-0.00964355469
-0.0261077881
-0.0132293701
-0.0141906738
-0.0653839111
0.0133666992
0.0118865967
-0.0303192139
-0.0460510254
0.117218018
0.00744628906
0.1040802
-0.0706481934
-0.00173950195
-0.0996551514
0.0467987061
-0.0543060303
0.137893677
0.113677979
0.0268249512
0.0919952393
-0.0159606934
-0.0498809814
0.0904846191
-0.0226135254
0.0403747559
-0.0535583496
0.0222320557
-0.0468292236
-0.059677124
0.00355529785
-0.0726776123
-0.0477752686
0.0249481201
0.0361785889
0.0662384033
0.0266571045
0.0263366699
-0.0141143799
-0.0727081299
