0.230102539
0.205001831
-0.135650635
0.183288574
-0.215698242
0.0598754883
0.162185669
0.0605926514
-0.0861816406
0.173858643
-0.176437378
-0.0554656982
0.178375244
0.197265625
-0.0573577881
-0.216094971
-0.0451202393
0.0796813965
0.00524902344
-0.0355224609
0.000411987305
0.0465087891
-0.0552825928
0.032913208
0.0423278809
0.0397796631
-0.0464630127
0.0525665283
0.099395752
-0.0358276367
-0.000839233398
-0.0132293701
0.0374603271
-0.0134277344
0.0246124268
0.0206451416
-0.0768737793
0.0163726807
-0.0189208984
-0.0618438721
-0.00994873047
-0.00148010254
-0.00875854492
-0.0214385986
0.023147583
-0.0171356201
0.00657653809
-0.00665283203
0.0344543457
0.0704650879
0.117111206
-0.0323791504
-0.0229034424
-0.104171753
-0.040512085
0.00813293457
-0.00238037109
-0.0135192871
-0.0678863525
-0.0242919922
0.0725860596
0.0263214111
-0.0509185791
0.0505371094
0.104171753
0.0717315674
0.0757446289
-0.043548584
0.134246826
0.099029541
-0.0542144775
-0.100769043
-0.086730957
0.103317261
0.0315246582
0.104125977
-0.0379486084
-0.130401611
0.0244903564
-0.0263214111
-0.0990142822
-0.191070557
-0.0586090088
0.215499878
-0.0940704346
0.181137085
-0.0366363525
0.268829346
0.181503296
-0.128967285
0.155334473
-0.0447845459
0.192504883
0.181854248
0.186325073
0.310134888
-0.0641326904
0.0868530273
0.057800293
0.0844268799
-0.085144043
-0.11038208
0.163726807
0.118408203
0.0114440918
0.0308685303
-0.161422729
-0.0690612793
0.0220947266
-0.1534729
0.01612854
-0.137817383
-0.00830078125
0.0315246582
-0.0596008301
-0.0126647949
0.114974976
-0.0690155029
0.0549316406
0.13180542
-0.0199737549
-0.0637512207
-0.0225982666
-0.0136108398
-0.0956268311
0.00784301758
0.0293273926
-0.0325622559
0.0316009521
0.0139923096
-0.00967407227
0.0102233887
0.0160522461
-0.0422058105
-0.0231933594
-0.0361633301
0.0285186768
0.0407104492
0.023147583
-0.041015625
0.00538635254
0.0323791504
-0.0479888916
-0.00048828125
0.043838501
0.0555267334
-0.0880432129
0.100738525
-0.0463104248
-0.081161499
-0.0662689209
-0.109359741
-0.068939209
0.0778045654
-0.0306854248
0.0943145752
0.083404541
-0.0540161133
0.0275421143
-0.0976867676
