-32768
32768
32768
32768
-32768
32768
32768
32768
32768
32768
32768
32768
-32768
32768
32768
32768
32768
-32768
32768
32768
32768
32768
-32768
32768
-32768
-32768
-32768
32768
-32768
-32768
-32768
-32768
0
0
0
0
0
0
0
0
0
0
0
0
0
0
0
0
-32768
-32768
-32768
32768
32768
-32768
-32768
-32768
-32768
32768
32768
-32768
-32768
-32768
-32768
-32768
-32768
32768
32768
-32768
-32768
-32768
-32768
-32768
-32768
32768
-32768
-32768
-32768
32768
-32768
32768
-32768
-32768
-32768
-32768
-32768
-32768
-32768
-32768
-32768
32768
32768
-32768
32768
-32768
32768
-32768
-32768
32768
-32768
32768
32768
-32768
-32768
32768
-32768
32768
-32768
-10455.4795
-32768
32768
-32768
-32768
-32768
32768
-32768
25719.3438
-28313.1055
30855.7617
-32768
580.038513
32768
32768
10922.9619
32768
-32768
9932.99023
32768
-32768
-32768
32768
32768
32768
-32768
32768
32768
32768
32768
32768
32768
32768
32768
32768
32768
32768
0
0
0
0
0
0
0
0
0
0
0
0
0
0
0
0
