0.06300354
0.0919952393
-0.117904663
0.0567169189
-0.151748657
0.100067139
0.111282349
-0.0482940674
0.0303955078
0.132705688
-0.073425293
-0.0525054932
0.115600586
0.081161499
-0.085144043
-0.095413208
0.157211304
-0.14793396
-0.141708374
0.201766968
-0.0179595947
-0.137771606
0.0222473145
-0.193099976
-0.207336426
-0.0373382568
0.00314331055
-0.125823975
-0.100265503
0.212600708
0.0273590088
-0.0623016357
-0.0258178711
0.0670471191
-0.0801696777
-0.0339050293
0.0982208252
-0.0856781006
0.0452728271
-0.188308716
0.0317840576
-0.140869141
0.134399414
-0.138031006
0.141616821
0.0380706787
0.132980347
0.125595093
-0.00360107422
0.0123291016
0.0223236084
0.0310211182
0.00448608398
-0.0069732666
0.0150604248
0.0163269043
-0.00256347656
0.0167388916
0.0143432617
-0.00715637207
-0.009765625
-0.00917053223
0.00122070312
0.0198822021
0.0152130127
0.0137023926
0.049041748
-0.0292358398
-0.0741729736
0.0366210938
-0.0177612305
-0.0355072021
0.00465393066
0.0244750977
-0.0144805908
0.00297546387
-0.0263366699
0.0157470703
0.0248565674
0.0440368652
0.00450134277
0.0467987061
-0.00122070312
-0.0770568848
0.00267028809
0.0479888916
-0.0101470947
-0.0367889404
0.00505065918
0.020614624
-0.0606994629
-0.013092041
0.0438842773
-0.0898895264
0.0260009766
-0.00358581543
0.16796875
-0.152984619
0.084197998
-0.231948853
0.106048584
0.135467529
-0.187347412
-0.145797729
0.143997192
-0.0431518555
0.235733032
-0.137741089
0.0467071533
0.18510437
-0.278961182
0.1771698
-0.149124146
-0.105331421
0.0726928711
-0.0657043457
0.0148773193
0.0376434326
-0.0654449463
0.0218048096
-0.0738372803
0.0166320801
-0.0893554688
0.150650024
0.0593109131
-0.137252808
-0.168106079
-0.0265350342
-0.219238281
0.0615386963
0.00422668457
-0.0767059326
-0.128387451
-0.0586700439
0.164459229
0.257232666
-0.207000732
-0.159072876
-0.0365905762
0.264266968
-0.078338623
-0.147079468
0.0529937744
0.106292725
0.0358734131
0.136062622
0.0243988037
-0.0112609863
-0.0277404785
0.0539855957
0.0266113281
0.0150756836
0.0454101562
-0.0398712158
-0.0435333252
-0.0325927734
-0.0359649658
-0.0034942627
-0.00506591797
0.0279083252
