0.0493164062
0.0696258545
-0.0999908447
0.0595855713
-0.118637085
0.0807342529
0.0751495361
-0.0268096924
-0.0503387451
0.0997009277
-0.05909729
-0.0799102783
0.0688476562
0.0241699219
-0.0365753174
-0.0623931885
0.165557861
-0.14616394
-0.178146362
0.212234497
-0.0992736816
-0.151794434
0.0189666748
-0.200836182
-0.226379395
-0.0018157959
0.0244750977
-0.111816406
-0.0848846436
0.231231689
0.0634918213
-0.0879516602
0.00582885742
0.0822753906
-0.0473022461
-0.077835083
0.0594177246
-0.00787353516
0.0112609863
-0.129241943
0.0872344971
-0.0338745117
0.0556793213
-0.0813446045
0.128036499
0.00550842285
-0.00541687012
0.0478363037
-0.0678100586
0.0126190186
0.0436401367
0.0979003906
-0.0184173584
0.0163879395
0.0154876709
0.0556030273
-0.000839233398
0.0437469482
-0.00137329102
0.00813293457
0.0148773193
-0.0309906006
0.00750732422
0.00448608398
0.0250091553
0.0715026855
0.0586395264
-0.0716552734
0.00193786621
0.0380249023
-0.0270996094
-0.0593719482
0.00567626953
0.0295257568
0.0387115479
0.0364227295
-0.0997467041
0.00979614258
0.0590209961
0.0923461914
0.0173950195
0.103775024
-0.0409088135
-0.144500732
0.0320739746
-0.00262451172
0.0270385742
-0.0696868896
-0.039276123
0.0630493164
-0.125320435
0.0422821045
0.0130615234
-0.167907715
-0.0367889404
-0.100952148
0.0949401855
-0.0223693848
0.00991821289
-0.0344390869
0.0174865723
0.0489501953
-0.0360107422
-0.0243988037
0.0572509766
-0.00379943848
0.0297546387
-0.0938568115
-0.0115356445
0.02293396
-0.148605347
0.0533294678
-0.0787353516
-0.0329589844
0.115646362
-0.0565338135
0.013961792
0.0529174805
-0.0156402588
-0.0299682617
-0.108856201
-0.0114440918
0.0760192871
0.0729827881
0.108612061
-0.0547637939
-0.151351929
0.0411682129
-0.161483765
0.0364837646
0.0194549561
-0.0994567871
-0.111587524
-0.0755157471
0.158935547
0.219848633
-0.193618774
-0.0846099854
0.0458068848
0.248550415
-0.0174560547
-0.163787842
0.0319213867
0.131454468
-0.0426177979
0.190368652
0.124710083
-0.154495239
-0.00743103027
0.170623779
0.159973145
0.115936279
0.163635254
-0.189407349
0.00489807129
-0.15145874
-0.17930603
-0.0320129395
-0.0475463867
0.145217896
