-32768
32768
32768
32768
-32768
32768
32768
32768
-32768
32768
32768
32768
32768
32768
32768
32768
-32768
-15080.4736
-32768
32768
32768
-32768
32768
-32768
32768
32768
-32768
10195.6748
-32768
32768
-32768
-32768
-32768
32768
32768
32768
-32768
32768
-32768
32768
-32768
32768
-32768
32768
32768
32768
-32768
32768
-32768
32768
-32768
32768
-32768
-32768
-32768
-32768
-32768
32768
-32768
-32768
-32768
32768
-32768
-32768
0
0
0
0
0
0
0
0
0
0
0
0
0
0
0
0
-32768
-32768
-32768
-32768
-32768
-32768
-32768
-32768
-32768
32768
-32768
-32768
-32768
32768
-32768
-32768
-32768
32768
-32768
32768
-32768
-32768
32768
-32768
32768
32768
-32768
32768
-32768
32768
-32768
-32768
-32768
32768
-32768
32768
-32768
32768
-32768
32768
32768
32768
32768
32768
32768
32768
-32768
-32768
0
0
0
0
0
0
0
0
0
0
0
0
0
0
0
0
0
0
0
0
0
0
0
0
0
0
0
0
0
0
0
0
