0.205078125
0.217956543
-0.132904053
0.180297852
-0.202178955
0.0950012207
0.17137146
0.0243835449
-0.0725097656
0.132507324
-0.211257935
-0.0149078369
0.188781738
0.191467285
-0.0637207031
-0.237487793
-0.0567932129
0.0999298096
-0.0168914795
-0.0428619385
-0.0336303711
0.0473022461
-0.0629882812
0.0412139893
0.0513916016
0.0387573242
-0.0175933838
0.025970459
0.111755371
-0.0455780029
-0.0425567627
-0.0105285645
-0.0307159424
-0.0297546387
-0.028793335
0.00744628906
-0.0742950439
-0.0510253906
0.0228118896
-0.0291290283
-0.0702819824
-0.0601806641
-0.0156707764
-0.0178375244
0.018951416
-0.0758666992
-0.00375366211
0.0551757812
0.00325012207
0.0434875488
0.123199463
-0.0218658447
-0.0235748291
-0.106277466
-0.0361328125
0.00839233398
-0.01121521
-0.0190124512
-0.0594940186
-0.0474853516
0.0587310791
-0.0228424072
-0.0367736816
0.00692749023
0.0302276611
-0.00238037109
0.0183105469
-0.0330505371
0.0470733643
0.0283966064
-0.0094909668
-0.020401001
-0.025680542
0.0303955078
0.00289916992
0.032043457
-0.00430297852
-0.046875
0.00509643555
-0.0577392578
-0.146636963
-0.188095093
0.0855102539
0.19203186
-0.154769897
0.224868774
-0.0922393799
0.249313354
0.235992432
-0.105438232
0.164733887
-0.0776824951
0.158676147
0.240814209
0.211029053
0.333755493
-0.0881652832
0.0381164551
0.0358734131
0.0472717285
-0.0476531982
-0.0760803223
0.107086182
0.0883331299
-0.0217895508
0.0266418457
-0.136520386
-0.0562133789
0.017288208
-0.0961151123
0.0399932861
-0.0879516602
0.00975036621
0.0519104004
-0.0719146729
0.0075378418
0.130661011
-0.0868530273
0.082321167
0.11781311
-0.0215454102
-0.0617675781
0.0342102051
-0.0367279053
-0.0990753174
0.0403442383
0.0381164551
-0.0256500244
0.0769348145
0.00436401367
0.0184783936
0.0612487793
0.0596008301
0.0135192871
-0.0612487793
-0.0893096924
0.0756835938
0.0899810791
0.033493042
-0.0958557129
0.0437164307
0.084564209
-0.0861816406
-0.0436096191
-0.0209960938
0.0532836914
-0.0285949707
-0.000473022461
-0.0154266357
-0.0265960693
0.0265655518
-0.0502471924
-0.0118865967
-0.00970458984
0.0359649658
0.0385437012
-0.00732421875
0.0113830566
-0.0246124268
-0.0433807373
