0.136688232
0.0969085693
-0.0869445801
0.110214233
-0.137145996
0.0301208496
0.0926361084
0.061706543
-0.0675048828
0.10585022
-0.080657959
0.0586090088
0.106643677
0.126190186
-0.075958252
-0.0905456543
-0.0460357666
0.100402832
-0.0329437256
-0.0249633789
-0.0240478516
0.0438537598
-0.0259094238
0.0229492188
0.0353851318
0.0955505371
-0.0444030762
0.0345001221
0.154373169
-0.0272674561
-0.0275115967
-0.00691223145
0.0175476074
0.0205078125
0.00776672363
0.00538635254
-0.042678833
0.0130310059
-0.00338745117
0.00360107422
0.0018157959
0.0123901367
0.00782775879
-0.015335083
-0.00315856934
-0.0194549561
-0.0119628906
-0.00370788574
-0.00688171387
0.0693511963
0.104125977
-0.0933380127
-0.000717163086
-0.154174805
-0.0269012451
-0.0571899414
-0.0476837158
-0.0934143066
-0.107437134
-0.115081787
0.0718078613
0.0120239258
-0.0717926025
0.059967041
0.171768188
0.172531128
0.152404785
-0.12487793
0.184692383
0.166137695
-0.127746582
-0.161010742
-0.132507324
0.166885376
0.143951416
0.20942688
-0.123764038
-0.189285278
0.0607910156
0.0612640381
-0.0511474609
-0.174743652
-0.0834503174
0.190338135
-0.0026550293
0.11050415
0.0126037598
0.220092773
0.0908355713
-0.142471313
0.145950317
-0.0375976562
0.143875122
0.0778808594
0.124893188
0.203430176
-0.0931854248
0.0411376953
0.110366821
0.0155944824
-0.0799407959
-0.0358123779
0.122024536
0.117950439
0.00132751465
0.0247802734
-0.068649292
-0.0224456787
0.0342254639
-0.0718231201
-0.0242004395
-0.0897369385
-0.187072754
-0.165679932
0.0952606201
-0.150299072
-0.0933990479
0.0605163574
-0.159423828
-0.0748596191
-0.075958252
0.165130615
-0.0936889648
0.204544067
0.0989990234
-0.206619263
-0.131057739
-0.19833374
0.0364685059
0.0173034668
-0.0294189453
-0.0187835693
0.0222930908
-0.051940918
0.0532226562
-0.0597839355
0.0561065674
-0.0208282471
-0.0586700439
-0.0638275146
0.0385742188
0.111877441
-0.10093689
-0.0513305664
0.0298461914
0.0617370605
-0.101119995
0.0570526123
-0.0653533936
-0.0852203369
-0.0427093506
-0.0833740234
-0.059463501
0.0600891113
0.00610351562
0.0950012207
0.0482940674
0.00384521484
-0.0250396729
-0.0951690674
