-32768
-32768
-32768
-32768
-32768
-32768
-32768
-32768
-32768
-32768
-32768
-32768
32768
-32768
-32768
-32768
32768
-32768
-32768
-32768
32768
-32768
-32768
-32768
-32768
-32768
-32768
-32768
32768
-32768
32768
-32768
0
0
0
0
0
0
0
0
0
0
0
0
0
0
0
0
-32768
-32768
-32768
-32768
32768
-32768
-32768
-32768
32768
-32768
-32768
-32768
32768
-32768
-32768
-32768
-32768
32768
-32768
-32768
-32768
-32768
-32768
-32768
-32768
32768
-32768
-32768
32768
-32768
-32768
-32768
-32768
-32768
-32768
32768
-32768
32768
-32768
-32768
-32768
-32768
-32768
-32768
-32768
-32768
-32768
-32768
-32768
32768
-32768
32768
-32768
32768
-32768
32768
32768
-11103.2207
-32768
32768
-32768
-32768
-32768
32768
0
0
0
0
0
0
0
0
0
0
0
0
0
0
0
0
0
0
0
0
0
0
0
0
0
0
0
0
0
0
0
0
-32768
-32768
-32768
-32768
-32768
-32768
-32768
-32768
-32768
-32768
-32768
-32768
-32768
-32768
-32768
32768
