-32768
-6329.77832
32768
32768
-32768
32768
32768
32768
32768
32768
32768
15621.2988
32768
32768
32768
32768
0
0
0
0
0
0
0
0
0
0
0
0
0
0
0
0
32768
32768
-32768
32768
-32768
-32768
-32768
-32768
-32768
-32768
-32768
-32768
-32768
-32768
32768
32768
0
0
0
0
0
0
0
0
0
0
0
0
0
0
0
0
0
0
0
0
0
0
0
0
0
0
0
0
0
0
0
0
32768
-32768
-32768
-32768
-32768
-32768
-32768
-32768
-32768
32768
-32768
-32768
-32768
-32768
32768
-32768
0
0
0
0
0
0
0
0
0
0
0
0
0
0
0
0
-32768
-32768
-32768
-32768
-32768
-32768
-32768
-32768
32768
-32768
-32768
-32768
32768
-32768
-32768
-32768
0
0
0
0
0
0
0
0
0
0
0
0
0
0
0
0
-32768
32768
32768
2659.49536
-32768
-32768
-32768
32768
32768
-32768
-32768
-32768
21175.0781
-32768
-32768
32768
