0.0155792236
0.01902771
-0.0500640869
0.0113067627
-0.0908660889
0.0496826172
0.0332336426
-0.0213928223
0.0169525146
0.0513153076
0.00277709961
-0.0218963623
0.0338592529
0.0203704834
-0.0125579834
-0.0160675049
0.187988281
-0.187438965
-0.184661865
0.248672485
-0.0363311768
-0.173812866
0.0698242188
-0.232223511
-0.262298584
0.0320129395
-0.00173950195
-0.164718628
-0.113723755
0.264175415
0.0957641602
-0.0739440918
-0.00888061523
0.129638672
-0.0752258301
-0.053527832
0.114547729
-0.0440826416
0.0552215576
-0.145584106
0.0861663818
-0.0301513672
0.0874786377
-0.0419769287
0.124801636
0.00123596191
-0.0348205566
0.0662231445
-0.000350952148
0.00526428223
0.000534057617
0.0958099365
-0.0307006836
0.0636749268
0.0698547363
0.0339660645
0.0534515381
0.0519866943
0.0546112061
0.0273590088
-0.053527832
-0.0700836182
0.000915527344
-0.00411987305
0.0785675049
0.0193328857
0.118087769
-0.00134277344
-0.116882324
0.0861358643
-0.0818939209
-0.122543335
-0.0387878418
0.079788208
-0.0704498291
0.0390625
-0.0286712646
-0.010925293
0.0270385742
0.0708770752
0.0201873779
0.0368347168
-0.0338134766
-0.0558319092
0.0384063721
0.00570678711
0.0494842529
-0.0230865479
-0.0356750488
0.0413208008
-0.060760498
0.0475158691
0.0745544434
-0.176376343
-0.0113372803
-0.0527954102
0.261184692
-0.119171143
0.0731811523
-0.23236084
0.114456177
0.113922119
-0.207382202
-0.149398804
0.238723755
-0.0591583252
0.265731812
-0.160507202
0.0658721924
0.176574707
-0.278442383
0.14112854
-0.0790710449
-0.0393066406
0.0247039795
0.00369262695
0.0457458496
-0.00253295898
0.0022277832
0.0380554199
-0.0735626221
-0.032043457
-0.0163574219
0.0760345459
0.0182800293
-0.0631713867
-0.109588623
0.0180358887
-0.303787231
0.154647827
-0.0268554688
-0.0305175781
-0.217926025
-0.0119781494
0.0826721191
0.339050293
-0.294021606
-0.0662231445
0.0629119873
0.346099854
-0.0209503174
-0.197509766
0.0446624756
0.212203979
-0.0258331299
0.23109436
-0.00596618652
-0.0752868652
-0.162063599
0.0382385254
0.100250244
-0.0162200928
0.0448760986
-0.102600098
0.0330047607
-0.0217132568
-0.103775024
0.00700378418
-0.0911407471
0.0213470459
