0.0010375977
-0.0222778320
0.0162963867
-0.0633544922
-0.0030517578
0.0010375977
-0.0592651367
-0.0216064453
-0.0278930664
-0.0378417969
0.0367431641
0.0243530273
-0.0090332031
-0.0191650391
0.0074462891
0.0128173828
-0.0595092773
0.0602416992
-0.0214843750
-0.0644531250
0.0183105469
0.0656738281
0.0175170898
0.0587768555
0.0372314453
0.0356445312
0.0144653320
0.0084838867
0.0225830078
-0.0422363281
-0.0101318359
-0.0187988281
-0.0496826172
-0.0076293945
-0.0267333984
0.0298461914
-0.0199584961
-0.0466308594
0.0736694336
0.0072021484
-0.0936279297
-0.0816650391
-0.0433349609
0.0092163086
0.0059814453
-0.0904541016
-0.0078735352
0.0862426758
-0.0197753906
0.0571289062
0.0929565430
-0.0419921875
0.0382690430
-0.0793457031
-0.0333862305
0.0359497070
-0.0483398438
-0.0454711914
-0.0517578125
-0.0428466797
0.1030883789
0.0994262695
-0.0307006836
0.0767211914
-0.0166625977
0.0039062500
-0.0045776367
-0.0191650391
0.0471191406
0.0092773438
-0.0077514648
0.0105590820
0.0046997070
-0.0292968750
0.0470581055
0.0112915039
-0.0231323242
0.0108642578
-0.0028076172
0.0465698242
-0.0314941406
-0.1033935547
-0.0108032227
0.0755004883
0.0139770508
0.0689086914
-0.0338134766
0.1202392578
0.1002197266
-0.0917968750
0.0927124023
-0.0355834961
0.0661010742
0.0184936523
0.1389770508
0.0839233398
-0.0034790039
0.0150756836
0.0325927734
-0.0209350586
-0.0114746094
0.0051269531
-0.0032348633
0.0261840820
0.0272827148
0.0054321289
0.0151367188
0.0102539062
-0.0203247070
-0.0307617188
-0.0001220703
-0.0049438477
-0.2857666016
-0.2630004883
0.1849975586
-0.1503295898
-0.2943725586
0.2968750000
-0.2684936523
-0.2594604492
0.0287475586
0.2578125000
-0.1333007812
0.2720336914
0.2239990234
-0.3041381836
-0.2050170898
-0.2278442383
0.0095214844
-0.0034790039
0.0126953125
0.0031738281
-0.0099487305
0.0035400391
-0.0070190430
-0.0048828125
0.0013427734
0.0029907227
0.0072631836
-0.0003051758
-0.0084838867
0.0021972656
-0.0040893555
0.0128784180
0.0472412109
0.0185546875
-0.0349731445
0.0813598633
-0.0065307617
-0.0423583984
-0.0540161133
-0.0692138672
-0.0167236328
0.0709838867
-0.0078735352
0.0305175781
0.0601196289
0.0469360352
0.0169677734
-0.0537109375
