0.0028991699
0.0019989014
-0.0106506348
-0.0036010742
0.0083160400
-0.0195007324
0.0058593750
0.0106201172
0.0002746582
0.0064544678
-0.0015258789
0.0015411377
0.0068511963
0.0055236816
0.0033721924
-0.0008392334
-0.0017089844
-0.0096282959
0.0186157227
-0.0123443604
-0.0068664551
0.0050201416
-0.0095520020
0.0113067627
0.0055389404
-0.0141601562
0.0159301758
0.0033874512
-0.0248870850
-0.0105590820
0.0271606445
-0.0209808350
-0.2404785156
-0.1141052246
-0.2366790771
-0.1644744873
-0.0576629639
-0.3006439209
0.2376098633
0.0324096680
-0.3143615723
-0.2171783447
-0.2766571045
0.0029754639
-0.0851745605
-0.1014862061
-0.1249542236
0.2236022949
0.0090942383
0.0017547607
-0.0028839111
0.0158081055
-0.0341644287
0.0081176758
0.0096282959
0.0039062500
0.0198822021
0.0173492432
0.0016326904
-0.0020599365
-0.0177917480
0.0108642578
0.0129852295
-0.0071258545
-0.0211486816
0.0004882812
-0.0185394287
0.0160217285
-0.0473327637
-0.0080566406
0.0045928955
-0.0038909912
0.0040740967
-0.0223083496
-0.0054779053
-0.0278320312
-0.0220031738
0.0190277100
-0.0253295898
0.0373992920
-0.0105895996
0.0078125000
-0.0068969727
-0.0013427734
-0.0044708252
0.0068054199
0.0051269531
0.0155334473
0.0019226074
0.0064544678
-0.0082397461
0.0252990723
0.0041198730
-0.0130767822
0.0006713867
0.0072937012
0.0098266602
0.0003967285
-0.0017700195
-0.0024719238
0.0087432861
-0.0192718506
-0.0032348633
-0.0064697266
-0.0020599365
0.0017395020
0.0037384033
0.0116424561
-0.0034637451
-0.0001068115
0.0062408447
0.0000610352
0.0037384033
-0.0004119873
0.0053253174
0.0049133301
-0.0043792725
-0.0067749023
-0.0028686523
-0.0000610352
-0.0054168701
-0.0015869141
0.0045471191
-0.0063629150
0.0073394775
0.0072937012
-0.0058593750
0.0083770752
-0.0026702881
0.0026702881
-0.0076141357
0.0093536377
-0.0024261475
-0.0037384033
-0.0001373291
0.0030212402
-0.0005187988
0.0009613037
-0.0019836426
-0.0001373291
-0.0009002686
0.0029144287
-0.0017089844
-0.0000610352
0.0021514893
0.0046997070
-0.0059356689
0.0052185059
-0.0123596191
-0.0049896240
-0.0029907227
-0.0078887939
-0.0094909668
0.0088500977
-0.0024261475
0.0076599121
0.0079345703
0.0012359619
-0.0090637207
-0.0055236816
