0.0039672852
0.0098876953
-0.0289916992
-0.0009765625
0.0197296143
0.0103912354
0.0042419434
-0.0001678467
-0.0072021484
0.0132446289
0.0257110596
-0.0030517578
0.0240325928
-0.0127410889
0.0094604492
-0.0235900879
-0.0160217285
0.0160522461
0.0147399902
-0.0248107910
0.0035400391
0.0143432617
-0.0145568848
0.0247497559
0.0257873535
0.0125579834
-0.0060577393
0.0068511963
0.0146484375
-0.0259857178
0.0078887939
0.0089416504
-0.3470611572
-0.0627899170
-0.2912445068
-0.0810241699
-0.0375061035
-0.3542785645
0.3388824463
-0.0186462402
-0.3535308838
-0.3265838623
-0.2269287109
-0.0357818604
-0.0111389160
-0.1480712891
0.0557708740
0.3632965088
0.0151977539
-0.0220642090
-0.0298767090
0.0018157959
-0.0238494873
0.0108947754
0.0078887939
-0.0019836426
0.0490722656
0.0275573730
0.0234527588
0.0061492920
-0.0188446045
-0.0251312256
0.0346069336
-0.0509185791
-0.0005950928
-0.0006866455
-0.0028991699
0.0082855225
0.0039062500
0.0014343262
0.0041961670
0.0054168701
0.0001525879
0.0008697510
-0.0075225830
0.0024261475
-0.0026245117
-0.0054321289
0.0027313232
-0.0007324219
0.0008544922
-0.0025482178
0.0035247803
-0.0018768311
-0.0361328125
-0.0119171143
0.0187988281
0.0035858154
0.0144500732
0.0065917969
-0.0045471191
-0.0007934570
-0.0067138672
0.0025177002
-0.0142822266
-0.0222473145
0.0146331787
-0.0009002686
-0.0065155029
-0.0050048828
0.0126190186
-0.0136871338
-0.0176696777
-0.0156860352
0.0119323730
0.0055847168
0.0097808838
-0.0160217285
0.0037841797
0.0015716553
0.0009765625
0.0093994141
0.0081481934
0.0138397217
-0.0204772949
0.0108489990
0.0078735352
-0.0093841553
0.0106964111
-0.0016632080
-0.0152893066
0.0014190674
0.0202331543
-0.0203094482
-0.0106658936
0.0240173340
0.0243377686
0.0124359131
0.0137329102
0.0035552979
0.0186920166
-0.0052337646
-0.0097351074
0.0083770752
0.0138702393
-0.0190429688
-0.0089263916
0.0344696045
-0.0046844482
-0.0042266846
0.0150604248
-0.0020294189
0.0047454834
0.0136108398
0.0028533936
-0.0074005127
0.0012207031
-0.0076904297
-0.0007934570
0.0112762451
0.0067138672
0.0102844238
0.0124816895
-0.0075531006
-0.0022125244
-0.0080871582
-0.0115661621
-0.0050506592
0.0014038086
0.0092620850
