-0.0408325195
-0.1030883789
0.1355590820
-0.0620727539
0.0088500977
0.0131225586
-0.0781250000
0.0408325195
-0.0380859375
-0.0990600586
0.1305541992
0.0544433594
-0.0425415039
0.0057983398
-0.0183105469
0.0520629883
0.1131591797
-0.0773925781
0.0084838867
0.1392822266
0.0354003906
-0.0406494141
-0.0599975586
-0.1242675781
-0.1207275391
-0.0231933594
0.0131225586
0.0134887695
-0.0154418945
0.1502685547
0.0387573242
-0.0573120117
-0.0845947266
-0.0327758789
-0.0062866211
-0.0194091797
0.0083007812
-0.0708007812
0.0690917969
-0.0690307617
-0.0434570312
-0.0452880859
0.0094604492
-0.0789184570
0.0642089844
-0.0349731445
0.0476684570
0.0764770508
-0.1388549805
0.1633300781
0.2798461914
-0.2162475586
0.2677612305
-0.1913452148
-0.1964111328
0.2069702148
-0.1643066406
-0.1562500000
-0.1848144531
-0.2031860352
0.2538452148
0.1784057617
-0.2332763672
0.2238769531
-0.0503540039
0.0037231445
-0.0538940430
0.0253295898
-0.0430908203
-0.0410766602
0.0475463867
0.0223999023
0.0773925781
-0.0568237305
-0.0296020508
-0.0411376953
0.0200805664
0.0506591797
-0.0101318359
-0.0606079102
-0.1587524414
-0.1581420898
0.0276489258
0.1885986328
-0.1835937500
0.2843627930
-0.2301025391
0.1286621094
0.3047485352
-0.2031860352
0.2141723633
-0.1395263672
0.3034057617
0.2426147461
0.3069458008
0.4441528320
0.0247192383
0.0160522461
-0.0043945312
0.0157470703
-0.0133056641
0.0065917969
0.0256958008
0.0118408203
0.0085449219
0.0081176758
-0.0280151367
-0.0181884766
0.0094604492
-0.0045776367
-0.0262451172
-0.0040283203
-0.0930175781
-0.1321411133
0.0454711914
-0.0441284180
-0.1224975586
0.1059570312
-0.1352539062
-0.0477905273
-0.0001831055
0.1492309570
0.0183105469
0.1168212891
0.0287475586
-0.1558837891
-0.0007934570
-0.0968017578
-0.0628051758
0.0043945312
0.1029663086
0.0642089844
0.0029907227
0.0521240234
-0.1613159180
0.0965576172
-0.0324707031
0.1195068359
0.1828613281
0.1161499023
0.1336059570
-0.0898437500
0.0657348633
0.0599975586
0.0569458008
0.0535278320
-0.0111083984
0.0390014648
-0.0159912109
0.0009155273
-0.0223999023
-0.0155639648
0.0000610352
0.0234985352
-0.0009765625
0.0118408203
0.0372314453
-0.0281372070
-0.0023193359
-0.0006713867
