-0.0009918213
0.0005645752
-0.0066833496
0.0045928955
-0.0090942383
0.0050048828
0.0050811768
0.0027923584
-0.0116729736
0.0042114258
-0.0092620850
0.0064239502
0.0107727051
0.0042724609
0.0043029785
-0.0019989014
-0.3084716797
0.3307037354
0.1214447021
-0.3332519531
-0.0561370850
0.2655639648
-0.0859375000
0.3182983398
0.3448333740
0.0274810791
0.0972290039
0.1049041748
0.1911773682
-0.3459320068
-0.1188964844
-0.0186767578
-0.0042724609
-0.0137481689
-0.0134582520
0.0183105469
0.0029296875
-0.0047607422
0.0062255859
-0.0207672119
0.0028076172
-0.0035858154
0.0216522217
-0.0233001709
0.0085601807
0.0171966553
-0.0009002686
0.0046691895
-0.0030670166
-0.0097808838
-0.0119323730
0.0057983398
-0.0060577393
0.0044097900
-0.0036315918
-0.0064239502
-0.0045471191
0.0023193359
0.0027160645
0.0063018799
-0.0107116699
-0.0067138672
-0.0001678467
-0.0130767822
0.0040740967
0.0025329590
0.0013732910
0.0097351074
-0.0087890625
0.0012969971
-0.0028228760
-0.0019378662
0.0038757324
-0.0003967285
-0.0045776367
0.0030975342
-0.0012817383
-0.0051116943
-0.0009613037
0.0020141602
-0.0008850098
0.0011901855
0.0102691650
-0.0040740967
0.0010070801
-0.0003204346
-0.0015411377
-0.0052795410
-0.0036926270
0.0075683594
-0.0046691895
-0.0075683594
-0.0050201416
-0.0017242432
-0.0040130615
-0.0083465576
0.0044708252
0.0100555420
-0.0002136230
-0.0011138916
0.0010528564
-0.0150299072
0.0032501221
0.0039062500
0.0005645752
0.0139007568
0.0003967285
0.0077209473
-0.0105438232
-0.0046539307
0.0054168701
-0.0047760010
0.0043792725
-0.0072631836
0.0066680908
0.0124816895
0.0033874512
0.0130920410
-0.0029144287
0.0091247559
-0.0051879883
-0.0030364990
-0.0046691895
-0.0060272217
-0.0109252930
0.0008392334
0.0041046143
-0.0127258301
-0.0019531250
-0.0015869141
-0.0066375732
-0.0014190674
0.0002593994
0.0029754639
0.0030059814
0.0032958984
-0.0056915283
0.0009613037
-0.0030822754
0.0073852539
0.0009613037
0.0003509521
-0.0042266846
0.0014953613
-0.0048370361
-0.0015258789
0.0059356689
-0.0051269531
0.0043640137
0.0031127930
0.0052795410
0.0017395020
0.0037689209
-0.0031433105
-0.0037689209
-0.0006866455
-0.0046539307
-0.0048675537
0.0080718994
0.0029907227
