0.000289916992
0.00596618652
0.0040435791
-0.00213623047
0.00482177734
-0.00880432129
-0.0125427246
0.0160675049
-0.0168457031
-0.0176849365
-0.0184783936
0.00283813477
-0.0122070312
-0.00979614258
-0.0126800537
-0.00308227539
0.000991821289
-0.000686645508
0.00166320801
0.00048828125
-0.00224304199
-9.15527344e-05
-0.000335693359
-0.000640869141
-0.00144958496
-0.00280761719
0.000518798828
0.00143432617
-0.00233459473
0.0011138916
-0.000534057617
-0.00137329102
-0.0282440186
-0.0194244385
-0.0126953125
0.0387573242
0.0156860352
-0.0185394287
0.00749206543
-0.0054473877
-0.0306243896
-0.0360717773
-0.0149078369
-0.00305175781
0.0203704834
0.0176239014
0.0080871582
0.0199737549
-0.230575562
0.106460571
0.215423584
-0.168731689
0.263442993
-0.183929443
-0.206970215
0.12902832
-0.309326172
-0.172836304
-0.0929718018
-0.121994019
0.0894470215
0.185424805
-0.117782593
0.10458374
0.0218505859
-0.00883483887
0.0220947266
0.0235137939
-0.0154418945
0.0234680176
-0.0237426758
-0.0211334229
-0.0317077637
0.0326843262
0.000686645508
0.00912475586
0.0146331787
-0.00575256348
-0.0161590576
-0.00215148926
-0.00886535645
-0.0236206055
0.0338897705
0.0414428711
0.00830078125
0.0146636963
-0.0634918213
-0.0082244873
0.039642334
-0.0296478271
-0.0280761719
0.00646972656
0.0494842529
0.0989379883
-0.0256500244
0.0211486816
0.00175476074
0.000549316406
-0.00900268555
-0.00476074219
0.00393676758
-0.00955200195
-0.00230407715
-0.00312805176
0.00726318359
0.0030670166
0.0116119385
-0.00393676758
0.00218200684
0.0108337402
0.00511169434
-0.000961303711
0.0146026611
-0.0111236572
0.0283508301
-0.0182037354
-0.0227050781
-0.0126342773
-0.0233459473
-0.0213775635
0.00639343262
0.0255737305
0.0324707031
0.00831604004
0.0289916992
-0.00257873535
-0.0115509033
-0.00212097168
-0.0284118652
0.0299224854
0.0226593018
-0.0218811035
-0.0372161865
0.0324554443
-0.0174865723
0.0206756592
-0.0207519531
-0.0352630615
-0.0050201416
0.009765625
0.0257568359
-0.0468597412
0.045211792
0.027130127
-0.0574188232
-0.0255126953
-0.0203094482
0.0691375732
0.000228881836
-0.121902466
-0.0312347412
-0.124786377
-0.146942139
0.105377197
0.027633667
0.11932373
0.130157471
0.153915405
7.62939453e-05
-0.128967285
