-0.000213623047
0.00933837891
-0.0171508789
-0.000335693359
-0.0356903076
0.0152893066
0.00831604004
-0.0018157959
-0.00335693359
4.57763672e-05
-0.00450134277
0.0153808594
0.00901794434
-0.00910949707
-0.00134277344
-0.00468444824
-0.317092896
0.317092896
0.158355713
-0.34967041
0.0116577148
0.280685425
-0.0741424561
0.344238281
0.363525391
0.0989227295
0.0401763916
0.141769409
0.199066162
-0.366851807
-0.0341949463
-0.00453186035
0.00816345215
-0.00297546387
0.00248718262
-0.00109863281
-0.0151672363
0.00675964355
-0.00016784668
-0.0052947998
0.0115356445
0.00588989258
0.00869750977
-0.0118408203
0.00280761719
0.00590515137
-0.0083770752
-0.0041809082
0.00161743164
-0.0029296875
0.00370788574
-0.0121002197
0.0109710693
0.00430297852
-0.00729370117
0.0022277832
-0.00778198242
-0.00624084473
0.00187683105
0.0092010498
0.00267028809
0.000915527344
-0.00132751465
-0.00343322754
0.0202178955
0.0101928711
0.00828552246
0.0131225586
-0.00135803223
0.0195770264
-0.00621032715
-0.0368041992
-0.0120697021
0.014541626
0.00199890137
-0.00219726562
0.0119171143
-0.0322418213
-0.0016784668
-0.00830078125
-0.00231933594
-0.00859069824
0.00495910645
-0.0020904541
0.0115509033
0.00497436523
-0.00508117676
0.00143432617
0.0206298828
0.00196838379
0.00819396973
-0.015045166
-0.00859069824
0.00148010254
0.0169830322
-0.0113220215
-0.00218200684
-0.00436401367
0.0116882324
-0.00543212891
0.00309753418
-0.00210571289
-0.00550842285
-0.00480651855
0.00262451172
-0.0016784668
0.0141296387
0.0013885498
0.00108337402
0.00811767578
-0.00970458984
0.00880432129
0.00927734375
-0.00106811523
0.00277709961
0.00402832031
-0.00584411621
0.00485229492
-0.00442504883
0.000793457031
-0.00485229492
0.00401306152
-0.00227355957
-0.0144195557
-0.00761413574
0.00796508789
-0.00361633301
-0.00411987305
0.00122070312
-0.00065612793
0.0107879639
0.00563049316
0.00198364258
0.00257873535
-0.00691223145
-0.00358581543
-0.000503540039
0.00517272949
-0.000564575195
-0.00267028809
0.00465393066
-0.00695800781
0.00668334961
-0.000915527344
-0.00201416016
0.000350952148
0.00143432617
-0.00114440918
0.00155639648
-0.0012512207
0.00227355957
-0.00476074219
-0.00102233887
-0.000946044922
-0.00215148926
0.00424194336
0.000152587891
-0.00805664062
0.0046081543
-0.0013885498
