-0.000152587891
-1.52587891e-05
-0.00294494629
-0.00372314453
0.000869750977
0.00700378418
-0.00161743164
-0.00938415527
-0.000350952148
-0.00161743164
-0.000289916992
0.00483703613
0.00527954102
0.00282287598
0.00328063965
0.000122070312
0.0117034912
0.00350952148
-0.0283050537
0.0271759033
0.015045166
-0.00807189941
-0.00628662109
-0.0236816406
-0.0289764404
0.0248413086
-0.0135040283
-0.000213623047
0.0120391846
0.0291290283
0.0190734863
-0.000503540039
0.00270080566
0.00720214844
0.00247192383
0.00798034668
-0.00469970703
0.00273132324
0.00453186035
0.00291442871
0.00308227539
0.00392150879
-0.00137329102
-0.00454711914
-0.000671386719
-0.00332641602
0.00173950195
0.00354003906
-0.00682067871
-0.00326538086
-0.0012512207
0.00492858887
0.0151672363
-0.00999450684
-0.00260925293
0.00595092773
-0.0173339844
0.000305175781
-0.0156402588
-0.00196838379
0.0254821777
-0.00282287598
-0.00395202637
0.00761413574
0.000457763672
-0.0117492676
-0.00221252441
0.00297546387
-0.00839233398
0.000259399414
-0.00277709961
-0.00311279297
-0.00157165527
-0.00210571289
0.00231933594
-0.0046081543
0.00665283203
0.00106811523
-0.00254821777
-0.00369262695
0.0171661377
0.0190734863
0.00694274902
-0.00451660156
0.0172424316
-0.0160217285
0.00636291504
-0.0202178955
-0.0139465332
0.00210571289
0.00372314453
0.0158081055
-0.00685119629
0.0165557861
-0.0152893066
0.00367736816
0.0104217529
0.0025177002
-0.00352478027
-0.00517272949
-0.000350952148
-0.00532531738
-0.00123596191
0.0011138916
0.000625610352
0.00863647461
0.00576782227
0.0111694336
0.00802612305
-0.00276184082
-0.013168335
-0.000930786133
-0.231048584
-0.268157959
0.155258179
-0.213745117
-0.327423096
0.235183716
-0.269042969
-0.253677368
-0.094909668
0.272140503
-0.128829956
0.213516235
0.237808228
-0.249526978
-0.192352295
-0.220016479
-0.0018157959
-0.00131225586
-0.0157470703
-0.0116271973
0.00164794922
-0.0118865967
0.000930786133
0.00155639648
0.00444030762
-0.00210571289
-0.00650024414
0.0009765625
-0.000366210938
0.00785827637
0.00126647949
-0.00494384766
-0.00260925293
-0.00358581543
-0.000183105469
0.00143432617
-0.00141906738
-0.00131225586
-0.00828552246
0.00538635254
-0.00193786621
0.0086517334
-0.00256347656
0.00158691406
0.00631713867
-0.00128173828
0.00119018555
-0.00192260742
