-0.00161743164
-0.00720214844
-0.0048828125
0.00517272949
-0.00141906738
0.00115966797
0.00819396973
-0.00207519531
-0.00888061523
0.00691223145
0.00120544434
0.00410461426
0.00923156738
-0.000442504883
-0.00750732422
0.00555419922
0.000534057617
0.00389099121
-0.00337219238
0.0034942627
-0.00238037109
7.62939453e-05
-0.00410461426
-0.00399780273
-0.00369262695
-0.00065612793
0.00773620605
-0.00158691406
0.00163269043
0.00352478027
-0.00323486328
-0.00166320801
-0.00830078125
-0.00810241699
0.00657653809
0.0387573242
-0.0183105469
-0.0101165771
0.0132904053
-0.0165100098
0.0197143555
-0.0106811523
-0.00736999512
0.00567626953
0.0181427002
-0.0388793945
-0.0085144043
0.0266723633
-0.34413147
0.202789307
0.299331665
-0.169692993
0.302001953
-0.197509766
-0.197555542
0.0935821533
-0.206237793
-0.196762085
-0.191894531
-0.170593262
0.326934814
0.24911499
-0.167373657
0.174316406
0.00123596191
-0.00347900391
-0.0143737793
0.0165405273
0.00900268555
0.00355529785
0.0159454346
0.00639343262
0.013092041
0.00103759766
0.00392150879
-0.00559997559
-0.0150604248
-0.0137023926
0.0117492676
4.57763672e-05
0.0363922119
0.00997924805
0.00570678711
-0.0227966309
0.0196228027
-0.0328979492
0.0262298584
-0.048324585
-0.0366516113
0.00828552246
-0.0040435791
-0.0109710693
-0.0218963623
-0.0228424072
-0.0362091064
-0.0438232422
0.0323028564
0.017578125
0.0065612793
0.012588501
-0.010345459
-0.0065612793
-0.00405883789
-0.00357055664
0.0134277344
-0.0090637207
0.0134277344
0.00260925293
0.0273284912
-0.0012512207
-0.0178985596
-0.0111694336
0.0295715332
0.0279846191
-0.0220031738
0.0287017822
0.0198516846
-0.0446166992
0.0239562988
0.013168335
-0.0083770752
-0.000595092773
0.0367736816
-0.0269317627
-0.0254669189
0.0276947021
0.0157012939
-0.0243682861
-0.0235290527
0.0740661621
0.107528687
0.088760376
-0.0789642334
0.098236084
-0.0536346436
0.0422363281
-0.0921783447
0.154037476
0.0722808838
0.016998291
0.0719299316
-0.106063843
0.0376434326
0.100143433
-0.00296020508
-0.0090637207
0.00883483887
-0.00250244141
0.00894165039
0.00257873535
0.00384521484
0.00462341309
-0.000122070312
0.00143432617
-0.00942993164
-0.00352478027
-0.00247192383
0.0121002197
0.0016784668
0.00953674316
