-0.0076293945
0.0023803711
0.0296630859
-0.0338134766
0.0058593750
0.0025634766
-0.0235595703
-0.0213012695
-0.0084838867
-0.0346679688
-0.0059204102
-0.0344848633
-0.0039062500
-0.0077514648
0.0087890625
-0.0120849609
-0.0548095703
0.0053710938
0.0189819336
-0.0479736328
0.0388793945
0.0192260742
-0.0051879883
0.0417480469
0.0817260742
-0.0383911133
0.0437622070
0.0139770508
-0.0229492188
-0.0712890625
-0.0077514648
-0.0097656250
-0.1475219727
-0.0583496094
-0.1176757812
-0.0079345703
0.0352783203
-0.1384887695
0.1188964844
-0.1062011719
-0.0889892578
-0.1717529297
-0.0457763672
-0.0614013672
0.0258789062
-0.0762939453
-0.0103759766
0.1920776367
0.0145874023
0.0689086914
0.1385498047
-0.1044311523
0.1271362305
-0.1096191406
-0.0587768555
0.1311035156
-0.0906982422
-0.0885620117
-0.0862426758
-0.0999755859
0.0930786133
0.1010131836
-0.0905151367
0.0716552734
-0.3214721680
0.1050415039
-0.3013305664
-0.0881347656
0.0985717773
-0.3153076172
0.3386230469
0.3156738281
0.3895263672
-0.2998046875
0.0747070312
-0.2346801758
0.0853881836
0.2229614258
0.0280761719
-0.0350341797
-0.0347900391
-0.0821533203
-0.0029296875
0.0377197266
-0.0917358398
0.0476074219
-0.0135498047
0.0519409180
0.0917968750
-0.0457763672
0.0635375977
-0.0748291016
0.0447998047
0.0594482422
0.0623779297
0.0326538086
0.0126953125
-0.0257568359
0.0146484375
-0.0230712891
0.0266723633
0.0169067383
-0.0166625977
0.0023803711
0.0173339844
-0.0258178711
-0.0089111328
0.0083007812
-0.0087280273
0.0117187500
-0.0007934570
0.0153808594
-0.1666259766
-0.1937255859
0.0250244141
-0.0894165039
-0.1593017578
0.0662841797
-0.1893920898
-0.1012573242
0.0302124023
0.1633300781
-0.0599365234
0.2235107422
0.0698242188
-0.2445678711
-0.1028442383
-0.1319580078
-0.0280761719
0.0352172852
0.0154418945
0.0238037109
-0.0382690430
0.0087280273
-0.0169067383
0.0341186523
-0.0319213867
0.0234375000
0.0433349609
0.0189819336
0.0025024414
-0.0495605469
0.0214233398
0.0551147461
0.0420532227
0.0280761719
-0.0324096680
0.0645751953
-0.0089111328
-0.0134887695
-0.0363159180
-0.0182495117
-0.0303344727
0.0433959961
-0.0132446289
0.0354003906
0.0733032227
0.0150756836
-0.0203247070
-0.0397338867
