-0.0103759766
-0.0250854492
0.0180664062
-0.0178222656
-0.0109863281
-0.0241699219
-0.0285034180
0.0265502930
-0.0170898438
-0.0140991211
0.0337524414
0.0292968750
0.0078735352
-0.0097656250
0.0170898438
0.0100097656
0.0020141602
0.0021362305
0.0139770508
0.0023193359
-0.0091552734
0.0020141602
-0.0167236328
-0.0057983398
-0.0021362305
0.0051879883
0.0085449219
0.0010375977
0.0031738281
0.0139770508
-0.0026245117
-0.0148925781
-0.0113525391
0.0090942383
0.0225219727
-0.0078125000
0.0144042969
-0.0134887695
0.0263671875
-0.0250854492
-0.0120239258
-0.0313720703
-0.0059814453
-0.0217285156
0.0314941406
-0.0143432617
0.0166015625
0.0424804688
-0.0774536133
0.1053466797
0.2095947266
-0.2027587891
0.1461181641
-0.1372680664
-0.1038208008
0.2378540039
-0.1422729492
-0.1295776367
-0.1550903320
-0.1407470703
0.1881103516
0.1528930664
-0.1220703125
0.1550292969
-0.0834350586
0.0276489258
-0.0474853516
0.0010986328
-0.0077514648
-0.0615234375
0.0586547852
0.1029663086
0.0846557617
-0.0870971680
-0.0020141602
-0.0145874023
-0.0081787109
0.0220947266
0.0253906250
-0.0274047852
-0.0840454102
-0.1636962891
0.0518188477
0.1588745117
-0.0987548828
0.1586303711
-0.1151733398
0.1733398438
0.2000122070
-0.0639648438
0.1921997070
-0.1780395508
0.1936035156
0.1798095703
0.1813964844
0.2348022461
0.0136718750
0.0042724609
0.0299682617
0.0011596680
-0.0074462891
-0.0062255859
-0.0041503906
0.0087890625
0.0167236328
0.0154418945
0.0093383789
0.0018310547
0.0145263672
-0.0091552734
-0.0176391602
0.0092773438
-0.1871337891
-0.1835327148
0.0393676758
-0.0464477539
-0.1399536133
0.1137695312
-0.1691894531
-0.0556030273
0.0944213867
0.1796875000
-0.0596923828
0.2028808594
0.0681762695
-0.2234497070
-0.0129394531
-0.1547241211
0.0179443359
0.0214843750
0.0069580078
-0.0008544922
-0.0061035156
-0.0312500000
-0.0725708008
-0.0008544922
-0.0360107422
0.0292358398
0.0456542969
-0.0048217773
0.0595703125
-0.0430908203
-0.0079345703
0.0257568359
0.2035522461
0.0046997070
-0.2762451172
0.2996826172
-0.0297851562
-0.3137207031
-0.2614135742
-0.2906494141
-0.2939453125
0.3001708984
-0.0813598633
0.3308105469
0.3125000000
0.0200805664
-0.0036621094
-0.3187255859
