-0.0090332031
0.0037841797
0.0231323242
-0.0431518555
0.0291748047
-0.0039672852
-0.0194702148
-0.0212402344
0.0082397461
-0.0093994141
0.0093994141
-0.0065917969
-0.0176391602
-0.0137329102
0.0268554688
0.0001831055
-0.0029907227
-0.0027465820
-0.0000610352
0.0194091797
0.0020751953
0.0128173828
0.0040283203
-0.0168457031
-0.0213012695
0.0036010742
0.0221557617
0.0020141602
-0.0076904297
0.0224609375
0.0268554688
-0.0289306641
-0.1184692383
-0.0859375000
-0.0550537109
0.0034179688
0.0284423828
-0.1039428711
0.0937500000
-0.0759277344
-0.0753784180
-0.1093139648
-0.0321655273
-0.0796508789
0.0549316406
-0.0331420898
0.0296020508
0.1005249023
0.0063476562
0.0191040039
0.0661621094
-0.0323486328
0.0526733398
-0.0369873047
0.0021972656
0.0708618164
-0.0219726562
-0.0278930664
-0.0216064453
-0.0106811523
0.0559082031
0.0338134766
-0.0169677734
0.0163574219
-0.1138305664
0.0918579102
-0.0636596680
-0.0064697266
0.0544433594
-0.0559082031
0.0861206055
0.0966186523
0.1184082031
-0.0612182617
0.0078125000
-0.0770263672
0.0039672852
0.0533447266
0.0031738281
-0.0557250977
-0.0790405273
-0.2081909180
-0.0283813477
0.1737060547
-0.0494995117
0.1766967773
-0.1078491211
0.1831665039
0.2091064453
-0.0751342773
0.1954345703
-0.1777343750
0.1923828125
0.1395263672
0.1861572266
0.2423095703
-0.0128784180
0.0047607422
0.0375366211
0.0087280273
-0.0207519531
-0.0073852539
0.0010375977
0.0113525391
-0.0062255859
0.0098266602
-0.0032958984
0.0209960938
0.0303344727
0.0095214844
-0.0015258789
-0.0024414062
-0.1708374023
-0.1984863281
0.0588378906
-0.1012573242
-0.1347045898
0.1613159180
-0.1841430664
-0.0855712891
0.0242309570
0.1604003906
-0.0620117188
0.1920776367
0.0616455078
-0.2447509766
-0.0768432617
-0.1220092773
-0.0349731445
0.0628051758
0.0272216797
0.0142211914
-0.0517578125
-0.0074462891
-0.0428466797
0.0431518555
-0.0607910156
-0.0012817383
0.0611572266
0.0367431641
0.0525512695
-0.0714111328
0.0181274414
0.0612792969
0.2197875977
0.0223388672
-0.2758178711
0.3167724609
-0.0817871094
-0.2841796875
-0.2934570312
-0.2836303711
-0.2664794922
0.3080444336
-0.1476440430
0.3061523438
0.3230590820
-0.0344848633
0.0323486328
-0.2816772461
