-0.0129394531
-0.0189208984
0.0252075195
0.0064086914
0.0225219727
0.0132446289
-0.0049438477
0.0065307617
0.0250854492
-0.0104370117
0.0324096680
0.0035400391
-0.0168457031
0.0119018555
0.0293579102
0.0006103516
0.0303955078
-0.0275878906
0.0038452148
0.0277709961
0.0035400391
0.0068359375
0.0250854492
-0.0311279297
-0.0225830078
0.0124511719
0.0139160156
-0.0078735352
-0.0009765625
0.0177612305
-0.0364379883
0.0339965820
-0.3596801758
-0.2252197266
-0.2677612305
-0.0319824219
-0.0985107422
-0.3007812500
0.3245849609
0.0188598633
-0.3061523438
-0.2812500000
-0.1884765625
-0.0730590820
-0.0414428711
-0.1416015625
-0.0669555664
0.2924804688
-0.1485595703
0.1437377930
0.2038574219
-0.2885742188
0.2803344727
-0.2254638672
-0.1990356445
0.1066894531
-0.2197265625
-0.1868896484
-0.1969604492
-0.2181396484
0.1781005859
0.1883544922
-0.1674804688
0.1608886719
-0.0379028320
0.0507202148
-0.0321655273
0.0053100586
0.0428466797
-0.0206909180
0.0871582031
0.0412597656
0.0507812500
-0.0282592773
0.0190429688
-0.0583496094
-0.0103149414
0.0319213867
0.0078735352
0.0131835938
-0.1173706055
-0.2013549805
0.0932006836
0.1793823242
-0.1253051758
0.2761840820
-0.1419677734
0.1831054688
0.2674560547
-0.1022949219
0.1744384766
-0.1847534180
0.2128906250
0.2376098633
0.2223510742
0.3286132812
0.0380859375
-0.0073852539
0.0061035156
-0.0024414062
-0.0021972656
0.0026855469
-0.0003051758
0.0014038086
0.0065917969
0.0164794922
-0.0051879883
0.0053710938
-0.0009155273
0.0032348633
0.0234985352
-0.0194091797
-0.0756835938
-0.1247558594
0.0808105469
-0.0666503906
-0.1227416992
0.0719604492
-0.1537475586
-0.0516357422
-0.0311279297
0.1507568359
-0.0234375000
0.1019287109
0.0416259766
-0.1557006836
-0.0333251953
-0.1084594727
-0.0642700195
0.0238647461
0.0125122070
0.1354980469
-0.0438842773
0.1226196289
-0.0717773438
0.1252441406
-0.0900878906
0.0909423828
0.1174926758
0.0905151367
0.0969848633
-0.1172485352
0.1041259766
0.1001586914
0.1670532227
-0.0982055664
-0.1324462891
0.1556396484
-0.0433349609
-0.0562133789
-0.0972900391
-0.1581420898
-0.1222534180
0.1253051758
-0.0578002930
0.0595092773
0.1102294922
0.0099487305
-0.0217285156
-0.0800781250
