-0.0084228516
-0.0140991211
0.0172729492
-0.0220336914
0.0045166016
-0.0052490234
0.0101318359
0.0249633789
-0.0201416016
-0.0268554688
0.0045776367
0.0057983398
-0.0226440430
-0.0247802734
0.0020141602
0.0085449219
-0.0042724609
-0.0076293945
-0.0065307617
-0.0037841797
0.0119018555
0.0010986328
-0.0032958984
-0.0024414062
-0.0018310547
0.0052490234
-0.0030517578
-0.0102539062
0.0003662109
-0.0017089844
-0.0059814453
-0.0059204102
-0.1644287109
-0.0690307617
-0.0461425781
-0.0018920898
0.0328979492
-0.1345825195
0.0955810547
-0.0869140625
-0.0804443359
-0.1176757812
-0.0606079102
-0.0258789062
0.0293579102
-0.0537719727
0.0396118164
0.1287231445
-0.0835571289
0.1008300781
0.1242675781
-0.0902099609
0.1560668945
-0.1129150391
-0.0731811523
0.1346435547
-0.1271362305
-0.0902099609
-0.1388549805
-0.1055908203
0.1349487305
0.1273803711
-0.0570678711
0.0756225586
-0.1695556641
-0.0120239258
-0.1802978516
-0.0347290039
0.0056152344
-0.1846923828
0.1519165039
0.1636352539
0.1880493164
-0.1603393555
-0.0183715820
-0.1706542969
-0.0253906250
0.1309814453
0.0522460938
-0.0175170898
-0.0183105469
-0.1345214844
0.0073242188
0.1107788086
-0.0404663086
0.1145629883
-0.0388183594
0.0855102539
0.0853271484
-0.0400390625
0.0759277344
-0.0902099609
0.1198120117
0.0639648438
0.1316528320
0.1033935547
0.0064086914
0.0146484375
-0.0017089844
-0.0129394531
0.0050659180
-0.0170288086
0.0052490234
-0.0003662109
-0.0153198242
0.0054321289
0.0039672852
-0.0042724609
0.0005493164
0.0045166016
0.0114135742
-0.0145263672
-0.2316284180
-0.2841796875
0.0730590820
-0.0780029297
-0.2133178711
0.1727294922
-0.2495727539
-0.1637573242
0.0330200195
0.1768188477
-0.1157836914
0.2926025391
0.0716552734
-0.3234252930
-0.0569458008
-0.2241821289
-0.0254516602
0.0399780273
-0.0137939453
-0.0009155273
-0.0287475586
0.0316162109
-0.0164794922
0.0402832031
-0.0156250000
-0.0136108398
0.0231933594
0.0204467773
0.0350952148
-0.0305786133
-0.0109252930
0.0570068359
0.1668701172
-0.0059204102
-0.2821044922
0.2648315430
-0.0781860352
-0.3038940430
-0.2250976562
-0.3270874023
-0.3056640625
0.2829589844
-0.0224609375
0.3255615234
0.2979125977
0.1314697266
-0.0449218750
-0.3211059570
