-0.0603637695
-0.0321655273
0.0703735352
-0.0640258789
0.0422973633
0.0058593750
-0.0700073242
-0.0186157227
0.0289306641
-0.0506591797
0.0438842773
0.0217285156
-0.0874023438
-0.0447387695
-0.0197753906
0.0681762695
0.0172729492
-0.0321655273
0.0056152344
0.0270385742
-0.0036010742
0.0111083984
0.0120239258
-0.0364990234
-0.0407714844
0.0039062500
0.0500488281
-0.0143432617
-0.0216674805
0.0147705078
-0.0121459961
-0.0108032227
-0.2018432617
-0.1083374023
-0.0731201172
0.0822753906
-0.1276245117
-0.1979370117
0.1926879883
-0.0651245117
-0.1411743164
-0.1810913086
-0.0843505859
-0.1515502930
0.0621337891
-0.0418090820
0.0478515625
0.2101440430
-0.1312866211
0.1364746094
0.1154174805
-0.1733398438
0.1519775391
-0.1138916016
-0.0957641602
0.1251831055
-0.1199951172
-0.1226806641
-0.1109008789
-0.0192871094
0.1441650391
0.1491699219
-0.1169433594
0.0974731445
-0.0064697266
0.0078125000
0.0240478516
0.0164794922
-0.0083618164
0.0123291016
-0.0042114258
-0.0000610352
0.0004882812
0.0133666992
-0.0307006836
0.0160522461
0.0144653320
-0.0040283203
0.0306396484
0.0178833008
-0.0501098633
-0.1662597656
0.0477294922
0.1620483398
-0.1299438477
0.1871948242
-0.1252441406
0.1383056641
0.2337036133
-0.0968017578
0.1643676758
-0.1331787109
0.1399536133
0.1816406250
0.2522583008
0.2247314453
0.0406494141
-0.0043334961
0.0256347656
0.0062866211
-0.0321655273
0.0093383789
0.0324707031
0.0424804688
0.0134277344
0.0137329102
-0.0182495117
-0.0029907227
0.0059814453
0.0051879883
0.0015869141
-0.0144042969
-0.0695190430
-0.0470581055
-0.0068969727
0.0014648438
-0.0836791992
0.0676879883
-0.0727539062
-0.0792236328
-0.0441894531
0.1107788086
-0.0912475586
0.0562744141
-0.0053710938
-0.1021118164
-0.0213623047
-0.0946044922
-0.3311157227
0.3198852539
0.0240478516
-0.0355834961
-0.3713989258
-0.0465087891
-0.0643920898
0.3127441406
-0.3218383789
0.0550537109
0.1250000000
0.2985839844
0.1014404297
-0.2241210938
0.1521606445
0.3377685547
0.0028686523
0.0126342773
0.0121459961
0.0180664062
0.0122680664
0.0023193359
0.0333862305
-0.0029907227
0.0092163086
0.0032958984
-0.0377807617
-0.0130615234
0.0061645508
-0.0287475586
0.0002441406
0.0010375977
