-0.0234985352
-0.0089111328
0.0314331055
-0.0305175781
-0.0070800781
-0.0058593750
-0.0184936523
-0.0178833008
-0.0042114258
-0.0438842773
-0.0001831055
-0.0230712891
-0.0255126953
-0.0250854492
0.0484008789
0.0169067383
0.0024414062
-0.0135498047
-0.0186157227
0.0116577148
0.0070190430
-0.0022583008
-0.0119018555
0.0023803711
-0.0153198242
-0.0199584961
0.0205688477
0.0041503906
0.0229492188
0.0209960938
0.0029907227
-0.0169677734
-0.1416625977
-0.0465087891
-0.0769653320
0.0027465820
-0.0005493164
-0.1115722656
0.0987548828
-0.0786132812
-0.0651245117
-0.1610717773
-0.0646972656
-0.0374145508
-0.0143432617
-0.0437011719
0.0174560547
0.1895141602
-0.0609741211
0.0982666016
0.2349853516
-0.0810546875
0.1300659180
-0.1230468750
-0.1270751953
0.1450805664
-0.1508178711
-0.1096801758
-0.1219482422
-0.0841674805
0.1537475586
0.1569213867
-0.1062622070
0.1295776367
-0.3181152344
-0.0900878906
-0.2962036133
-0.0150146484
0.0017700195
-0.3146362305
0.3261718750
0.3246459961
0.3657226562
-0.3149414062
-0.0275268555
-0.2737426758
0.1167602539
0.2737426758
-0.0277099609
-0.1354980469
-0.0481567383
-0.0441894531
-0.0463256836
0.0263671875
-0.0327148438
0.0212402344
-0.0343017578
0.0396118164
0.0385131836
-0.0502319336
0.0526733398
-0.0604248047
0.0220947266
0.0316772461
0.0831909180
0.0481567383
0.0050659180
-0.0064697266
-0.0003051758
-0.0140380859
-0.0043945312
0.0036010742
-0.0026245117
0.0137939453
0.0046997070
0.0050659180
-0.0120239258
0.0088500977
-0.0147705078
0.0036010742
-0.0033569336
0.0111694336
-0.1777954102
-0.1951904297
0.0648193359
-0.0658569336
-0.1492309570
0.1364746094
-0.1969604492
-0.1173095703
0.0357055664
0.1493530273
-0.1360473633
0.1834716797
0.1146240234
-0.2399291992
-0.0554199219
-0.1563720703
0.0016479492
-0.0069580078
-0.0016479492
-0.0036010742
0.0140991211
-0.0122680664
-0.0117187500
0.0059204102
-0.0102539062
-0.0004272461
0.0119018555
-0.0037841797
-0.0001220703
-0.0047607422
-0.0056762695
0.0077514648
0.0377807617
-0.0072021484
-0.0578002930
0.1307373047
-0.0607910156
-0.0861206055
-0.1340942383
-0.0629882812
-0.0740356445
0.1290283203
-0.1217651367
0.1157836914
0.1217651367
-0.0330200195
-0.0223388672
-0.0764160156
