-0.0438232422
-0.0977783203
0.0937500000
-0.0555419922
0.0496826172
-0.0068969727
-0.0553588867
-0.0170288086
0.0195312500
-0.0109863281
0.1018676758
-0.0294189453
-0.0731811523
-0.0675048828
0.0002441406
0.0512695312
-0.0173950195
-0.0317993164
0.0184326172
0.0037841797
-0.0053100586
0.0234985352
0.0053100586
-0.0205688477
-0.0170898438
-0.0279541016
0.0672607422
-0.0021362305
-0.0491943359
0.0161132812
0.0000610352
-0.0152587891
-0.1808471680
-0.0874023438
-0.1381225586
-0.0313110352
-0.0499267578
-0.1817016602
0.1746826172
0.0108032227
-0.1586914062
-0.1163330078
-0.1419677734
-0.0393066406
0.0679321289
-0.1452026367
-0.0194702148
0.1710205078
-0.0791625977
0.1746826172
0.2595825195
-0.2495117188
0.2200927734
-0.1477661133
-0.1110839844
0.1828613281
-0.1430664062
-0.2069091797
-0.1956787109
-0.1351928711
0.1769409180
0.1947631836
-0.1446533203
0.1712646484
0.0274658203
-0.0585327148
0.0225830078
0.0071411133
-0.0046997070
0.0369873047
-0.0292968750
0.0103149414
-0.0216674805
0.0562744141
-0.0233154297
0.0245971680
-0.0161132812
-0.0118408203
0.0019531250
0.0051269531
-0.0316772461
-0.2255859375
-0.0554199219
0.1493530273
-0.0281982422
0.2104492188
-0.0919189453
0.1173706055
0.2208251953
-0.1090698242
0.1386108398
-0.1772460938
0.1822509766
0.1157226562
0.2162475586
0.2125244141
0.0120849609
0.0140991211
0.0430297852
-0.0029907227
-0.0004882812
-0.0110473633
-0.0062866211
-0.0031127930
0.0355224609
-0.0077514648
0.0112304688
0.0092773438
0.0117797852
-0.0145263672
-0.0121459961
-0.0020141602
-0.0308227539
-0.0397949219
0.0651245117
-0.0711059570
-0.0979003906
0.0416870117
-0.0777587891
-0.0482788086
0.0149536133
0.1077270508
0.0408325195
0.0628662109
0.0421752930
-0.0932617188
0.0042724609
-0.0756225586
-0.2839965820
0.3018188477
0.1121826172
0.1742553711
-0.3010864258
0.0952148438
-0.2235717773
0.2795410156
-0.2876586914
0.3077392578
0.2026977539
0.2327880859
0.1458129883
-0.2308959961
0.2008056641
0.3273315430
-0.0037231445
0.0204467773
-0.0260620117
0.0803833008
0.0174560547
-0.0223999023
-0.0199584961
-0.0354003906
-0.0222167969
0.0387573242
0.0029907227
0.0303955078
0.0483398438
0.0558471680
-0.0437011719
-0.0366210938
