-0.0018310547
-0.0256347656
0.0387573242
-0.0512084961
0.0042724609
-0.0133666992
-0.0208740234
0.0184936523
0.0135498047
-0.0485839844
0.0399780273
0.0245361328
-0.0202026367
-0.0596313477
-0.0046386719
0.0493164062
0.0018310547
0.0147094727
-0.0024414062
-0.0039672852
0.0194091797
0.0011596680
-0.0081176758
0.0096435547
-0.0014648438
0.0046997070
0.0008544922
0.0162963867
0.0057373047
0.0003662109
0.0072631836
0.0053100586
-0.2023315430
-0.0494995117
-0.0791625977
0.0597534180
0.0070190430
-0.1519775391
0.1557617188
-0.0552978516
-0.1393432617
-0.1462402344
-0.0171508789
-0.0661621094
0.0739746094
-0.0694580078
0.0872802734
0.1959838867
-0.1156005859
0.1033325195
0.1828002930
-0.1063232422
0.1635131836
-0.1557617188
-0.0609130859
0.0725097656
-0.1400756836
-0.1219482422
-0.1518554688
-0.1222534180
0.1655883789
0.1240234375
-0.0467529297
0.1754760742
-0.0360107422
-0.0556640625
-0.0327148438
0.0169067383
-0.0078735352
-0.0266723633
0.0498657227
0.0576782227
0.0433349609
-0.0840454102
0.0098266602
-0.0438232422
0.0184326172
0.0580444336
0.0006103516
0.0412597656
-0.0230102539
-0.1456298828
0.0734252930
0.1137695312
-0.0398559570
0.1273193359
-0.0829467773
0.1172485352
0.1250610352
-0.1549072266
0.1990356445
-0.1470947266
0.1253051758
0.0878295898
0.1466674805
0.1909790039
0.0113525391
0.0205078125
0.0252075195
0.0087890625
-0.0272827148
-0.0194091797
0.0085449219
0.0138549805
-0.0404052734
0.0416870117
0.0137939453
0.0109863281
0.0396728516
-0.0162963867
-0.0252075195
-0.0037841797
-0.2427368164
-0.2684326172
0.1748046875
-0.1921997070
-0.2804565430
0.2464599609
-0.2760620117
-0.2758789062
-0.0519409180
0.3247070312
-0.1523437500
0.2518920898
0.1773071289
-0.2745361328
-0.2215576172
-0.2462158203
-0.0018310547
-0.0046997070
-0.0035400391
-0.0083007812
0.0083618164
-0.0209350586
-0.0048828125
-0.0223388672
0.0056152344
0.0039672852
-0.0053710938
-0.0056152344
0.0074462891
-0.0051879883
-0.0039062500
0.0006713867
0.0657348633
0.0650634766
-0.0087890625
0.0820312500
0.0106811523
-0.0414428711
-0.0447387695
-0.0646972656
-0.0091552734
0.0531005859
-0.0277709961
0.0308837891
0.0776367188
0.0394287109
0.0086059570
-0.0273437500
