-0.0513305664
-0.0464477539
0.0598754883
-0.1048583984
0.0145263672
-0.0921630859
-0.0566406250
0.0228881836
0.0429077148
-0.0826416016
0.0598144531
-0.0013427734
-0.0285034180
-0.0465087891
0.0352172852
0.0572509766
-0.0034179688
0.0098876953
-0.0216674805
0.0272216797
0.0109252930
-0.0013427734
-0.0083007812
-0.0313110352
-0.0241699219
0.0078125000
0.0038452148
0.0111083984
0.0031738281
0.0415649414
0.0199584961
-0.0135498047
-0.1605224609
-0.0688476562
-0.0524902344
-0.0342407227
0.0655517578
-0.1278686523
0.1059570312
-0.0379028320
-0.0944824219
-0.1785278320
-0.0598754883
-0.0590209961
0.0071411133
-0.1118164062
0.0131835938
0.2202148438
-0.0167236328
0.0244750977
0.1155395508
-0.0897216797
0.0709838867
-0.0560302734
-0.1032104492
0.1547241211
-0.0672607422
-0.0305786133
-0.0463867188
-0.0614013672
0.0640258789
0.0429077148
-0.0634155273
0.0128784180
-0.3131713867
-0.1049194336
-0.3147583008
-0.0311279297
-0.0822753906
-0.3212280273
0.3020629883
0.3314208984
0.3434448242
-0.3083496094
-0.0260009766
-0.3011474609
0.0812377930
0.2990112305
-0.0131835938
-0.1382446289
-0.1028442383
-0.0812377930
0.0435791016
0.0343017578
-0.1139526367
0.1300659180
-0.0538330078
0.1056518555
0.1561889648
-0.0755004883
0.0787353516
-0.0972900391
0.0661010742
0.1025390625
0.0917968750
0.1530761719
0.0106201172
-0.0331420898
0.0201416016
-0.0491943359
0.0147094727
0.0262451172
-0.0339965820
-0.0562133789
0.0024414062
0.0044555664
0.0283203125
0.0198364258
0.0032958984
0.0187377930
0.0003051758
0.0552978516
-0.1177368164
-0.1964111328
0.0526123047
-0.0560913086
-0.1508789062
0.1107788086
-0.1813964844
-0.0656738281
0.0482177734
0.1412353516
-0.1004028320
0.1898193359
0.0430297852
-0.2208862305
-0.1100463867
-0.1171264648
0.0059814453
-0.0085449219
-0.0161743164
0.0402832031
0.0136108398
0.0159912109
-0.0393676758
0.0177612305
-0.0101928711
0.0374755859
0.0122070312
0.0039672852
0.0194702148
-0.0142822266
0.0017700195
0.0006103516
0.0163574219
0.0166015625
-0.0847778320
0.0675659180
-0.0541992188
-0.0707397461
-0.0545043945
-0.0585327148
-0.0962524414
0.0501098633
0.0050048828
0.0592041016
0.0867919922
0.0231323242
-0.0201416016
-0.0732421875
