-0.1017456055
-0.1426391602
0.1409912109
-0.1322631836
0.1297607422
-0.0784301758
-0.1401977539
0.0302734375
0.0947875977
-0.1737060547
0.1553344727
0.0294189453
-0.0924682617
-0.1116943359
0.0449829102
0.0730590820
0.0185546875
-0.0170898438
0.0549926758
0.0185546875
0.0415649414
0.0075683594
-0.0139160156
-0.0015258789
-0.0002441406
-0.0339965820
-0.0057983398
0.0007934570
-0.0147705078
-0.0100097656
0.0131225586
-0.0187377930
-0.0875854492
-0.0314941406
-0.0314941406
-0.0170288086
0.0344848633
-0.0834350586
0.0883789062
0.0231323242
-0.0494384766
-0.0414428711
-0.0039062500
-0.0091552734
0.0101318359
-0.0095214844
-0.0338134766
0.1080932617
-0.0888061523
0.1496582031
0.1974487305
-0.2050781250
0.1909179688
-0.1045532227
-0.1065673828
0.1284179688
-0.0745849609
-0.0910034180
-0.1865844727
-0.0704345703
0.1577148438
0.1514892578
-0.1892089844
0.1154174805
-0.1008911133
-0.0061035156
-0.0786132812
-0.0068359375
0.0282592773
-0.0660400391
0.0776367188
0.0910034180
0.1301879883
-0.0999145508
0.0016479492
-0.1285400391
0.0203857422
0.0869750977
0.0633544922
-0.0269165039
-0.0675048828
-0.1215209961
0.0465698242
0.1248779297
-0.0747680664
0.0989990234
-0.0100097656
0.1163940430
0.1403198242
-0.0794677734
0.1003417969
-0.0707397461
0.1456298828
0.0731811523
0.1338500977
0.1646728516
-0.0192260742
0.3511352539
0.0703125000
0.2645874023
-0.2553710938
-0.2642211914
0.2991333008
0.2626953125
0.0697631836
0.1099853516
-0.2717895508
-0.0614013672
0.2440795898
-0.3510131836
-0.1501464844
-0.3668212891
-0.0038452148
-0.0441284180
0.0320434570
0.0103759766
-0.0260620117
0.0656738281
-0.0497436523
-0.0444946289
0.0199584961
0.0497436523
-0.0059814453
0.0453491211
-0.0139160156
-0.0396118164
0.0054321289
-0.0051269531
0.0429077148
0.0189819336
0.0537719727
0.0140991211
0.0166015625
0.0316162109
-0.0496826172
-0.0164794922
-0.0156250000
0.0202636719
0.0543823242
0.0015869141
0.0593872070
-0.0203857422
-0.0007324219
0.0023803711
0.0339965820
0.0201416016
-0.0595703125
0.0208129883
-0.0409545898
-0.0185546875
0.0353393555
-0.0485229492
-0.0266723633
0.0164184570
-0.0441284180
0.0468750000
0.0227050781
-0.0614624023
0.0200805664
-0.0352172852
