-0.1472167969
-0.1859741211
0.1751098633
-0.1359252930
0.1834106445
-0.1542358398
-0.1920776367
0.1097412109
0.0926513672
-0.1741333008
0.1704711914
0.1016235352
-0.1296386719
-0.1243286133
0.0053100586
0.1713256836
-0.0161132812
0.0023193359
0.0051879883
-0.0026245117
0.0197753906
0.0266723633
-0.0051879883
0.0001220703
-0.0050048828
0.0160522461
0.0161743164
0.0095214844
0.0073242188
-0.0138549805
-0.0119628906
-0.0078735352
-0.0656127930
-0.0073242188
-0.0174560547
-0.0059204102
-0.0006713867
-0.0322875977
0.0251464844
-0.0242919922
-0.0424194336
-0.0294189453
0.0003662109
-0.0564575195
0.0041503906
0.0238647461
0.0192260742
0.0621948242
-0.1203613281
0.1445312500
0.1937866211
-0.1383056641
0.1881713867
-0.1434326172
-0.1113891602
0.1987304688
-0.1630859375
-0.1301879883
-0.1840820312
-0.1200561523
0.1525878906
0.2038574219
-0.1506347656
0.0990600586
-0.0031738281
0.0233764648
0.0135498047
-0.0149536133
0.0157470703
-0.0017089844
0.0255737305
0.0159912109
0.0174560547
0.0055541992
0.0444946289
-0.0061645508
-0.0068359375
-0.0049438477
0.0019531250
0.0123901367
-0.0541992188
-0.2235717773
-0.0147094727
0.2158203125
-0.1097412109
0.2159423828
0.0264892578
0.2699584961
0.2353515625
-0.2174682617
0.1701660156
-0.1166381836
0.2006835938
0.1884765625
0.1971435547
0.2886352539
0.1192626953
0.3418579102
0.2431030273
0.2214965820
-0.2683715820
-0.1804199219
0.2079467773
0.2600097656
0.0974121094
0.1505737305
-0.0967407227
0.0295410156
0.2619018555
-0.2329711914
-0.3548583984
-0.2368774414
0.0169067383
-0.0252075195
0.0195922852
0.0185546875
-0.0490722656
0.0515747070
-0.0565795898
-0.0578613281
0.0236816406
0.0309448242
0.0117797852
0.0245361328
-0.0039672852
-0.0441894531
0.0213623047
-0.0275878906
-0.0787963867
0.0706787109
0.0799560547
0.0391235352
-0.0706176758
0.0458374023
-0.0803222656
0.1068725586
-0.0697631836
0.0414428711
0.0554809570
0.0827636719
0.1403808594
-0.0875854492
0.0989990234
0.0371093750
0.0370483398
-0.0514526367
-0.0795898438
0.1122436523
-0.0048217773
-0.1185913086
-0.0883789062
-0.1560058594
-0.1507568359
0.1410522461
-0.1062622070
0.1699829102
0.1093750000
0.0156250000
0.0410766602
-0.1321411133
