-0.0155029297
-0.0068359375
0.0137939453
-0.0368041992
-0.0219726562
0.0161743164
-0.0210571289
0.0148315430
0.0167236328
-0.0337524414
0.0390625000
0.0155029297
-0.0195312500
-0.0037231445
0.0344848633
0.0129394531
0.0270385742
-0.0130004883
0.0136718750
0.0031738281
0.0211791992
0.0169677734
-0.0175170898
0.0009765625
-0.0087890625
-0.0358886719
0.0416870117
0.0093994141
-0.0067749023
0.0054931641
-0.0093994141
-0.0588989258
-0.0619506836
0.0118408203
-0.0326538086
0.0325317383
-0.0009155273
-0.0550537109
0.0251464844
-0.0286865234
-0.0576171875
-0.0187988281
-0.0225830078
-0.0227050781
0.0162963867
-0.0443115234
-0.0105590820
0.0520019531
-0.2660522461
0.1923217773
0.2966308594
-0.2345581055
0.2243041992
-0.2529296875
-0.2163085938
0.1605224609
-0.2191772461
-0.2440185547
-0.3086547852
-0.1768188477
0.2908325195
0.2698364258
-0.2320556641
0.2480468750
-0.0025024414
-0.0318603516
0.0236206055
0.0150146484
-0.0204467773
0.0086059570
-0.0241699219
-0.0096435547
-0.0115356445
-0.0039062500
0.0205078125
0.0101318359
0.0123291016
-0.0053100586
-0.0187377930
0.0209960938
-0.1099243164
-0.1922607422
0.0222167969
0.1090698242
-0.0889282227
0.2022705078
-0.1427001953
0.1745605469
0.1879272461
-0.0444946289
0.1832275391
-0.0962524414
0.2089843750
0.1285400391
0.2322387695
0.2885742188
0.0166015625
0.0035400391
0.0060424805
-0.0010375977
0.0027465820
-0.0017700195
0.0036621094
0.0109252930
-0.0043945312
-0.0093383789
0.0081176758
0.0125122070
0.0014038086
-0.0001220703
-0.0031738281
-0.0097656250
-0.0314941406
-0.0695190430
-0.0314331055
0.0224609375
-0.0567626953
0.0332641602
-0.0586547852
-0.0429077148
-0.0455322266
0.0499877930
0.0031127930
0.0376586914
-0.0047607422
-0.0554809570
-0.0546875000
-0.0433349609
-0.0407714844
0.0435180664
-0.0419921875
-0.0328979492
-0.0160522461
0.0187377930
-0.0051269531
0.0166625977
-0.0424194336
0.0009155273
0.0109863281
0.0175781250
0.0067138672
0.0228271484
0.0022583008
0.0177001953
0.0778808594
0.0104370117
-0.0394897461
0.0933837891
-0.0040283203
-0.0427856445
-0.0520019531
-0.0520629883
-0.0413208008
0.0674438477
-0.0524902344
0.0441894531
0.0599975586
0.0194702148
-0.0228881836
-0.0350341797
