-0.0291748047
-0.0584716797
0.0375366211
-0.0017089844
0.0134277344
-0.0092163086
-0.0422973633
0.0227050781
-0.0161132812
-0.0063476562
0.0744018555
0.0061645508
-0.0274658203
-0.0142822266
0.0046997070
0.0524291992
0.0328369141
-0.0230712891
-0.0024414062
0.0225219727
-0.0045166016
-0.0122680664
-0.0070190430
-0.0310668945
-0.0307617188
0.0061645508
0.0200805664
-0.0100708008
0.0193481445
0.0260009766
-0.0253295898
-0.0083618164
-0.3510131836
-0.1387939453
-0.3118896484
-0.0168457031
-0.0249633789
-0.3151855469
0.3021850586
-0.0904541016
-0.3220214844
-0.3211059570
-0.1777343750
-0.1946411133
0.0546875000
-0.1290893555
0.1793212891
0.3460693359
-0.0696411133
0.1457519531
0.1372070312
-0.1447753906
0.0888061523
-0.1367797852
-0.0688476562
0.0686645508
-0.0974731445
-0.0569458008
-0.1629638672
-0.0937500000
0.1763916016
0.1315917969
-0.1141967773
0.1336669922
0.0103149414
0.0274658203
0.0390625000
0.0338134766
0.0097656250
0.0036010742
0.0028686523
-0.0134887695
-0.0119628906
0.0211791992
0.0332641602
0.0026855469
0.0121459961
-0.0239868164
-0.0081787109
0.0728149414
-0.0255737305
-0.1482543945
-0.0081787109
0.0177001953
-0.1011352539
0.1384277344
-0.0704345703
0.1166992188
0.1033935547
-0.0181274414
0.1165771484
-0.0411376953
0.0994873047
0.0142211914
0.1374511719
0.1200561523
-0.0224609375
-0.0165405273
0.0382690430
-0.0075073242
-0.0139160156
-0.0129394531
-0.0069580078
0.0280761719
0.0305786133
0.0122680664
-0.0230102539
-0.0151977539
-0.0058593750
0.0140991211
-0.0181274414
0.0183105469
-0.1170043945
-0.1115112305
0.0458374023
-0.0726928711
-0.1073608398
0.1234130859
-0.1294555664
-0.1137695312
-0.0576171875
0.1221923828
-0.0098876953
0.0875244141
0.0436401367
-0.1114501953
-0.0516967773
-0.0778808594
0.0108032227
-0.0189819336
0.0031127930
-0.0289306641
0.0010986328
0.0155639648
-0.0046997070
-0.0049438477
-0.0025634766
0.0006103516
0.0287475586
0.0094604492
-0.0038452148
0.0184936523
0.0231323242
-0.0015258789
0.0482177734
0.0178222656
-0.0150146484
0.0145874023
0.0196533203
0.0140991211
-0.0242919922
0.0079345703
-0.0065307617
0.0202636719
-0.0458374023
-0.0088500977
0.0140380859
-0.0230102539
-0.0115966797
0.0008544922
