-0.0597534180
-0.0537109375
0.0954589844
-0.0344238281
0.0689086914
-0.0744018555
-0.0621337891
-0.0057983398
0.0454711914
-0.0511474609
0.0793457031
-0.0294799805
-0.0226440430
-0.0769042969
-0.0178222656
0.0502319336
0.0041503906
0.0034790039
0.0211181641
0.0187988281
-0.0155639648
0.0233764648
-0.0117797852
-0.0146484375
0.0016479492
-0.0096435547
0.0305175781
0.0060424805
0.0016479492
-0.0029296875
0.0053100586
-0.0110473633
-0.1786499023
-0.0813598633
-0.0802612305
-0.0353393555
0.0569458008
-0.1901245117
0.1413574219
-0.0512695312
-0.1434936523
-0.1527709961
-0.0664672852
-0.1195068359
0.0746459961
-0.0503540039
0.0457153320
0.1673583984
0.0028686523
0.0289916992
0.0213012695
-0.0380859375
0.0156860352
0.0042114258
-0.0136108398
0.0564575195
0.0088500977
0.0116577148
0.0031127930
0.0040283203
0.0234375000
0.0151367188
0.0051269531
0.0097656250
0.0411376953
0.0189819336
0.0546264648
0.0061645508
0.0491333008
0.0610961914
-0.0364990234
-0.0315551758
-0.0358276367
0.0277709961
-0.0241699219
0.0828247070
-0.0238647461
-0.0294189453
0.0634765625
0.0156860352
-0.0359497070
-0.1085205078
0.0068359375
0.0655517578
-0.0364990234
0.0920410156
-0.0586547852
0.1169433594
0.1515502930
-0.0241088867
0.1002807617
-0.1082763672
0.0763549805
0.0941162109
0.0978393555
0.0902709961
0.0078125000
0.0000610352
0.0108032227
0.0108642578
-0.0033569336
-0.0007934570
0.0115966797
0.0005493164
0.0234375000
-0.0244750977
-0.0022583008
-0.0013427734
0.0140991211
-0.0115356445
-0.0032958984
-0.0031738281
-0.1856689453
-0.2301635742
0.1190185547
-0.1240844727
-0.1777954102
0.1187744141
-0.2043457031
-0.1515502930
0.0076293945
0.1865844727
-0.0371093750
0.2886352539
0.0734252930
-0.2279052734
-0.2236328125
-0.0864257812
-0.2642822266
0.3010864258
0.0533447266
0.2055053711
-0.3167724609
-0.0001220703
-0.2452392578
0.2687988281
-0.2830200195
0.2221069336
0.2697753906
0.2288208008
0.1408081055
-0.2705688477
0.1270751953
0.3391723633
0.0635375977
-0.0095825195
-0.0690307617
0.0910034180
-0.0214233398
-0.0424804688
-0.0438232422
-0.0885620117
-0.0474853516
0.0487060547
-0.0317993164
0.0478515625
0.0582275391
-0.0333251953
0.0109252930
-0.0817260742
