-0.0455322266
-0.0581054688
0.0623779297
-0.1062622070
0.0574340820
-0.0324707031
-0.1134033203
-0.0760498047
0.0289916992
-0.0636596680
0.0631103516
0.0100097656
-0.0894775391
-0.0583496094
0.0233764648
0.0580444336
-0.0002441406
0.0003051758
0.0361938477
-0.0108032227
0.0075683594
0.0200195312
-0.0067749023
0.0039062500
0.0250854492
-0.0277709961
0.0351562500
-0.0050048828
-0.0046997070
0.0043945312
0.0269775391
-0.0317382812
-0.0531616211
0.0294799805
0.0169067383
-0.0271606445
0.0366821289
-0.0270996094
0.0172119141
-0.0433959961
-0.0192871094
-0.0445556641
-0.0109863281
-0.0356445312
0.0194702148
-0.0195922852
0.0401611328
0.0451660156
-0.0131835938
0.0722656250
0.1467895508
-0.1229248047
0.0937500000
-0.0734252930
-0.0728759766
0.1309204102
-0.1037597656
-0.1196899414
-0.1380004883
-0.0322265625
0.1050415039
0.0952758789
-0.0748291016
0.1144409180
-0.0152587891
0.0129394531
-0.0170898438
0.0152587891
-0.0190429688
-0.0134277344
0.0337524414
0.0359497070
0.0228881836
-0.0169067383
-0.0351562500
-0.0340576172
-0.0138549805
0.0256958008
0.0056152344
-0.0402832031
-0.0955810547
-0.1321411133
0.0474853516
0.1608886719
-0.0900268555
0.1672973633
-0.0973510742
0.1335449219
0.1664428711
-0.0916137695
0.1621093750
-0.1839599609
0.1525878906
0.1930541992
0.1895751953
0.2371215820
0.0263671875
0.0093383789
0.0589599609
-0.0003662109
-0.0250854492
-0.0071411133
-0.0296020508
0.0280761719
0.0235595703
0.0396728516
0.0072021484
0.0194091797
0.0584716797
0.0083618164
-0.0280151367
-0.0001831055
-0.1650390625
-0.1558837891
0.0550537109
-0.0982666016
-0.1263427734
0.1479492188
-0.1480712891
-0.0713500977
0.0861816406
0.1388549805
-0.0488281250
0.1807250977
0.0380859375
-0.2200927734
-0.0213012695
-0.1221313477
-0.0368652344
0.0725708008
0.0052490234
0.0122070312
-0.0493774414
-0.0410766602
-0.0566406250
0.0317382812
-0.0829467773
0.0366821289
0.0350952148
0.0780029297
0.0239257812
-0.0513305664
0.0166625977
0.0759277344
0.2285156250
0.0333251953
-0.2708129883
0.3002929688
-0.0256347656
-0.2932739258
-0.2712402344
-0.2937622070
-0.2789306641
0.2992553711
-0.1282958984
0.3223266602
0.3062133789
0.0162963867
-0.0128173828
-0.3052368164
