-0.0277709961
-0.0347290039
0.0506591797
-0.0309448242
0.0419921875
-0.0363769531
-0.0605468750
0.0398559570
0.0513916016
-0.0052490234
0.0875854492
-0.0102539062
-0.0552368164
-0.0064086914
0.0229492188
0.0453491211
0.0344848633
-0.0616455078
0.0286254883
0.0811767578
-0.0019531250
-0.0095214844
0.0340576172
-0.0570068359
-0.0712890625
-0.0289306641
0.0083007812
0.0013427734
-0.0120239258
0.0697631836
0.0129394531
-0.0033569336
-0.1264038086
-0.0836791992
-0.0808715820
0.0422973633
0.0600585938
-0.1456298828
0.1007690430
-0.0960693359
-0.1129150391
-0.0970458984
-0.0081787109
-0.0629882812
0.0317382812
-0.0505371094
0.0452880859
0.1178588867
-0.0723876953
0.1179809570
0.1655273438
-0.1932983398
0.1421508789
-0.1534423828
-0.1679077148
0.1062011719
-0.0944213867
-0.1394653320
-0.1519165039
-0.1845092773
0.1372070312
0.1079101562
-0.1029663086
0.0773925781
-0.0375976562
-0.0267333984
-0.0356445312
0.0092773438
-0.0205078125
-0.0419921875
0.0484619141
0.0610961914
0.0580444336
-0.0358276367
-0.0217285156
-0.0061035156
0.0464477539
0.0484008789
0.0068359375
-0.0260620117
-0.1275634766
-0.2311401367
0.0772705078
0.1837158203
-0.0961303711
0.2562866211
-0.1901855469
0.1818847656
0.3037719727
-0.1705932617
0.2107543945
-0.1507568359
0.2770996094
0.1842041016
0.2319946289
0.3704223633
-0.0675048828
0.2810668945
-0.0219726562
0.3033447266
-0.2373657227
-0.1502685547
0.3342895508
0.2993774414
-0.0783081055
0.1626586914
-0.4321289062
0.0576171875
-0.0443725586
-0.3403930664
0.0697021484
-0.2981567383
-0.0157470703
-0.0481567383
-0.0301513672
-0.0056762695
-0.0526733398
0.0654296875
-0.0815429688
-0.0640258789
-0.0193481445
0.0628662109
-0.0267944336
0.0481567383
-0.0130615234
-0.0454711914
-0.0090942383
-0.0119628906
-0.1079101562
0.0598144531
0.0217895508
-0.0371704102
-0.0532226562
0.0276489258
-0.0493164062
0.1264648438
-0.0885009766
-0.0166015625
0.0278930664
0.1278076172
0.0602416992
-0.0878295898
0.0081176758
0.0614013672
0.0501708984
0.0084228516
-0.1106567383
0.0814819336
-0.0449218750
-0.0614013672
-0.0412597656
-0.1071777344
-0.0579833984
0.0777587891
-0.0328979492
0.0612792969
0.0572509766
-0.0502929688
0.0254516602
-0.0353393555
