0.0061645508
-0.0297851562
0.0858764648
-0.0083618164
-0.0191650391
0.0220336914
-0.0020751953
-0.0189208984
0.0220336914
0.0112304688
0.0452880859
0.0270996094
0.0021972656
0.0112304688
0.0185546875
0.0039062500
0.0535278320
-0.0811157227
0.0350341797
0.0858764648
-0.0216674805
-0.0217285156
-0.0227661133
-0.1120605469
-0.1031494141
-0.0535888672
0.0431518555
0.0311889648
-0.0928344727
0.1098632812
0.0154418945
-0.0954589844
-0.2613525391
-0.1014404297
-0.1867675781
-0.0466308594
-0.0527954102
-0.2497558594
0.1812133789
-0.0846557617
-0.1615600586
-0.1729736328
-0.0781250000
-0.0683593750
0.0645751953
-0.0970458984
0.0265502930
0.2102050781
-0.1041870117
0.1746826172
0.2976074219
-0.2677001953
0.2429809570
-0.2286376953
-0.1973876953
0.1232910156
-0.1452026367
-0.1749877930
-0.2262573242
-0.1775512695
0.2139892578
0.2187500000
-0.2147827148
0.2374267578
-0.0185546875
0.0136718750
-0.0098876953
-0.0074462891
0.0128784180
0.0020141602
0.0007324219
-0.0153808594
0.0406494141
-0.0365600586
0.0178222656
0.0369262695
0.0015869141
-0.0408325195
0.0443115234
0.0127563477
-0.1742553711
-0.2100830078
0.0985107422
0.1803588867
-0.2095336914
0.3014526367
-0.2512817383
0.1638183594
0.2760620117
-0.1345214844
0.2562866211
-0.2263183594
0.2222900391
0.2601318359
0.2927246094
0.4376831055
0.0067138672
0.0137939453
0.0070800781
0.0088500977
-0.0032958984
-0.0050659180
0.0045776367
0.0012207031
-0.0092163086
-0.0072021484
-0.0041503906
0.0020751953
-0.0007934570
-0.0032958984
-0.0151367188
-0.0130004883
-0.0249023438
-0.0184936523
0.0308227539
-0.0239257812
-0.0304565430
0.0399169922
-0.0332641602
-0.0346679688
-0.0092773438
0.0239257812
0.0084228516
0.0021972656
0.0187377930
-0.0249023438
-0.0222167969
-0.0095825195
-0.0119628906
0.0085449219
0.0170898438
0.0310668945
0.0042724609
-0.0084228516
-0.0391235352
0.0666503906
-0.0441284180
0.0294189453
-0.0191650391
0.0862426758
0.0588989258
-0.0226440430
0.0405883789
0.0134887695
0.1333007812
0.0355224609
-0.0700683594
0.1569213867
-0.0226440430
-0.0982055664
-0.1019897461
-0.1603393555
-0.1076049805
0.1093139648
-0.0180664062
0.1024169922
0.0837402344
0.0300903320
0.0239257812
-0.1184692383
