-0.1632690430
-0.1541137695
0.1478881836
-0.1063842773
0.1024780273
-0.0223999023
-0.1409301758
0.0307617188
0.0900878906
-0.1956787109
0.1428222656
0.0913085938
-0.1799316406
-0.0995483398
-0.0138549805
0.1527709961
0.0157470703
-0.0292968750
-0.0087890625
0.0308837891
0.0408325195
-0.0023803711
-0.0145263672
-0.0432128906
-0.0208740234
-0.0211181641
0.0144653320
0.0122680664
-0.0218505859
0.0158081055
0.0083618164
0.0122680664
-0.3249511719
-0.1940307617
-0.1755981445
0.0648803711
-0.2260131836
-0.2872924805
0.2884521484
-0.0318603516
-0.3297119141
-0.3058471680
-0.1870117188
-0.1758422852
-0.0115356445
-0.1121215820
0.1303710938
0.2723999023
-0.1661376953
0.1765747070
0.2144775391
-0.1967773438
0.2413940430
-0.1896972656
-0.1370849609
0.1491088867
-0.1785888672
-0.1827392578
-0.1781005859
-0.0847778320
0.1823120117
0.2367553711
-0.1821289062
0.1763305664
0.0111083984
-0.0313720703
0.0319213867
0.0035400391
-0.0126953125
0.0164794922
0.0093994141
-0.0115356445
-0.0033569336
0.0213012695
0.0112915039
0.0326538086
-0.0158691406
-0.0191650391
0.0322265625
0.0167846680
-0.0762939453
-0.1307983398
0.0579223633
0.1095581055
-0.1337890625
0.1575317383
-0.0560302734
0.1140136719
0.1727905273
-0.1501464844
0.1206665039
-0.0961914062
0.0874633789
0.0352783203
0.1327514648
0.1533813477
-0.0058593750
0.0222778320
0.0292358398
0.0597534180
-0.0551147461
0.0269775391
0.0541381836
0.0789794922
-0.0143432617
0.0236206055
-0.0388793945
0.0646972656
-0.0449218750
-0.0405883789
-0.0155029297
-0.0720825195
-0.0834960938
-0.1190795898
0.0156250000
0.0194702148
-0.1293334961
0.0870971680
-0.1190795898
-0.0718994141
0.0397338867
0.1408691406
-0.1016845703
0.1110229492
0.0623168945
-0.1672363281
-0.0603637695
-0.1403198242
-0.0091552734
0.0010986328
-0.0042724609
0.0558471680
0.0343017578
-0.0036010742
0.0003051758
-0.0162963867
-0.0070800781
0.0313720703
0.0028686523
-0.0045166016
-0.0202026367
0.0068969727
0.0279541016
-0.0266723633
0.0338134766
0.0155639648
-0.0006713867
0.0141601562
0.0114135742
0.0079956055
0.0219116211
-0.0197753906
-0.0148315430
-0.0003051758
-0.0752563477
-0.0090942383
0.0079956055
0.0012817383
0.0246582031
-0.0089721680
