0.0123291016
0.0051879883
0.0268554688
-0.0015258789
-0.0032958984
0.0005493164
0.0048828125
0.0012817383
-0.0143432617
-0.0084228516
-0.0031738281
-0.0081176758
-0.0026855469
-0.0118408203
0.0012817383
0.0089111328
-0.0026245117
0.0144042969
0.0135498047
-0.0207519531
0.0225830078
0.0131835938
0.0021362305
0.0065307617
0.0101318359
-0.0065307617
0.0140380859
0.0092163086
-0.0015869141
-0.0060424805
0.0083007812
-0.0126342773
-0.1013793945
-0.0263061523
0.0000000000
-0.0303344727
0.0115356445
-0.1062622070
0.0933227539
-0.0739746094
-0.0242919922
-0.0906982422
-0.0295410156
-0.0607910156
0.0477905273
-0.1011962891
0.0008544922
0.1123046875
-0.0484619141
0.0938110352
0.2205200195
-0.1590576172
0.1205444336
-0.1406860352
-0.1057128906
0.0984497070
-0.1296997070
-0.0994262695
-0.1362304688
-0.1802978516
0.1697998047
0.0902099609
-0.0623168945
0.1251831055
-0.0564575195
0.0363769531
-0.0760498047
-0.0070190430
0.0642089844
-0.0360107422
0.0215454102
0.0892944336
0.0677490234
-0.0529174805
0.0255737305
0.0139160156
-0.0053710938
0.0243530273
-0.0064697266
0.0069580078
-0.0469970703
-0.1240844727
-0.0006713867
0.1101684570
-0.0470581055
0.1201782227
-0.0595703125
0.1333618164
0.1252441406
0.0133056641
0.1048583984
-0.1273803711
0.0823974609
0.1228637695
0.1496582031
0.1298828125
0.0095214844
0.0093994141
0.0628051758
-0.0079956055
0.0235595703
-0.0062255859
-0.0097656250
-0.0086669922
0.0225830078
0.0120239258
0.0190429688
0.0000610352
0.0327758789
-0.0081787109
-0.0037231445
0.0097045898
-0.2133178711
-0.2148437500
0.0560913086
-0.0668945312
-0.1486816406
0.1298828125
-0.2318115234
-0.0769653320
0.0397949219
0.1380004883
-0.0827026367
0.2376708984
0.0765380859
-0.2586669922
-0.0236816406
-0.1431884766
-0.0062255859
0.0173339844
-0.0196533203
0.0295410156
-0.0095214844
-0.0253295898
-0.0142211914
0.0103149414
-0.0203857422
-0.0003051758
-0.0032958984
0.0213623047
0.0079956055
-0.0361328125
0.0374755859
0.0181884766
0.1816406250
0.0134277344
-0.2745971680
0.2973632812
-0.0812377930
-0.2999267578
-0.2963256836
-0.2955932617
-0.2861938477
0.3126220703
-0.0589599609
0.3133544922
0.3095092773
0.0801391602
0.0358276367
-0.3067016602
