0.0062255859
-0.0199584961
0.0054931641
0.0032958984
0.0141601562
0.0646362305
-0.0704345703
0.0476684570
0.0042724609
-0.0706176758
0.0660400391
-0.0117797852
-0.0347290039
-0.0053710938
0.0094604492
0.0119018555
0.0081787109
0.0008544922
0.0037841797
0.0130004883
0.0070800781
0.0016479492
-0.0008544922
-0.0334472656
-0.0034790039
0.0264282227
0.0250854492
0.0071411133
0.0216064453
0.0097656250
-0.0101928711
0.0333862305
-0.3539428711
-0.1042480469
-0.3195800781
-0.0437622070
-0.0079956055
-0.3275756836
0.3526611328
-0.0528564453
-0.4041137695
-0.2948608398
-0.2305908203
-0.1137695312
0.0136108398
-0.1418457031
0.1494140625
0.3063354492
-0.1085815430
0.1017456055
0.0772094727
-0.1567993164
0.0552978516
-0.0791015625
-0.0460205078
0.1847534180
-0.1116943359
-0.0840454102
-0.0919799805
-0.0488891602
0.0418090820
0.1075439453
-0.0979614258
0.0567626953
-0.0020751953
0.0053710938
0.0186157227
0.0366821289
-0.0217895508
-0.0019531250
0.0036010742
0.0105590820
0.0135498047
0.0132446289
-0.0183105469
-0.0200805664
0.0059204102
-0.0187377930
0.0049438477
-0.0131225586
-0.0299072266
-0.0830688477
0.0348510742
0.0086059570
-0.0659790039
0.0917968750
-0.0140991211
0.0788574219
0.0745239258
-0.0776977539
0.0404052734
-0.0347290039
0.0779418945
-0.0042724609
0.0635986328
0.0529174805
0.0224609375
-0.0117187500
0.0020141602
-0.0208129883
-0.0082397461
0.0116577148
-0.0202026367
0.0015258789
0.0172729492
0.0192871094
0.0180053711
-0.0031127930
-0.0047607422
0.0070190430
-0.0021362305
0.0087280273
-0.0286254883
-0.0250854492
0.0261840820
0.0252685547
-0.0151977539
0.0386962891
-0.0119018555
-0.0463256836
-0.0092163086
0.0560302734
0.0087890625
0.0576782227
0.0207519531
-0.0372314453
0.0011596680
-0.0137939453
0.0017089844
0.0416259766
0.0471801758
0.0375366211
-0.0621337891
0.0102539062
-0.0176391602
-0.0078735352
-0.0335083008
-0.0258789062
0.0287475586
0.0170898438
0.0249633789
-0.0089111328
0.0170898438
0.0370483398
0.0006103516
0.0242919922
-0.0324707031
0.0227661133
-0.0256958008
-0.0146484375
0.0048217773
-0.0201416016
-0.0209960938
0.0038452148
-0.0023193359
0.0236816406
0.0023803711
0.0013427734
-0.0243530273
-0.0166015625
