-0.0238647461
-0.0480957031
0.0543212891
-0.0287475586
-0.0009765625
-0.0041503906
-0.0433349609
0.0244750977
-0.0052490234
-0.0026245117
0.0460815430
-0.0095214844
-0.0218505859
-0.0282592773
0.0012207031
0.0776367188
0.0317382812
-0.0349731445
0.0135498047
0.0325927734
0.0242309570
-0.0139160156
0.0003051758
-0.0414428711
-0.0364379883
-0.0084228516
0.0229492188
0.0236206055
-0.0348510742
0.0161743164
-0.0029907227
-0.0148315430
-0.3390502930
-0.1171264648
-0.3497314453
-0.0556640625
-0.0164794922
-0.2867431641
0.3218383789
-0.1203613281
-0.2581176758
-0.2894287109
-0.1574096680
-0.2505493164
0.0371093750
-0.0560302734
0.2851562500
0.3273315430
-0.0932006836
0.1292114258
0.2410888672
-0.1088867188
0.1235351562
-0.1220703125
-0.1171875000
0.1599121094
-0.1268310547
-0.1419677734
-0.1722412109
-0.0382690430
0.1931152344
0.1773681641
-0.0957031250
0.1171264648
0.0108032227
0.0015869141
0.0260009766
0.0037231445
0.0058593750
0.0174560547
0.0117797852
0.0000610352
-0.0194702148
0.0238037109
0.0363159180
0.0075683594
-0.0176391602
-0.0345458984
-0.0023803711
0.0102539062
-0.0216674805
-0.1513671875
0.0048828125
0.0688476562
-0.0611572266
0.0768432617
-0.0395507812
0.1707763672
0.0988769531
-0.1370849609
0.1057739258
-0.0100097656
0.0869140625
0.0710449219
0.1032714844
0.1446533203
-0.0081787109
-0.0220947266
0.0264282227
-0.0321044922
0.0108642578
0.0410766602
-0.0161132812
0.0121459961
0.0076293945
0.0234985352
0.0012207031
0.0063476562
-0.0209350586
0.0191040039
0.0100708008
0.0265502930
-0.1115722656
-0.0855102539
0.0705566406
-0.0403442383
-0.0927124023
0.1062011719
-0.1189575195
-0.0944213867
0.0147094727
0.1376953125
-0.0650024414
0.0883178711
0.0192260742
-0.1080322266
-0.0213012695
-0.0584716797
0.0112304688
-0.0051269531
0.0436401367
-0.0180053711
0.0000000000
0.0053100586
0.0104370117
-0.0004882812
0.0057983398
-0.0005493164
0.0209960938
-0.0001220703
0.0006713867
-0.0026245117
0.0219726562
0.0161132812
0.0687255859
0.0746459961
-0.0270385742
0.0454101562
0.0260009766
-0.0034179688
0.0075073242
-0.0177612305
0.0048828125
0.0095825195
-0.0290527344
0.0450439453
0.0167236328
-0.0488891602
-0.0220336914
-0.0225219727
