-0.1142578125
-0.1485595703
0.1701660156
-0.1107788086
0.1310424805
-0.1642456055
-0.0834960938
-0.0006103516
0.0877075195
-0.1675415039
0.1744384766
0.0886230469
-0.1176757812
-0.0976562500
0.0310058594
0.0990600586
0.0316772461
-0.0159912109
0.0377197266
0.0289916992
0.0252075195
0.0075683594
-0.0007324219
-0.0242309570
-0.0300903320
-0.0138549805
0.0230102539
-0.0134887695
-0.0137329102
0.0168457031
0.0012207031
0.0123291016
-0.0502319336
-0.0112915039
-0.0161743164
0.0164794922
0.0323486328
-0.0402221680
0.0637817383
-0.0191040039
-0.0354003906
-0.0177001953
-0.0045166016
-0.0242309570
0.0170898438
0.0166625977
0.0065307617
0.0615234375
-0.1715087891
0.1644287109
0.2468261719
-0.1770629883
0.2101440430
-0.1292724609
-0.1519775391
0.2553710938
-0.1285400391
-0.1162719727
-0.1596679688
-0.1409301758
0.1591796875
0.1781005859
-0.2013549805
0.1850585938
-0.0335693359
-0.0056152344
-0.0035400391
-0.0357666016
0.0172729492
-0.0168457031
0.0114746094
0.0308837891
0.0328369141
-0.0212402344
0.0104980469
-0.0009765625
-0.0129394531
0.0246582031
0.0464477539
0.0097656250
-0.0496215820
-0.0919799805
-0.0001220703
0.0549316406
-0.0950927734
0.0968627930
-0.0812377930
0.0628051758
0.1080932617
-0.0927734375
0.0634765625
-0.0963134766
0.0490112305
0.0729370117
0.0997314453
0.1374511719
0.0248413086
0.3190307617
0.1001586914
0.2571411133
-0.2961425781
-0.2206420898
0.3357543945
0.2919311523
0.0805053711
0.0803222656
-0.2006225586
0.0524291992
0.2307739258
-0.3167114258
-0.2165527344
-0.3678588867
0.0173339844
-0.0066528320
0.0137329102
0.0099487305
-0.0052490234
0.0074462891
-0.0164794922
-0.0039672852
0.0002441406
0.0088500977
0.0061035156
0.0212402344
0.0178833008
-0.0243530273
0.0031127930
-0.0118408203
0.0081176758
0.0518188477
0.0451660156
0.0328979492
-0.0606689453
-0.0095825195
-0.0891723633
0.0121459961
-0.0640869141
0.0585937500
0.0997314453
0.0167236328
0.0462646484
-0.1018676758
0.0438232422
0.0617065430
0.0135498047
0.0051879883
-0.0435180664
0.0257568359
-0.0109863281
-0.0132446289
0.0200805664
-0.0454101562
-0.0225219727
0.0079345703
-0.0352172852
0.0375976562
0.0237426758
-0.0500488281
0.0034790039
-0.0286865234
