-0.1167602539
-0.1567993164
0.1256103516
-0.1079711914
0.0031738281
-0.0360717773
-0.1284790039
0.0158691406
-0.0230712891
-0.1247558594
0.1384887695
0.0923461914
-0.1077270508
-0.1896362305
-0.0059204102
0.1448974609
-0.3070068359
0.3385620117
0.1377563477
-0.3438720703
-0.0002441406
0.2606201172
-0.0657348633
0.3283691406
0.3495483398
0.1374511719
-0.0266113281
0.1275024414
0.2397460938
-0.3455200195
-0.0167846680
0.0580444336
-0.0705566406
-0.0440063477
-0.0507812500
0.0468139648
0.0327758789
-0.0928344727
0.0924072266
-0.0707397461
-0.0604248047
-0.0971069336
-0.0936279297
-0.0156860352
0.0578613281
-0.0415649414
0.0139160156
0.1484985352
-0.0255126953
0.0715942383
0.1213989258
-0.1218261719
0.1239013672
-0.0698242188
-0.0938110352
0.1551513672
-0.1092529297
-0.1093750000
-0.1273803711
-0.1091918945
0.1052246094
0.1153564453
-0.0940551758
0.0952758789
-0.0552978516
0.0195312500
-0.0538940430
-0.0230712891
-0.0209960938
-0.0263671875
0.0821533203
0.0355834961
0.0723266602
-0.0523681641
0.0441894531
-0.1090087891
-0.0178222656
0.0604858398
0.0712280273
0.0020751953
-0.0258178711
-0.0444335938
0.0400390625
0.0344848633
0.0039672852
0.0205688477
0.0036621094
0.0609741211
0.0543212891
-0.0239868164
0.0359497070
-0.0541992188
0.0700073242
0.0479125977
0.0429077148
0.0068969727
0.0173339844
-0.0091552734
0.0125122070
-0.0094604492
0.0104370117
-0.0013427734
0.0004272461
0.0014648438
0.0096435547
-0.0126342773
0.0037841797
-0.0078735352
0.0134277344
0.0099487305
-0.0277709961
0.0219726562
-0.0679321289
-0.0968017578
0.0304565430
0.0371704102
-0.0960083008
0.0305786133
-0.1267700195
-0.0310668945
0.0091552734
0.0341186523
-0.0357666016
0.0757446289
0.0036010742
-0.1184082031
0.0083618164
-0.0709228516
-0.0743408203
0.0306396484
0.0756225586
-0.0222167969
-0.0095214844
0.0591430664
0.0143432617
0.0691528320
-0.0474243164
-0.0034790039
-0.0061645508
0.0734252930
-0.0000610352
-0.0674438477
0.0254516602
0.0328979492
0.0488281250
0.0532226562
-0.0735473633
0.0690917969
-0.0769042969
-0.0368652344
-0.0653686523
-0.0437011719
-0.0145263672
0.0144653320
-0.0267333984
0.0906982422
0.0404663086
-0.0086059570
-0.0485229492
-0.0645751953
