-0.1102905273
-0.1099243164
0.0787353516
-0.1550903320
0.0142211914
-0.0250854492
-0.1382446289
-0.0048217773
0.0002441406
-0.1010131836
0.1145019531
0.0747680664
-0.0808715820
-0.1580200195
0.0028076172
0.0753173828
-0.3122558594
0.3284301758
0.1058959961
-0.3236694336
0.0140991211
0.2749633789
-0.0030517578
0.3286132812
0.3427124023
0.1614379883
0.0101318359
0.0922851562
0.2562866211
-0.3480834961
0.0103759766
0.0370483398
-0.0949096680
-0.0623779297
-0.0575561523
0.0676269531
0.0256958008
-0.0999755859
0.0671386719
-0.0416259766
-0.0816040039
-0.1146240234
-0.0751342773
-0.0197753906
0.0314941406
-0.0270385742
0.0100097656
0.1204833984
-0.0117797852
0.0714111328
0.0665893555
-0.1250610352
0.0878295898
-0.0228881836
-0.0363159180
0.1569824219
-0.1163330078
-0.0789184570
-0.0852050781
-0.0781860352
0.0939941406
0.1159057617
-0.0575561523
0.0673828125
-0.0621948242
0.0198974609
-0.0570678711
-0.0080566406
-0.0182495117
-0.0510864258
0.0772705078
0.0473022461
0.0503540039
-0.0426635742
0.0275268555
-0.0970458984
0.0428466797
0.0449829102
0.0961914062
0.0419921875
-0.0000610352
-0.0305175781
0.0062866211
0.0371093750
0.0037841797
0.0014648438
0.0023193359
0.0352172852
0.0301513672
-0.0167236328
0.0184326172
-0.0281982422
0.0236206055
0.0159912109
0.0222167969
-0.0195312500
0.0252685547
-0.0021362305
0.0182495117
-0.0178222656
0.0077514648
0.0059204102
0.0003662109
-0.0071411133
0.0195312500
-0.0254516602
-0.0003662109
0.0018310547
0.0064086914
0.0151977539
-0.0042724609
0.0069580078
-0.1360473633
-0.1908569336
0.0114746094
0.0325317383
-0.1856689453
0.1114501953
-0.1594848633
-0.0747680664
-0.0130615234
0.1036987305
-0.0540771484
0.1849975586
0.0283813477
-0.1939697266
-0.0059204102
-0.1322631836
-0.0576171875
0.0537109375
0.0228881836
-0.0900878906
-0.0426025391
0.0375366211
0.0585327148
0.0679931641
-0.0407714844
-0.0094604492
-0.0032958984
0.0672607422
0.0018920898
-0.0643310547
0.0328369141
0.0550537109
0.0396728516
0.0323486328
-0.0626831055
0.0687866211
-0.0789184570
-0.0657958984
-0.0631713867
-0.0612792969
-0.0260620117
0.0136108398
-0.0227661133
0.0762329102
0.0491333008
-0.0357666016
-0.0687255859
-0.0725097656
