-0.0319824219
-0.0059204102
0.0438842773
-0.0501708984
0.0646972656
-0.0121459961
-0.0062255859
0.0258789062
0.0242309570
-0.0383300781
0.0463867188
-0.0034790039
-0.0213012695
-0.0179443359
0.0155029297
0.0126953125
0.0232543945
-0.0018310547
-0.0181884766
0.0882568359
-0.0299682617
-0.0361938477
0.0231323242
-0.0675659180
-0.0692749023
0.0127563477
0.0261230469
-0.0200805664
0.0494995117
0.0717163086
-0.0290527344
0.0252075195
-0.2188720703
-0.1206054688
-0.1607055664
-0.0234375000
0.0128784180
-0.2714233398
0.1766357422
-0.0722045898
-0.1470947266
-0.2470703125
-0.0592041016
-0.0279541016
0.0329589844
-0.0225830078
-0.0706176758
0.2858276367
-0.0289916992
0.0334472656
0.1742553711
-0.1883544922
0.1204833984
-0.0816040039
-0.1072998047
0.1336669922
-0.0728759766
-0.0842285156
-0.0877075195
-0.0253295898
0.1738281250
0.0514526367
-0.0409545898
0.1000366211
-0.3310546875
-0.1441040039
-0.2965698242
-0.0235595703
-0.2169189453
-0.3019409180
0.2329101562
0.2360229492
0.3003540039
-0.3323364258
-0.0172119141
-0.3319091797
0.1917114258
0.2440795898
-0.0343017578
-0.0955200195
-0.0250854492
-0.0119018555
0.0106201172
0.0198974609
-0.0583496094
0.0579833984
-0.0086669922
0.0257568359
0.0744018555
0.0209960938
0.0251464844
-0.0300292969
0.0543212891
0.0256347656
0.0247192383
0.0399780273
0.0040893555
-0.0282592773
-0.0029907227
-0.0062866211
0.0108642578
-0.0002441406
-0.0090332031
-0.0170898438
0.0130615234
0.0123901367
0.0054931641
-0.0131225586
0.0135498047
0.0006103516
0.0239868164
0.0141601562
-0.0399780273
-0.1057128906
0.0134277344
-0.0313720703
-0.1063842773
0.0467529297
-0.1022338867
-0.0296020508
-0.0065307617
0.0537109375
-0.0662231445
0.1320800781
0.0185546875
-0.1136474609
-0.0362548828
-0.0573730469
-0.0628662109
0.0918579102
0.0634155273
0.1458740234
-0.0969848633
0.0972900391
-0.0949096680
0.0605468750
-0.1217651367
0.1435546875
0.1663208008
0.1060180664
0.1057739258
-0.0930786133
0.0796508789
0.0887451172
0.1373901367
0.0489501953
-0.1390991211
0.1474609375
-0.0719604492
-0.1295166016
-0.1481323242
-0.1726074219
-0.1167602539
0.1645507812
-0.0698242188
0.1398315430
0.1607055664
0.0114746094
-0.0599975586
-0.1162719727
