-0.2669067383
-0.3242187500
0.2144165039
-0.2778320312
0.3082885742
-0.1748657227
-0.2335205078
0.0702514648
0.2111816406
-0.2081909180
0.3293457031
0.1915283203
-0.2395629883
-0.2221679688
-0.0261840820
0.3167724609
0.0106201172
-0.0243530273
0.0607299805
0.0101318359
0.0440063477
0.0218505859
-0.0075683594
-0.0108032227
-0.0242919922
-0.0349121094
0.0688476562
0.0555419922
-0.0410766602
0.0205688477
0.0405273438
-0.0019531250
-0.0189208984
-0.0023193359
0.0018920898
0.0101318359
-0.0025024414
-0.0213012695
0.0103759766
0.0074462891
-0.0171508789
0.0037231445
0.0172729492
-0.0160522461
0.0164184570
0.0253295898
0.0079345703
0.0148925781
-0.1571044922
0.1438598633
0.2377319336
-0.2858886719
0.1689453125
-0.1388549805
-0.1207275391
0.1762695312
-0.1501464844
-0.1926879883
-0.1772460938
-0.1477050781
0.1817016602
0.1825561523
-0.1324462891
0.2384643555
0.0048828125
0.0050048828
0.0296630859
-0.0269165039
0.0354614258
0.0084838867
-0.0009765625
-0.0004882812
0.0062255859
0.0069580078
0.0333862305
0.0113525391
-0.0075683594
-0.0114135742
0.0125732422
0.0128173828
-0.0514526367
-0.1277465820
0.0635986328
0.1002807617
-0.0911254883
0.1196899414
-0.0313110352
0.1260986328
0.1179809570
-0.0845947266
0.0969238281
-0.0802001953
0.1317749023
0.1054687500
0.1019897461
0.1954956055
0.0242309570
0.0333251953
0.0153198242
0.0465698242
-0.0847167969
0.0316162109
0.0440673828
0.0693969727
-0.0079956055
0.0343017578
-0.0164184570
0.0019531250
-0.0054931641
-0.0538330078
-0.0509033203
-0.0113525391
-0.1493530273
-0.1616821289
0.0198974609
-0.0696411133
-0.1731567383
0.1688842773
-0.1704101562
-0.1663818359
0.0288696289
0.1985473633
-0.0416259766
0.1752319336
0.0499267578
-0.1890869141
-0.0880126953
-0.1003417969
-0.0054931641
0.0034179688
0.0076904297
0.0014038086
-0.0102539062
0.0321044922
-0.0030517578
0.0177001953
-0.0137939453
-0.0050659180
-0.0142211914
0.0227050781
0.0210571289
0.0061035156
-0.0003051758
0.0029296875
0.0504760742
-0.0014038086
-0.0552368164
0.0840454102
0.0294799805
-0.0110473633
-0.0454101562
-0.0649414062
-0.0481567383
0.0692749023
-0.0813598633
0.0500488281
0.0720214844
-0.0273437500
0.0158691406
-0.0207519531
