-0.0081176758
-0.0189208984
0.0169067383
0.0052490234
-0.0272827148
0.0131225586
-0.0140380859
-0.0064697266
-0.0175170898
0.0004272461
0.0086059570
0.0010375977
-0.0103149414
0.0203247070
-0.0048828125
0.0158081055
0.0157470703
-0.0357055664
0.0029296875
0.0234985352
0.0000610352
0.0339965820
0.0317993164
-0.0231933594
-0.0187988281
-0.0123901367
0.0531005859
-0.0132446289
-0.0247192383
0.0357666016
0.0100708008
-0.0246582031
-0.1965332031
-0.0531005859
-0.1376953125
0.0592041016
0.0172729492
-0.2101440430
0.1529541016
-0.0429687500
-0.2261962891
-0.1041259766
-0.1292114258
-0.0524902344
0.0626831055
-0.0679931641
-0.0009765625
0.1783447266
-0.1209106445
0.1761474609
0.1865844727
-0.2578125000
0.2080688477
-0.1843261719
-0.2089233398
0.1405639648
-0.1735839844
-0.1727905273
-0.2024536133
-0.1521606445
0.2207641602
0.2073974609
-0.1975097656
0.1670532227
-0.0020751953
-0.0161743164
-0.0009765625
0.0028686523
0.0093994141
0.0065307617
-0.0001831055
-0.0118408203
-0.0008544922
-0.0115966797
-0.0057373047
0.0015258789
-0.0168457031
0.0040283203
0.0017700195
0.0179443359
-0.0767211914
-0.1630249023
0.0485229492
0.1218872070
-0.1558837891
0.1906127930
-0.0864868164
0.1992797852
0.1714477539
-0.0831298828
0.1264038086
-0.1411132812
0.1290283203
0.1276855469
0.1749877930
0.2653198242
0.0264892578
0.0325317383
0.0494995117
0.0236816406
0.0100097656
-0.0117187500
0.0086669922
0.0129394531
0.0093383789
-0.0098266602
0.0133056641
0.0103759766
0.0354614258
-0.0168457031
-0.0252075195
-0.0089721680
-0.0407104492
-0.0751953125
0.0401000977
-0.0439453125
-0.0891113281
0.0548706055
-0.0993652344
-0.0765991211
-0.0521850586
0.0892944336
-0.0087890625
0.0541381836
0.0284423828
-0.0744018555
-0.0416870117
-0.0477294922
-0.3687744141
0.3696899414
-0.0011596680
-0.0035400391
-0.4252929688
0.0071411133
-0.0178833008
0.3527221680
-0.3397216797
0.0353393555
-0.0339965820
0.3206787109
0.0547485352
-0.1562500000
0.0994262695
0.3167114258
0.0448608398
0.0102539062
-0.0184936523
0.0208129883
0.0014038086
-0.0155639648
0.0118408203
-0.0130004883
-0.0036010742
0.0308227539
-0.0083618164
-0.0032348633
0.0156250000
-0.0252075195
-0.0269165039
-0.0073852539
