0.0083007812
-0.0032348633
0.0277099609
-0.0646972656
0.0164794922
0.0025634766
-0.0472412109
-0.0137329102
0.0017089844
-0.0472412109
0.0487060547
-0.0099487305
-0.0164184570
-0.0304565430
-0.0049438477
0.0243530273
-0.0631103516
0.0539550781
-0.0317382812
-0.0834350586
0.0534057617
0.0614624023
-0.0035400391
0.0657958984
0.0647583008
0.0333862305
-0.0172729492
0.0213623047
0.0598144531
-0.0717773438
0.0108642578
-0.0166015625
-0.0589599609
-0.0034790039
-0.0255126953
-0.0065307617
-0.0513916016
-0.0612792969
0.0947875977
0.0159912109
-0.0966796875
-0.0524902344
-0.0568847656
0.0568847656
-0.0177612305
-0.0974121094
-0.0358886719
0.0816040039
-0.0081787109
0.0505371094
0.0753173828
-0.0289306641
0.0490112305
-0.0647583008
-0.0123291016
0.0086059570
-0.0347900391
-0.0544433594
-0.0521850586
-0.0321044922
0.0590209961
0.0766601562
-0.0362548828
0.0643920898
-0.0189819336
0.0050048828
-0.0238647461
-0.0145874023
0.0148315430
-0.0033569336
0.0014038086
0.0198364258
0.0123901367
-0.0203857422
0.0007324219
-0.0014038086
-0.0024414062
0.0056152344
0.0009155273
0.0238647461
-0.0162353516
-0.1128540039
0.0529785156
0.0827636719
-0.0066528320
0.0932617188
-0.0441284180
0.1138305664
0.0853881836
-0.0667114258
0.1151733398
-0.0285034180
0.0923461914
0.0211181641
0.1145629883
0.0892333984
-0.0200805664
0.0172729492
0.0300903320
-0.0165405273
-0.0117797852
-0.0020141602
0.0044555664
0.0270385742
0.0012207031
0.0153808594
0.0021362305
0.0258178711
-0.0214233398
-0.0297851562
0.0116577148
-0.0053710938
-0.2841186523
-0.2700195312
0.1987915039
-0.1406250000
-0.2955322266
0.3002319336
-0.2614135742
-0.2604370117
0.0371704102
0.2748413086
-0.1239624023
0.2686157227
0.2023925781
-0.2962036133
-0.2075195312
-0.2454223633
0.0062866211
-0.0061035156
0.0257568359
-0.0041503906
-0.0016479492
-0.0013427734
-0.0145874023
-0.0073242188
0.0004272461
-0.0032958984
0.0019531250
0.0045166016
-0.0262451172
-0.0032348633
-0.0067749023
0.0054931641
0.0433959961
0.0366821289
-0.0128173828
0.0523071289
0.0294189453
-0.0281372070
0.0097656250
-0.0405273438
-0.0168457031
0.0162353516
-0.0337524414
0.0358276367
0.0396728516
0.0251464844
0.0122070312
-0.0430908203
