-0.0502929688
-0.0531616211
0.0619506836
-0.0639038086
0.0105590820
-0.0004882812
-0.0466308594
-0.0545043945
0.0148925781
-0.0432739258
0.0416259766
0.0385742188
-0.0463867188
-0.0465087891
-0.0233764648
0.0492553711
-0.0154418945
0.0172119141
0.0206909180
-0.0183105469
0.0227050781
0.0515747070
-0.0021362305
0.0212402344
0.0187377930
0.0088500977
0.0387573242
0.0003051758
-0.0137939453
-0.0162963867
0.0192871094
-0.0309448242
-0.0689086914
0.0171508789
-0.0232543945
-0.0219116211
-0.0625610352
-0.0512695312
0.0534667969
-0.0068359375
-0.0228881836
-0.0367431641
-0.0403442383
0.0008544922
0.0421752930
-0.0382690430
-0.0042724609
0.0872192383
-0.0367431641
0.1727294922
0.1784057617
-0.2745971680
0.1935424805
-0.1892089844
-0.1038208008
0.0791625977
-0.1730346680
-0.2730712891
-0.1848144531
-0.1484985352
0.2136840820
0.1629638672
-0.2062377930
0.1876831055
0.0270996094
0.0049438477
0.0270996094
-0.0252685547
-0.0197753906
0.0459594727
-0.0335693359
-0.0055541992
-0.0355224609
0.0311889648
-0.0026245117
0.0380859375
0.0039062500
-0.0287475586
0.0253906250
0.0181884766
-0.0590209961
-0.1515502930
0.0123291016
0.1271362305
-0.0550537109
0.1486816406
-0.0820922852
0.1442260742
0.1060180664
-0.0847167969
0.1171875000
-0.1596069336
0.1257324219
0.0594482422
0.1710815430
0.1855468750
0.0327758789
0.0358276367
0.0844116211
0.0033569336
-0.0119628906
-0.0042724609
-0.0001220703
0.0383300781
0.0162963867
-0.0062255859
0.0015258789
-0.0351562500
0.0521240234
-0.0475463867
-0.0349731445
-0.0493774414
-0.0658569336
-0.0954589844
0.0245361328
-0.0625610352
-0.1206665039
0.0291748047
-0.1165161133
-0.0739746094
-0.0358276367
0.1115112305
0.0250244141
0.0919189453
0.0695800781
-0.1137695312
-0.0145874023
-0.0779418945
-0.3460693359
0.3600463867
0.0399169922
0.0589599609
-0.4114990234
-0.0044555664
-0.0056152344
0.3027954102
-0.3457641602
0.0819702148
-0.0073242188
0.2758178711
0.0395507812
-0.2036743164
0.1453857422
0.3355712891
0.0643310547
0.0297851562
-0.1227416992
0.1256713867
0.0053710938
-0.1267700195
-0.0740966797
-0.0984497070
-0.1248779297
0.1098022461
0.0015869141
0.1432495117
0.1105346680
-0.0160522461
-0.0253906250
-0.1158447266
