-0.0276489258
-0.0311889648
0.0919189453
-0.0096435547
0.0397338867
0.0148315430
-0.0552368164
-0.0605468750
-0.0297851562
-0.0412597656
0.0488891602
-0.0251464844
-0.0346679688
-0.0443725586
0.0195312500
0.0066528320
0.0060424805
-0.0025024414
-0.0036621094
0.0261840820
0.0021972656
0.0090332031
0.0073242188
-0.0281982422
-0.0325927734
-0.0053710938
0.0206298828
-0.0252075195
0.0181274414
0.0343627930
0.0170288086
-0.0250854492
-0.1071777344
-0.0456542969
-0.1005859375
0.0397338867
0.0591430664
-0.1194458008
0.0728759766
-0.0311279297
-0.0440673828
-0.0774536133
-0.0559082031
-0.0558471680
0.0743408203
-0.0185546875
0.0382690430
0.1487426758
-0.0430908203
0.1071777344
0.1171264648
-0.1740722656
0.1696166992
-0.1366577148
-0.1619873047
0.1004638672
-0.0787353516
-0.1185913086
-0.1450805664
-0.0966186523
0.1819458008
0.1362304688
-0.0993652344
0.1021728516
-0.0349731445
0.0050659180
-0.0222778320
-0.0203857422
-0.0223388672
-0.0173339844
0.0305175781
0.0308227539
0.0079345703
-0.0167846680
0.0115356445
-0.0061645508
0.0184936523
0.0090332031
0.0404663086
-0.0070190430
-0.1135253906
-0.2201538086
0.0249633789
0.1674194336
-0.1291503906
0.2744750977
-0.1894531250
0.1895751953
0.2783813477
-0.1391601562
0.2424316406
-0.1846923828
0.2004394531
0.1942138672
0.2438964844
0.3621215820
0.0234375000
0.0057373047
0.0081787109
-0.0031127930
-0.0059204102
-0.0139770508
-0.0017089844
-0.0035400391
-0.0012817383
-0.0059814453
0.0106811523
-0.0086059570
0.0376586914
-0.0045776367
0.0034179688
-0.0097656250
-0.0771484375
-0.0864257812
0.0466918945
-0.0173950195
-0.0530395508
0.0431518555
-0.0817871094
-0.0593261719
-0.0093994141
0.0871582031
0.0166625977
0.0683593750
0.0426635742
-0.0924682617
-0.0055541992
-0.0487060547
-0.3316650391
0.2821655273
0.0535888672
0.0147094727
-0.3198242188
0.0930175781
-0.1523437500
0.3435668945
-0.3206176758
0.1603393555
0.1152343750
0.3201293945
0.1282958984
-0.2585449219
0.1365356445
0.3222045898
0.1296386719
0.0297241211
-0.2095947266
0.1378173828
-0.0072021484
-0.1187744141
-0.0941772461
-0.1773071289
-0.1644897461
0.0973510742
-0.1235961914
0.1548461914
0.0502319336
0.0494384766
-0.1148071289
-0.1461791992
