-0.0295410156
-0.0090942383
0.0476684570
-0.0098876953
0.0034179688
0.0213623047
-0.0379638672
-0.0195312500
0.0222167969
-0.0308227539
0.0302734375
0.0263061523
-0.0206909180
0.0001220703
-0.0075073242
0.0183715820
0.0273437500
-0.0378417969
0.0047607422
0.0117187500
0.0198974609
0.0133666992
-0.0240478516
0.0073242188
-0.0221557617
-0.0075683594
0.0223388672
0.0177001953
-0.0015869141
0.0158081055
-0.0021972656
-0.0484619141
-0.1514892578
-0.1154785156
-0.0661010742
0.0971069336
-0.0521240234
-0.1773071289
0.1173095703
-0.0599975586
-0.1611328125
-0.0793457031
-0.0335693359
-0.0243530273
0.0221557617
-0.0767211914
-0.0233764648
0.1708374023
-0.2502441406
0.1948242188
0.2822875977
-0.2515258789
0.3245849609
-0.2669677734
-0.2406005859
0.0776977539
-0.2429199219
-0.2541503906
-0.2565917969
-0.2115478516
0.2681274414
0.2493896484
-0.2048950195
0.2061767578
-0.0285644531
0.0151977539
-0.0284423828
-0.0113525391
0.0056152344
-0.0137329102
0.0230102539
0.0172729492
0.0261230469
0.0032348633
0.0073852539
0.0067138672
-0.0061645508
-0.0007934570
0.0000610352
0.0015869141
-0.0917968750
-0.2011108398
0.1209716797
0.1364746094
-0.1868286133
0.2550659180
-0.1868896484
0.1322021484
0.2460937500
-0.0792846680
0.1798095703
-0.1534423828
0.1586914062
0.2225341797
0.2574462891
0.3023071289
0.0022583008
0.0006713867
0.0147094727
0.0081787109
0.0044555664
0.0148925781
0.0031127930
0.0072631836
-0.0190429688
0.0035400391
0.0017089844
0.0206909180
0.0094604492
0.0074462891
0.0061645508
-0.0019531250
0.0036621094
-0.0189208984
0.0177001953
-0.0070190430
-0.0375366211
0.0083618164
-0.0399169922
-0.0203857422
-0.0081787109
0.0208129883
0.0338745117
0.0143432617
0.0051269531
-0.0618286133
-0.0017089844
-0.0578002930
0.0115356445
0.0034179688
0.0003051758
0.0197753906
0.0069580078
0.0150756836
-0.0238037109
0.0011596680
-0.0126342773
0.0179443359
0.0025634766
-0.0060424805
0.0086059570
-0.0125732422
0.0080566406
0.0091552734
0.0960693359
-0.0034179688
-0.0184936523
0.0718994141
0.0039062500
0.0113525391
0.0300292969
-0.0388793945
0.0066528320
0.0043334961
-0.0845947266
-0.0035400391
0.0399780273
0.0609130859
-0.0206909180
-0.0139770508
