-0.0101928711
-0.0345458984
0.0376586914
-0.0336914062
0.0228271484
-0.0355224609
-0.0486450195
0.0119018555
0.0037231445
-0.0319213867
0.0475463867
0.0426635742
-0.0155639648
0.0039062500
-0.0108642578
0.0275878906
-0.0094604492
-0.0007324219
0.0136718750
-0.0105590820
-0.0090332031
0.0050659180
-0.0113525391
0.0046997070
0.0081176758
-0.0128173828
0.0173950195
-0.0193481445
-0.0040283203
-0.0078125000
-0.0033569336
0.0056762695
-0.1440429688
-0.0411376953
-0.0217895508
-0.0070190430
0.0711059570
-0.1076660156
0.1091308594
-0.0508422852
-0.0822753906
-0.0892944336
-0.0276489258
-0.0764770508
0.0428466797
-0.0690917969
0.0343017578
0.1442871094
-0.1043701172
0.0989990234
0.2255249023
-0.1986083984
0.1751098633
-0.1492919922
-0.1690673828
0.2416992188
-0.1563720703
-0.1344604492
-0.2199096680
-0.1787719727
0.1828002930
0.1464843750
-0.1659545898
0.1723022461
-0.0855712891
0.0010986328
-0.0375976562
-0.0436401367
0.0109252930
-0.0738525391
0.0697631836
0.0621337891
0.0881347656
-0.0649414062
0.0464477539
-0.0192871094
-0.0512084961
0.0620727539
0.0173339844
-0.0465698242
-0.0985107422
-0.1412353516
0.0621337891
0.1337890625
-0.1411743164
0.1912231445
-0.1289062500
0.1381835938
0.2091064453
-0.0299072266
0.1602783203
-0.1595458984
0.1674194336
0.1746826172
0.1914062500
0.2727050781
0.0020141602
0.0183715820
0.0112915039
0.0156860352
0.0029907227
-0.0225830078
0.0014648438
0.0139160156
0.0074462891
0.0283813477
-0.0107421875
-0.0180053711
0.0052490234
-0.0122680664
-0.0173950195
-0.0195922852
-0.0836791992
-0.0880126953
0.0080566406
0.0051879883
-0.0393066406
0.0249023438
-0.0604858398
-0.0127563477
0.0180664062
0.0381469727
0.0023193359
0.1064453125
0.0017089844
-0.1043701172
0.0192260742
-0.0485229492
-0.0065307617
0.0423583984
-0.0159301758
0.0277709961
-0.0410766602
0.0045776367
-0.1124877930
0.0606079102
-0.0744628906
0.0394897461
0.0543212891
0.0604858398
0.0288696289
-0.0302124023
-0.0194091797
0.0253295898
0.2567749023
-0.0100708008
-0.3174438477
0.2814331055
-0.0572509766
-0.2954711914
-0.2688598633
-0.3184814453
-0.2943115234
0.2772827148
-0.0784301758
0.3142089844
0.2718505859
0.0357666016
-0.0090332031
-0.2970581055
