-0.0091552734
-0.0109863281
0.0812988281
-0.0085449219
0.0087280273
0.0166015625
-0.0509643555
0.0471801758
0.0310058594
-0.0470581055
0.0447998047
0.0031127930
-0.0172729492
0.0015258789
-0.0096435547
0.0319824219
-0.0023193359
-0.0086669922
0.0261840820
0.0003662109
0.0118408203
0.0255737305
0.0029296875
0.0098266602
-0.0120239258
-0.0036010742
-0.0037231445
0.0205688477
0.0116577148
-0.0075073242
0.0120849609
-0.0186157227
-0.0877685547
-0.0392456055
-0.0729980469
0.0557861328
0.0608520508
-0.1055908203
0.1470947266
-0.0434570312
-0.0963134766
-0.1018676758
-0.0541381836
-0.0667114258
0.1071777344
-0.0090942383
-0.0002441406
0.1433105469
-0.1713867188
0.2068481445
0.2750244141
-0.2870483398
0.3146972656
-0.2731933594
-0.2415161133
0.1162109375
-0.2428588867
-0.2591552734
-0.2388305664
-0.2091064453
0.2395629883
0.2688598633
-0.2098388672
0.2500000000
-0.0166015625
0.0081176758
0.0077514648
0.0351562500
-0.0219116211
-0.0136718750
0.0072631836
0.0068359375
0.0126953125
-0.0100097656
0.0039062500
0.0292358398
0.0002441406
0.0121459961
-0.0000610352
0.0440673828
-0.1130371094
-0.2233276367
0.0341796875
0.1658325195
-0.1654052734
0.2802734375
-0.1245727539
0.1889648438
0.2935180664
-0.1086425781
0.1911621094
-0.1362304688
0.2207031250
0.1829833984
0.2573852539
0.2797851562
0.0114135742
0.0274047852
0.0241699219
0.0338745117
0.0049438477
-0.0112915039
0.0104370117
0.0314941406
0.0336303711
0.0237426758
0.0003051758
0.0287475586
0.0112304688
-0.0255737305
-0.0156250000
-0.0377197266
-0.0549316406
-0.0654296875
0.0021972656
-0.0992431641
-0.1117553711
0.0493164062
-0.0872192383
-0.0817260742
-0.0103149414
0.1353149414
0.0952148438
0.1226196289
0.0413208008
-0.0998535156
0.0125732422
-0.0826416016
0.0051879883
-0.0012817383
0.0115966797
0.0003662109
-0.0091552734
0.0227050781
-0.0544433594
-0.0046997070
0.0139770508
-0.0186157227
0.0366821289
-0.0191040039
0.0266113281
-0.0075073242
0.0075073242
0.0184936523
0.0297241211
-0.0006713867
-0.0200195312
0.0194091797
0.0093994141
-0.0241699219
0.0185546875
-0.0313110352
-0.0429077148
0.0300903320
0.0267944336
0.0119628906
0.0360717773
0.0159301758
-0.0273437500
-0.0263061523
