-0.0262451172
-0.0426635742
0.0525512695
-0.0455322266
-0.0015258789
-0.0388793945
-0.0640258789
0.0549316406
0.0210571289
-0.0999755859
0.0631713867
0.0532226562
-0.0626220703
-0.0451660156
0.0557861328
0.0041503906
0.0087890625
-0.0219726562
-0.0010375977
0.0254516602
0.0072631836
-0.0009765625
-0.0231933594
-0.0253295898
-0.0177612305
0.0022583008
-0.0054321289
0.0158691406
0.0031127930
0.0153808594
0.0049438477
-0.0073852539
-0.3565063477
-0.0941162109
-0.3048095703
0.0282592773
0.0305175781
-0.2941894531
0.3549194336
-0.0878295898
-0.3522338867
-0.2929687500
-0.2507934570
-0.1502075195
0.0685424805
-0.1210937500
0.1875610352
0.3222656250
-0.0784301758
0.0878906250
0.0603027344
-0.1452636719
0.1168823242
-0.0850830078
-0.0245361328
0.0626220703
-0.0961914062
-0.0850219727
-0.0830078125
-0.0633544922
0.0827636719
0.1384887695
-0.0238037109
0.0448608398
-0.0272827148
0.0186157227
0.0071411133
0.0542602539
-0.0253906250
-0.0003662109
0.0036010742
0.0140380859
0.0147094727
0.0081787109
-0.0061645508
-0.0163574219
-0.0056762695
0.0026245117
-0.0161132812
-0.0142822266
-0.0025634766
-0.0781860352
0.0670776367
0.0631103516
-0.0312500000
0.0949707031
-0.0199584961
0.0861816406
0.0780639648
-0.0509643555
0.0364379883
-0.0753784180
0.1028442383
0.0214233398
0.0916748047
0.0679931641
0.0087280273
-0.0159301758
0.0252685547
-0.0081176758
0.0287475586
0.0253295898
-0.0166625977
-0.0206909180
0.0089111328
0.0183715820
0.0081176758
0.0115356445
-0.0158691406
0.0250854492
-0.0277099609
0.0212402344
-0.0575561523
-0.1328125000
0.0382080078
0.0516357422
-0.1342773438
0.0772705078
-0.1035156250
-0.1058349609
0.0125732422
0.0902099609
-0.0308227539
0.1641845703
0.0378417969
-0.1750488281
-0.0221557617
-0.1092529297
-0.0148925781
0.0513916016
0.0084838867
0.0011596680
-0.0341186523
0.0018310547
0.0552368164
-0.0100708008
-0.0089111328
-0.0499877930
-0.0108032227
-0.0148925781
0.0007324219
-0.0040893555
-0.0113525391
0.0181884766
0.0129394531
0.0159912109
-0.0087280273
0.0146484375
-0.0238037109
0.0183715820
0.0232543945
-0.0099487305
0.0117797852
-0.0059204102
-0.0217895508
-0.0132446289
0.0029907227
-0.0149536133
-0.0032958984
0.0032348633
