-0.0195922852
-0.0216674805
0.0498046875
0.0100097656
0.0025634766
-0.0024414062
-0.0396118164
0.0371704102
-0.0125122070
-0.0343017578
0.0236816406
0.0079956055
-0.0187988281
0.0018920898
0.0078125000
0.0155029297
0.0398559570
-0.0623779297
0.0418701172
0.0133056641
0.0140380859
-0.0018920898
0.0321044922
-0.0218505859
-0.0391235352
-0.0160522461
0.0665283203
-0.0100708008
-0.0549316406
0.0335083008
0.0144042969
0.0008544922
-0.0811767578
-0.0602416992
-0.0693359375
0.0090942383
0.0327148438
-0.0858764648
0.0270385742
0.0388183594
0.0050659180
-0.0461425781
-0.0226440430
-0.0050659180
0.0240478516
-0.0089111328
-0.0037231445
0.0490722656
-0.0263671875
0.1003417969
0.1298217773
-0.1549072266
0.1464843750
-0.1093139648
-0.1324462891
0.1285400391
-0.1072387695
-0.1190795898
-0.0768432617
-0.0883789062
0.1608276367
0.1499633789
-0.0831909180
0.0600585938
0.0185546875
0.0018310547
0.0200805664
-0.0172729492
0.0621948242
0.0639648438
-0.0269775391
-0.0326538086
-0.0376586914
0.0230102539
0.0040283203
0.0569458008
0.0506591797
-0.0662841797
0.0339355469
0.0171508789
-0.0919799805
-0.1658935547
-0.0115966797
0.1094360352
-0.1386108398
0.2324829102
-0.1959228516
0.1992187500
0.2482299805
-0.0628662109
0.1334838867
-0.1607055664
0.2100830078
0.1545410156
0.2268066406
0.2762451172
0.0078735352
-0.0042724609
0.0366821289
0.0004272461
0.0254516602
-0.0151977539
-0.0129394531
-0.0266113281
-0.0281372070
-0.0039672852
0.0427246094
-0.0336303711
0.0506591797
0.0173339844
0.0248413086
0.0162353516
-0.0251464844
-0.0178222656
0.0210571289
-0.0002441406
-0.0365600586
0.0121459961
-0.0411987305
-0.0043945312
-0.0253906250
0.0447998047
0.0118408203
0.0063476562
0.0184326172
-0.0164184570
0.0004272461
-0.0209350586
-0.3311767578
0.3259887695
0.0430908203
-0.0685424805
-0.3931274414
-0.0817871094
0.0067138672
0.3565063477
-0.3477172852
-0.0079345703
0.0751953125
0.3242187500
-0.0167236328
-0.2399291992
0.0662841797
0.3488159180
0.1590576172
-0.0004272461
-0.0256347656
0.0920410156
0.0008544922
0.0147094727
-0.0465087891
-0.0156250000
-0.0108642578
0.0487670898
-0.0773315430
-0.0010375977
0.0661010742
0.0189819336
-0.0260620117
-0.0097045898
