-0.0106811523
-0.0214233398
0.0054931641
-0.0584106445
-0.0043334961
-0.0498046875
-0.0200195312
-0.0060424805
0.0216674805
-0.0613403320
0.0092773438
-0.0007934570
0.0208740234
-0.0178222656
0.0361938477
0.0034179688
-0.0073852539
-0.0114135742
-0.0033569336
-0.0038452148
0.0207519531
-0.0010986328
-0.0181884766
0.0045166016
0.0067749023
-0.0230712891
0.0214843750
0.0035400391
-0.0078125000
0.0189208984
0.0137939453
-0.0167236328
-0.1013793945
-0.0656127930
-0.0967407227
-0.0246582031
0.0155029297
-0.1250610352
0.0904541016
-0.0680541992
-0.0687866211
-0.1326293945
-0.0674438477
-0.0443115234
0.0050048828
-0.1032714844
-0.0072631836
0.1343994141
0.0421752930
0.0462036133
0.0856933594
-0.0762329102
0.0820312500
-0.0700683594
-0.0515747070
0.0584716797
-0.0543212891
-0.0327758789
-0.0597534180
-0.0263671875
0.0474243164
0.0485839844
-0.0377197266
0.0150756836
-0.3102416992
0.0360107422
-0.3229980469
-0.0645141602
0.0091552734
-0.3236694336
0.3438720703
0.3068847656
0.3635864258
-0.3169555664
-0.0601196289
-0.2897949219
0.0272827148
0.2677612305
0.0516967773
-0.0639038086
-0.0342407227
-0.1135864258
-0.0197143555
0.0567626953
-0.0373535156
0.0669555664
-0.0388793945
0.0547485352
0.1083374023
-0.0521240234
0.0737915039
-0.0869750977
0.0704345703
0.0920410156
0.0692138672
0.0495605469
0.0150146484
-0.0012207031
-0.0044555664
-0.0169677734
0.0065917969
0.0125732422
-0.0059814453
-0.0177001953
-0.0053710938
-0.0140380859
0.0128173828
-0.0030517578
-0.0114135742
-0.0112915039
-0.0071411133
-0.0048217773
-0.1444091797
-0.1631469727
0.0360717773
-0.0144653320
-0.0927124023
0.0781250000
-0.1466674805
-0.0412597656
0.0378417969
0.0949707031
-0.0679931641
0.1456909180
-0.0048217773
-0.1527099609
-0.0516357422
-0.0938110352
-0.0293579102
0.0347290039
-0.0059204102
0.0225219727
-0.0352783203
0.0087280273
-0.0266113281
0.0401611328
-0.0290527344
0.0374755859
0.0289916992
0.0250244141
0.0356445312
-0.0321044922
-0.0060424805
0.0341186523
0.0921020508
-0.0125732422
-0.0666503906
0.1230468750
0.0313110352
-0.0462036133
-0.1121826172
-0.0400390625
-0.0332031250
0.1014404297
-0.1269531250
0.0664672852
0.0841064453
-0.0512695312
0.0040283203
-0.0682373047
