-0.0056762695
-0.0023803711
0.0234985352
-0.0119018555
-0.0016479492
0.0277099609
-0.0167846680
-0.0112304688
0.0214843750
-0.0263671875
0.0049438477
0.0125732422
-0.0129394531
0.0153198242
0.0022583008
-0.0083007812
0.0084838867
0.0083007812
-0.0118408203
0.0113525391
0.0515747070
0.0128173828
-0.0254516602
-0.0154418945
-0.0290527344
0.0130615234
0.0288696289
0.0111694336
0.0351562500
0.0274658203
0.0182495117
-0.0556640625
-0.0559082031
-0.0697631836
0.0159912109
0.0083618164
-0.0146484375
-0.0225219727
0.0374145508
-0.0173950195
-0.0249633789
-0.0100097656
-0.0205688477
-0.0113525391
0.0255737305
-0.0495605469
-0.0333251953
0.0688476562
-0.1495971680
0.1945190430
0.2802734375
-0.3452758789
0.2846679688
-0.2299194336
-0.2152709961
0.0776367188
-0.2368774414
-0.2871704102
-0.2608642578
-0.2238159180
0.2317504883
0.2341918945
-0.2143554688
0.2614135742
-0.0558471680
-0.0351562500
-0.0260620117
0.0092163086
0.0423583984
-0.0502319336
0.0670166016
0.0805053711
0.0457153320
-0.0421752930
0.0017700195
-0.0363159180
-0.0413208008
0.0620727539
0.0361328125
0.0059814453
-0.0952758789
-0.1710205078
0.0520629883
0.1437377930
-0.1110229492
0.2184448242
-0.1275024414
0.1340332031
0.1914672852
-0.1109008789
0.1416015625
-0.1961059570
0.1713256836
0.1452026367
0.2077026367
0.2703247070
0.0430297852
0.0109863281
0.0256347656
-0.0002441406
0.0184936523
-0.0123901367
0.0034790039
-0.0130615234
0.0075683594
-0.0214843750
0.0062255859
-0.0071411133
0.0375976562
-0.0103149414
-0.0117187500
-0.0222167969
-0.2034301758
-0.2114257812
0.0928955078
-0.2096557617
-0.2396240234
0.1442260742
-0.2290039062
-0.1880493164
-0.0445556641
0.2653808594
-0.0376586914
0.2375488281
0.1417846680
-0.2498168945
-0.1674804688
-0.1966552734
0.0027465820
0.0031127930
-0.0079345703
0.0067138672
0.0027465820
-0.0022583008
-0.0001220703
-0.0018310547
0.0072021484
-0.0029907227
-0.0089721680
-0.0028686523
0.0145874023
-0.0019531250
0.0116577148
0.0004272461
0.0376586914
0.0011596680
-0.0466918945
0.0568847656
-0.0000610352
-0.0437622070
-0.0458984375
-0.0573730469
-0.0440063477
0.0195312500
-0.0018920898
0.0455322266
0.0573730469
0.0227661133
-0.0085449219
-0.0532226562
