-0.0922241211
-0.0870971680
0.1119995117
-0.0993652344
0.1232299805
0.0260620117
-0.1358032227
-0.0267333984
0.0710449219
-0.0953979492
0.1003417969
0.0783081055
-0.0673828125
-0.0313720703
-0.0339965820
0.0747680664
0.0678100586
-0.0923461914
-0.0036010742
-0.0001831055
0.0199584961
-0.0301513672
-0.0052490234
-0.0336303711
-0.0058593750
-0.0160522461
0.0419311523
0.0145874023
0.0097656250
0.0216064453
0.0194702148
0.0168457031
-0.3673706055
-0.2665405273
-0.2853393555
-0.0496826172
-0.1751098633
-0.3027954102
0.3242187500
-0.0022583008
-0.2958984375
-0.2781982422
-0.1246948242
-0.1713256836
-0.0422363281
-0.1194458008
0.1067504883
0.2836303711
-0.1671752930
0.1644287109
0.2512207031
-0.2171630859
0.2509765625
-0.1928100586
-0.1791381836
0.2142333984
-0.2023315430
-0.1343383789
-0.2030639648
-0.1939086914
0.2052001953
0.2056884766
-0.1841430664
0.2019653320
0.0256347656
-0.0384521484
0.0366210938
0.0155639648
0.0060424805
0.0352172852
-0.0441284180
-0.0094604492
-0.0247802734
-0.0006713867
-0.0177001953
0.0190429688
0.0209960938
-0.0329589844
-0.0169677734
-0.0042114258
-0.0889892578
-0.1293334961
-0.0028076172
0.1000976562
-0.1342773438
0.1675415039
-0.1343383789
0.1185302734
0.1842651367
-0.0642700195
0.1080932617
-0.1038208008
0.1878051758
0.1353759766
0.1725463867
0.1976318359
0.0295410156
-0.0155639648
-0.0419311523
0.0144042969
0.0020751953
0.0174560547
0.0250854492
0.0170288086
-0.0044555664
-0.0032348633
0.0053710938
0.0563964844
-0.0056762695
0.0032958984
0.0549316406
-0.0336303711
-0.0593872070
-0.0966796875
0.0052490234
-0.0636596680
-0.0865478516
0.0748901367
-0.0703125000
-0.1218261719
0.0050659180
0.1064453125
0.0463256836
0.0584716797
0.0372924805
-0.0935668945
-0.0809326172
-0.0266723633
-0.0056762695
0.0078735352
0.0230102539
0.0399169922
0.0050659180
-0.0092773438
-0.0020751953
0.0213623047
-0.0220336914
0.0126953125
0.0288696289
0.0264892578
0.0126953125
-0.0009765625
0.0214843750
0.0330810547
0.0336914062
-0.0432128906
-0.0130615234
0.0477294922
-0.0084838867
0.0228881836
-0.0119018555
-0.0204467773
0.0017700195
0.0045166016
-0.0286865234
0.0060424805
0.0195312500
-0.0317993164
-0.0123291016
0.0076904297
