-0.0706176758
-0.0656127930
0.0538940430
-0.0860595703
0.0121459961
0.0591430664
-0.1010742188
-0.0026245117
0.0530395508
-0.0798339844
0.1008300781
0.0016479492
-0.1061401367
-0.0756835938
0.0377807617
0.0841674805
0.0023803711
-0.0005493164
-0.0250244141
0.0168457031
-0.0313110352
0.0231323242
-0.0001220703
-0.0343627930
-0.0167846680
0.0587158203
0.0350341797
0.0212402344
0.0413208008
0.0175170898
-0.0280151367
0.0261230469
-0.3345947266
-0.0427856445
-0.2835083008
-0.0097045898
0.0361328125
-0.3057250977
0.3098144531
-0.0548706055
-0.3895263672
-0.3179321289
-0.1775512695
-0.1921386719
0.0581054688
-0.1041870117
0.2698974609
0.3161010742
-0.1498413086
0.0950927734
0.1312866211
-0.1342773438
0.0972900391
-0.1522827148
-0.0639648438
0.1291503906
-0.1135253906
-0.1129150391
-0.1075439453
-0.0217285156
0.1462402344
0.1807861328
-0.0516967773
0.1166381836
0.0000000000
-0.0029296875
0.0253295898
0.0198974609
-0.0272216797
0.0020751953
0.0020751953
-0.0012207031
0.0119018555
0.0173950195
0.0103759766
-0.0076293945
0.0217285156
-0.0065307617
-0.0079345703
0.0089721680
-0.0426635742
-0.1188964844
0.0333862305
0.0590209961
-0.0384521484
0.1085815430
-0.0277709961
0.1423950195
0.1060791016
-0.0848999023
0.0782470703
-0.0541381836
0.1301269531
0.0723266602
0.0939941406
0.0923461914
-0.0000610352
-0.0072631836
-0.0072631836
-0.0225830078
0.0056152344
0.0261840820
-0.0174560547
-0.0004882812
0.0112304688
0.0410766602
0.0261230469
0.0017700195
-0.0189819336
0.0095825195
-0.0103759766
0.0198974609
-0.0609130859
-0.0930786133
0.0239257812
0.0282592773
-0.0640869141
0.0730590820
-0.0736083984
-0.0715332031
-0.0062866211
0.0850830078
-0.0112304688
0.0902709961
0.0514526367
-0.0855102539
0.0062255859
-0.0568237305
0.0079345703
0.0173950195
-0.0098876953
0.0060424805
-0.0037841797
0.0450439453
0.0215454102
0.0009765625
0.0052490234
-0.0193481445
0.0242309570
0.0054931641
0.0472412109
0.0212402344
0.0152587891
0.0032958984
0.0068359375
0.0147705078
0.0025634766
0.0166015625
0.0001831055
0.0002441406
0.0018310547
-0.0049438477
-0.0002441406
-0.0007934570
-0.0093994141
-0.0031738281
0.0119628906
0.0092773438
-0.0286254883
-0.0078125000
