-0.0635375977
-0.0567016602
0.0245971680
-0.1046142578
-0.0028076172
-0.0691528320
-0.0772094727
-0.0069580078
-0.0499877930
-0.0238037109
0.0806274414
0.0123291016
-0.0442504883
-0.1082153320
0.0555419922
0.0644531250
-0.3308105469
0.3317871094
0.1170043945
-0.3521728516
0.0561523438
0.2736816406
-0.0772705078
0.3497314453
0.3647460938
0.0341796875
0.0327148438
0.0422973633
0.1936035156
-0.3740844727
-0.0880126953
-0.0089111328
-0.0308227539
-0.0404052734
-0.0787963867
0.0335693359
0.0001220703
-0.0692749023
0.0428466797
-0.0618896484
-0.0388793945
-0.0952758789
-0.0399780273
-0.0982055664
0.0390625000
-0.0141601562
-0.0103759766
0.0624389648
-0.0214233398
0.0641479492
0.1208496094
-0.1442260742
0.0372924805
-0.0602416992
-0.0626220703
0.0740966797
-0.0621948242
-0.0981445312
-0.0740356445
-0.0925903320
0.0984497070
0.0487670898
-0.0575561523
0.0278320312
-0.0710449219
-0.0322875977
-0.0874633789
-0.0274658203
-0.0314941406
-0.0802612305
0.0588989258
0.0316772461
0.0642700195
-0.0908813477
0.0493774414
-0.0629272461
0.0441894531
0.0444946289
0.0481567383
0.0011596680
-0.0236816406
-0.0109863281
0.0150146484
-0.0029907227
0.0329589844
0.0027465820
0.0111083984
0.0140991211
0.0304565430
0.0070190430
0.0059814453
-0.0050659180
0.0031738281
-0.0046386719
0.0141601562
-0.0272827148
0.0178833008
0.0161132812
0.0334472656
0.0078125000
0.0011596680
0.0038452148
0.0212402344
0.0319824219
-0.0132446289
-0.0130004883
-0.0160522461
0.0141601562
-0.0051879883
-0.0249633789
-0.0121459961
0.0157470703
-0.1535034180
-0.1542358398
0.0196533203
-0.0023193359
-0.1176757812
0.1008911133
-0.1351928711
-0.0728759766
-0.0116577148
0.1015014648
-0.0014038086
0.1833496094
0.0439453125
-0.1105346680
-0.0106201172
-0.0606079102
-0.0324096680
0.0168457031
0.0124511719
-0.0413818359
-0.0010375977
-0.0078735352
0.0078125000
0.0395507812
-0.0163574219
0.0165405273
0.0117187500
0.0394287109
0.0203247070
-0.0158691406
-0.0087280273
-0.0071411133
0.0256958008
0.0274658203
-0.1006469727
0.1226196289
-0.0517578125
-0.0525512695
-0.0487670898
-0.0848999023
-0.0410156250
0.0270996094
-0.0109252930
0.0903320312
-0.0023803711
0.0371704102
-0.0650024414
-0.1004028320
