-0.0003662109
-0.0269775391
0.0178222656
-0.0236816406
0.0197753906
-0.0009765625
0.0003662109
-0.0108642578
0.0093994141
-0.0512695312
0.0223999023
-0.0253906250
-0.0144653320
-0.0281372070
-0.0260620117
0.0061645508
0.0086059570
0.0070800781
-0.0313720703
0.0070800781
0.0539550781
0.0252075195
0.0137939453
0.0200805664
-0.0095825195
0.0427246094
-0.0195922852
0.0202026367
0.0178222656
0.0020751953
-0.0008544922
-0.0183105469
-0.1095581055
-0.0399780273
0.0073852539
0.0036010742
-0.0364990234
-0.0714721680
0.0919189453
-0.0363159180
-0.0715942383
-0.0380859375
-0.0599975586
0.0286865234
0.0665893555
-0.1163330078
-0.0020751953
0.0959472656
-0.1076660156
0.0983276367
0.1151123047
-0.0885009766
0.1491088867
-0.1439819336
-0.0972290039
0.0617675781
-0.1279296875
-0.1060791016
-0.0786132812
-0.1328125000
0.1390380859
0.1162109375
-0.0958251953
0.1219482422
-0.0270996094
0.0117797852
-0.0396728516
0.0076293945
-0.0000610352
-0.0189208984
0.0206298828
0.0151977539
0.0185546875
-0.0301513672
0.0235595703
-0.0072021484
0.0126953125
0.0029907227
-0.0156250000
-0.0086669922
0.0017089844
-0.1740722656
-0.0297241211
0.1518554688
-0.0547485352
0.1427001953
-0.0663452148
0.1489868164
0.1636352539
-0.1344604492
0.1953735352
-0.0975952148
0.1463012695
0.1280517578
0.1514892578
0.1726684570
0.0532836914
0.0006713867
0.0228271484
0.0023193359
0.0140380859
0.0050048828
-0.0230712891
0.0252075195
-0.0159301758
0.0222167969
0.0179443359
-0.0169677734
0.0394897461
-0.0144653320
-0.0001831055
-0.0075073242
-0.2423706055
-0.2701416016
0.2276611328
-0.1544799805
-0.3154907227
0.2391357422
-0.2947998047
-0.2366943359
-0.0596313477
0.2974243164
-0.0845947266
0.2427978516
0.2327270508
-0.2883300781
-0.2411499023
-0.2501831055
0.0028076172
0.0056762695
-0.0064086914
-0.0062255859
-0.0069580078
-0.0079956055
-0.0121459961
-0.0056762695
0.0111694336
0.0150756836
-0.0108032227
-0.0057983398
-0.0063476562
-0.0065307617
-0.0026245117
0.0068969727
0.0056152344
0.0094604492
0.0042724609
0.0123901367
0.0308227539
0.0032348633
0.0056152344
-0.0015258789
0.0010986328
0.0078735352
-0.0380249023
-0.0111694336
0.0185546875
0.0130615234
0.0150146484
0.0010986328
