-0.1148681641
-0.1599731445
0.1487426758
-0.1433715820
0.0616455078
-0.0828247070
-0.1488037109
0.0424194336
-0.0180664062
-0.0960693359
0.1683959961
0.1534423828
-0.1030883789
-0.1680297852
0.0481567383
0.1604003906
-0.2945556641
0.3429565430
0.1226806641
-0.3256225586
0.0555419922
0.2639770508
-0.0771484375
0.3301391602
0.3353271484
0.1105957031
-0.0943603516
0.1126098633
0.2345581055
-0.3595581055
0.0230102539
0.0196533203
-0.0524902344
-0.0662841797
-0.0326538086
0.0763549805
0.0575561523
-0.0808105469
0.0722656250
-0.0715942383
-0.0336303711
-0.0772705078
-0.0489501953
0.0316162109
0.0356445312
-0.0374755859
-0.0076293945
0.0931396484
-0.1140747070
0.1065063477
0.1832275391
-0.1212768555
0.1555175781
-0.1229858398
-0.1338500977
0.1563720703
-0.1494750977
-0.1335449219
-0.1547851562
-0.1397705078
0.1600952148
0.1810302734
-0.1331787109
0.1185913086
-0.0822143555
-0.0209960938
-0.0665283203
-0.0321044922
-0.0064697266
-0.0731201172
0.0902709961
0.0770874023
0.0780029297
-0.0758666992
0.0443115234
-0.0797729492
0.0072021484
0.0975952148
0.1013793945
0.0034790039
-0.0256347656
-0.0490112305
-0.0192260742
0.0259399414
0.0091552734
0.0471801758
-0.0276489258
0.0521240234
0.0587158203
-0.0245361328
0.0240478516
-0.0487670898
0.0521850586
0.0227661133
0.0423583984
-0.0099487305
-0.0072021484
0.0001220703
0.0081176758
0.0044555664
0.0034179688
0.0052490234
0.0147094727
0.0097045898
0.0086669922
-0.0099487305
-0.0033569336
0.0158081055
-0.0011596680
-0.0027465820
-0.0056762695
0.0073242188
-0.1490478516
-0.1529541016
0.0245361328
0.0097656250
-0.1715698242
0.1098022461
-0.1391601562
-0.0957641602
0.0175170898
0.1006469727
-0.0599365234
0.1354370117
0.0754394531
-0.1411743164
-0.0290527344
-0.1416625977
-0.0012207031
-0.0018310547
0.0266723633
-0.0122070312
0.0083618164
0.0147094727
0.0396118164
-0.0014038086
0.0020751953
-0.0190429688
0.0018920898
0.0076293945
-0.0021362305
-0.0029907227
-0.0122680664
0.0036621094
0.1036376953
0.0410766602
-0.1168212891
0.1427612305
-0.1226806641
-0.0792236328
-0.0957031250
-0.0834350586
-0.0494384766
0.0281372070
-0.0462036133
0.1334228516
0.0764160156
0.0398559570
-0.0700073242
-0.1213378906
