-0.2376098633
-0.3152465820
0.2077636719
-0.2611083984
0.3254394531
-0.2899169922
-0.2122192383
0.0634765625
0.2917480469
-0.2339477539
0.3312988281
0.0968017578
-0.2177734375
-0.2110595703
-0.0101928711
0.2407836914
0.0007934570
0.0125122070
0.0183105469
-0.0103149414
-0.0097045898
0.0485229492
-0.0270385742
-0.0025634766
0.0007934570
0.0143432617
0.0164794922
0.0247192383
0.0047607422
-0.0020751953
-0.0050659180
-0.0180053711
-0.0206298828
-0.0017700195
-0.0057373047
-0.0027465820
-0.0200805664
-0.0160522461
0.0114135742
0.0121459961
-0.0240478516
0.0003051758
0.0051269531
-0.0160522461
0.0239868164
0.0238647461
0.0134887695
0.0028076172
-0.0453491211
0.1074829102
0.1495971680
-0.0987548828
0.0850219727
-0.0615844727
-0.0794067383
0.0799560547
-0.0537719727
-0.0772705078
-0.0986938477
-0.0152587891
0.0885009766
0.0841674805
-0.1017456055
0.1311035156
0.0186157227
0.0045776367
0.0366821289
-0.0422973633
0.0513916016
0.0206298828
-0.0006103516
0.0055541992
-0.0354614258
0.0471801758
0.0087280273
-0.0085449219
0.0235595703
0.0133056641
0.0285644531
-0.0009155273
-0.0154418945
-0.0216674805
0.0460815430
0.0148315430
0.0085449219
0.0412597656
-0.0178222656
0.0288085938
0.0423583984
-0.0177001953
0.0189819336
-0.0134277344
0.0193481445
0.0328369141
0.0124511719
0.0267944336
-0.0397338867
0.0534057617
-0.0131225586
0.0918579102
-0.1044921875
-0.0402832031
0.0841674805
0.1074218750
0.0197753906
0.0834960938
-0.0616455078
0.0462036133
0.0234985352
-0.1047363281
0.0030517578
-0.0413818359
-0.0772094727
-0.1239013672
0.0902099609
-0.0499877930
-0.0953979492
0.1170043945
-0.1471557617
-0.0681152344
0.0186157227
0.1050415039
0.0006713867
0.0748901367
0.0383911133
-0.1483154297
-0.1084594727
-0.0596923828
-0.0004272461
0.0269165039
0.0301513672
0.0062866211
-0.0123291016
0.0149536133
-0.0191650391
0.0079956055
0.0015258789
-0.0004882812
0.0000000000
-0.0109252930
0.0073852539
0.0082397461
-0.0086669922
0.0214233398
-0.0191040039
0.0039672852
-0.0495605469
0.0505981445
-0.0029296875
-0.0515136719
-0.0359497070
-0.0485839844
-0.0490722656
0.1030273438
0.0358886719
0.0615234375
0.0891113281
-0.0099487305
0.0245361328
-0.0684204102
