-0.0309448242
-0.0020751953
0.0445556641
-0.0737915039
0.0987548828
-0.0437622070
-0.0975952148
0.0117187500
0.0551757812
-0.0830078125
0.0871582031
-0.0286254883
-0.0432739258
-0.1069946289
0.0181274414
0.0671997070
0.0190429688
-0.0043945312
0.0046386719
0.0791625977
0.0107421875
-0.0163574219
0.0029907227
-0.0544433594
-0.0775756836
-0.0240478516
0.0125732422
-0.0084838867
0.0025024414
0.0649414062
0.0231933594
-0.0184936523
-0.1151123047
-0.0695800781
-0.1141967773
0.0198974609
0.0077514648
-0.1268310547
0.0910644531
-0.1394653320
-0.0881347656
-0.1373291016
-0.0389404297
-0.1331787109
0.0713500977
-0.0161132812
0.0789184570
0.1898803711
-0.0422363281
0.0415649414
0.1597290039
-0.1386718750
0.1501464844
-0.0571289062
-0.0955810547
0.1116943359
-0.1016235352
-0.0972290039
-0.1168212891
-0.0783691406
0.1386718750
0.1222534180
-0.0554809570
0.1028442383
-0.3272705078
-0.0780029297
-0.2854003906
0.0972290039
-0.1541137695
-0.3019409180
0.2893066406
0.2750854492
0.3411254883
-0.3242797852
-0.0411376953
-0.2940063477
0.1621093750
0.2769165039
-0.0452880859
-0.0660400391
-0.0989379883
-0.0931396484
0.0752563477
0.0906982422
-0.0832519531
0.1956787109
-0.0847167969
0.1358642578
0.2312622070
-0.0570678711
0.1442260742
-0.1323242188
0.1702270508
0.1381225586
0.1881103516
0.2225952148
-0.0298461914
-0.0018310547
0.0192260742
-0.0025024414
-0.0059814453
-0.0036621094
-0.0053100586
0.0159912109
0.0017700195
-0.0133666992
-0.0037841797
0.0235595703
0.0184936523
-0.0028686523
0.0006103516
-0.0114746094
-0.0820922852
-0.1165161133
-0.0299072266
0.0040283203
-0.0808715820
0.0601806641
-0.1107177734
0.0095214844
0.0311889648
0.0465087891
-0.0576171875
0.1207275391
0.0162353516
-0.1477050781
-0.0093383789
-0.0515747070
-0.0072631836
0.0164184570
-0.0123901367
0.0439453125
-0.0133666992
0.0391235352
-0.0765991211
-0.0183715820
-0.0267944336
0.0502929688
0.0692138672
-0.0242919922
0.0695190430
-0.0466308594
0.0218505859
0.0244750977
0.1293945312
0.0631713867
-0.1765747070
0.1625366211
-0.1141357422
-0.1539306641
-0.1287841797
-0.1968383789
-0.2056274414
0.1694335938
-0.1037597656
0.2037353516
0.1666870117
-0.0167846680
-0.0230102539
-0.1415405273
