-0.0292358398
-0.0180053711
0.1046752930
-0.0548706055
0.0401611328
0.0305786133
-0.0487060547
0.0046997070
0.0061035156
-0.1208496094
0.0202026367
0.0056152344
-0.0037231445
-0.0665283203
-0.0354003906
0.0020141602
0.0105590820
-0.0076904297
-0.0172729492
0.0227050781
0.0305175781
0.0024414062
-0.0235595703
-0.0227050781
-0.0178222656
0.0311889648
-0.0120849609
0.0277099609
-0.0025634766
0.0264282227
0.0046997070
-0.0081787109
-0.0499267578
-0.0337524414
-0.0396118164
-0.0227050781
0.0065307617
-0.0581054688
0.0696411133
-0.0379028320
-0.0234375000
-0.0512695312
-0.0459594727
0.0202636719
0.0390625000
-0.0492553711
0.0093383789
0.0704345703
-0.1917724609
0.1934814453
0.2848510742
-0.2130126953
0.2994995117
-0.2286376953
-0.1873168945
0.1746215820
-0.1873168945
-0.1862792969
-0.2151489258
-0.2399902344
0.2833251953
0.2654418945
-0.1873168945
0.1957397461
-0.1346435547
0.1524658203
-0.1534423828
-0.0617065430
0.0744018555
-0.0559082031
0.1283569336
0.1254272461
0.0902099609
-0.1008911133
0.0765380859
-0.0698852539
-0.0258178711
0.0315551758
0.0440673828
0.0765380859
-0.0667724609
-0.2839965820
-0.0335083008
0.1597290039
-0.1264038086
0.2017822266
-0.1032714844
0.1735229492
0.2101440430
-0.1512451172
0.2150268555
-0.1696777344
0.2620239258
0.1071166992
0.2224731445
0.2567749023
0.0580444336
0.0267944336
0.0195312500
0.0153198242
-0.0140380859
-0.0215454102
-0.0079956055
0.0394897461
-0.0231323242
-0.0075683594
0.0278930664
-0.0135498047
0.0144042969
-0.0272216797
-0.0225830078
-0.0148925781
-0.1868896484
-0.2819824219
0.1707153320
-0.1039428711
-0.2769165039
0.2124633789
-0.2996826172
-0.2425537109
-0.0282592773
0.3026733398
-0.0651855469
0.2460327148
0.1439819336
-0.3018188477
-0.2147216797
-0.1833496094
-0.0219726562
0.0338745117
-0.0416259766
0.0046997070
-0.0242309570
-0.0078735352
-0.0260009766
0.0182495117
-0.0223388672
0.0181274414
0.0158081055
0.0228881836
0.0205078125
-0.0504150391
0.0322875977
0.0338745117
0.0961303711
-0.0447998047
-0.0305175781
0.0973510742
-0.0285644531
-0.0466308594
-0.0789794922
-0.0447387695
-0.0653076172
0.0633544922
-0.1710205078
0.0036621094
0.0764770508
-0.0187988281
0.0701293945
-0.0307617188
