-0.1099243164
-0.1265869141
0.0384521484
-0.1390991211
0.0379638672
-0.0066528320
-0.1126098633
0.0565185547
-0.0151977539
-0.1027832031
0.1160888672
0.0819702148
-0.0863037109
-0.1416625977
0.0388793945
0.1053466797
-0.3175659180
0.3075561523
0.1480712891
-0.3395385742
0.0130004883
0.2663574219
-0.0007934570
0.3277587891
0.3555908203
0.1309204102
0.0426025391
0.1082153320
0.2402954102
-0.3666381836
-0.0397338867
-0.0111083984
-0.0369873047
-0.0477294922
-0.0224609375
0.0520019531
0.0042114258
-0.0726318359
0.0196533203
-0.0468750000
-0.0374145508
-0.0818481445
-0.0202636719
0.0009765625
0.0005493164
-0.0062255859
0.0044555664
0.0806274414
-0.0778198242
0.0958251953
0.1279907227
-0.1544189453
0.1105957031
-0.1016235352
-0.0823364258
0.1524047852
-0.1065063477
-0.1115112305
-0.1685791016
-0.0997314453
0.1290893555
0.1309204102
-0.1202392578
0.1206054688
-0.0791625977
-0.0354614258
-0.0855102539
0.0213012695
-0.0548706055
-0.0855712891
0.0950927734
0.0469360352
0.0935668945
-0.0896606445
0.0488281250
-0.1014404297
0.0555419922
0.0603027344
0.0463256836
0.0247802734
-0.0191650391
-0.0324096680
0.0023193359
0.0200195312
0.0022583008
0.0238647461
-0.0187377930
0.0372314453
0.0333862305
-0.0135498047
0.0033569336
-0.0410766602
0.0151367188
0.0336303711
0.0353393555
-0.0219726562
0.0581054688
-0.0239868164
0.0558471680
-0.0372924805
0.0386962891
0.0225830078
-0.0222778320
-0.0162353516
0.0328979492
-0.0171508789
0.0336914062
0.0012207031
0.0236816406
0.0289306641
-0.0248413086
0.0452270508
-0.1308593750
-0.1691284180
0.0190429688
0.0619506836
-0.1531372070
0.1297607422
-0.1377563477
-0.0714111328
0.0101928711
0.0736694336
-0.0394287109
0.1662597656
0.0264892578
-0.1472778320
0.0075073242
-0.1190185547
-0.0940551758
0.0686645508
0.0414428711
-0.0473022461
-0.0404052734
0.0332031250
0.0021972656
0.0722045898
-0.0507202148
0.0013427734
0.0015258789
0.0465698242
-0.0324707031
-0.0422973633
-0.0134887695
0.0554199219
0.0224609375
0.0258178711
-0.0902709961
0.0635986328
-0.0835571289
-0.0747070312
-0.0520019531
-0.0565795898
-0.0457763672
0.0333251953
-0.0528564453
0.0970458984
0.0353393555
0.0271606445
-0.0764160156
-0.0994873047
