-0.0005493164
-0.0040283203
0.0068969727
-0.0243530273
0.0017700195
-0.0120849609
-0.0127563477
0.0297851562
-0.0102539062
-0.0209960938
0.0177612305
0.0115966797
0.0023803711
-0.0056762695
0.0046997070
0.0169677734
-0.0208740234
0.0056152344
-0.0104370117
-0.0187988281
0.0203247070
0.0078125000
-0.0054931641
0.0019531250
-0.0053100586
-0.0241088867
0.0100097656
-0.0004272461
0.0039062500
-0.0043945312
0.0164184570
-0.0249633789
-0.1697387695
-0.1112060547
-0.1075439453
-0.0197753906
0.0386962891
-0.1347656250
0.1225585938
-0.0789184570
-0.0905761719
-0.1785278320
-0.0872802734
-0.0534667969
0.0355224609
-0.0957641602
-0.0078735352
0.1708374023
-0.0966796875
0.1019287109
0.1700439453
-0.2352905273
0.1910400391
-0.1255493164
-0.1303100586
0.1796264648
-0.1380004883
-0.1126708984
-0.1251831055
-0.1267089844
0.1785278320
0.1593627930
-0.1199951172
0.1848144531
-0.3338623047
-0.0322875977
-0.3173217773
-0.0302734375
-0.0356445312
-0.3234252930
0.3321533203
0.3230590820
0.3468627930
-0.3217773438
-0.0083618164
-0.2750854492
0.0058593750
0.2570190430
0.0596313477
-0.0562133789
-0.0791625977
-0.1783447266
-0.0176391602
0.1328125000
-0.0784912109
0.1903076172
-0.0846557617
0.1930541992
0.2298583984
-0.1417846680
0.1517333984
-0.1360473633
0.1921386719
0.1332397461
0.1600341797
0.1954345703
0.0009765625
-0.0064086914
0.0011596680
-0.0142211914
0.0010986328
0.0040283203
-0.0131225586
-0.0029907227
-0.0075073242
-0.0027465820
0.0046386719
-0.0134887695
0.0023803711
-0.0120849609
0.0102539062
0.0040283203
-0.1467895508
-0.1593017578
-0.0243530273
0.0238037109
-0.1060791016
0.0925903320
-0.1480102539
-0.0355834961
0.0400390625
0.0897216797
-0.0675659180
0.1596679688
0.0050659180
-0.2112426758
-0.0045776367
-0.1166381836
-0.0048217773
0.0235595703
0.0169067383
0.0387573242
-0.0184326172
0.0244750977
-0.0427856445
0.0130615234
-0.0372314453
0.0480957031
0.0228881836
0.0117187500
0.0310668945
-0.0270996094
0.0114746094
0.0274658203
0.1646118164
0.0214233398
-0.1712036133
0.1772460938
-0.1032714844
-0.1585083008
-0.1685180664
-0.1534423828
-0.1665039062
0.1983642578
-0.1025390625
0.1920776367
0.1782226562
0.0697631836
-0.0313720703
-0.1831054688
