-0.0401611328
-0.0279541016
0.0609130859
-0.0629272461
0.0221557617
-0.0509033203
-0.0239257812
0.0656738281
-0.0207519531
-0.0448608398
0.0640869141
0.0242309570
-0.0470581055
-0.0991210938
0.0061645508
0.0284423828
-0.0064086914
0.0046386719
-0.0048828125
0.0116577148
0.0070800781
0.0089111328
-0.0003662109
-0.0117187500
-0.0147705078
-0.0043945312
0.0110473633
-0.0109252930
0.0102539062
0.0135498047
0.0006103516
-0.0108032227
-0.2306518555
-0.1289672852
-0.1502685547
-0.0239257812
0.0382080078
-0.2372436523
0.1926269531
-0.0579833984
-0.1712036133
-0.2485351562
-0.1021118164
-0.1140136719
0.0961303711
-0.1258544922
0.0729370117
0.2520141602
0.0005493164
0.0715332031
0.1512451172
-0.1569213867
0.1544799805
-0.1463623047
-0.1223144531
0.1073608398
-0.0854492188
-0.0924682617
-0.1513671875
-0.1241455078
0.1644897461
0.0999755859
-0.0730590820
0.1133422852
-0.3269653320
-0.0150146484
-0.2940673828
-0.0573730469
-0.0693359375
-0.2984619141
0.2879028320
0.2797851562
0.3226928711
-0.3382568359
0.0307006836
-0.2689819336
0.0487670898
0.1992187500
0.0469970703
-0.0715942383
-0.1145019531
-0.1306152344
0.0827026367
0.1536865234
-0.1163330078
0.2053222656
-0.1347045898
0.1488647461
0.2539062500
-0.0394897461
0.1475219727
-0.2288208008
0.1705322266
0.2025756836
0.2268066406
0.2570800781
0.0004272461
-0.0287475586
0.0229492188
-0.0465698242
0.0286254883
0.0109252930
-0.0330200195
-0.0290527344
0.0008544922
-0.0072021484
0.0338134766
-0.0361938477
0.0428466797
0.0242309570
0.0092773438
0.0331420898
-0.1666870117
-0.1926879883
0.0485229492
-0.0174560547
-0.1336669922
0.1143798828
-0.1989135742
-0.0879516602
0.0138549805
0.1664428711
-0.0678710938
0.2078247070
0.0497436523
-0.2503051758
-0.0598144531
-0.1755981445
-0.0269165039
0.0912475586
-0.0007324219
0.0343627930
-0.0808715820
0.0296630859
-0.0562133789
0.1196289062
-0.1311035156
0.0380249023
0.0720214844
0.1355590820
0.1317138672
-0.1383056641
0.0053710938
0.1287841797
0.1600952148
0.0123901367
-0.2492675781
0.2026977539
-0.0892944336
-0.2968139648
-0.2119750977
-0.2849121094
-0.2553710938
0.2266845703
-0.0168457031
0.2847290039
0.2149658203
0.0092773438
0.0030517578
-0.2936401367
