-0.0198364258
-0.0231933594
0.1013183594
-0.0355224609
0.0628662109
0.0440673828
-0.0615234375
-0.0450439453
0.0308227539
-0.0883178711
0.0571289062
-0.0017700195
-0.0516357422
-0.0590820312
-0.0041503906
-0.0196533203
0.0026855469
0.0111694336
-0.0116577148
0.0142211914
0.0362548828
0.0123291016
-0.0009155273
-0.0021972656
-0.0153808594
0.0221557617
0.0009765625
0.0296630859
0.0319824219
0.0074462891
0.0062866211
-0.0330810547
-0.1657104492
-0.0880126953
-0.1187744141
0.0204467773
-0.0218505859
-0.1824951172
0.2050170898
-0.0224609375
-0.2066040039
-0.1539916992
-0.1113891602
-0.0372924805
0.0309448242
-0.0533447266
0.0040893555
0.2191772461
-0.0354614258
0.1325683594
0.1472167969
-0.1366577148
0.1861572266
-0.1461791992
-0.1098632812
0.0534667969
-0.1498413086
-0.1513671875
-0.1220092773
-0.1155395508
0.2200927734
0.2203369141
-0.0661010742
0.1537475586
-0.0301513672
-0.0007934570
-0.0067138672
0.0258789062
-0.0172729492
-0.0045776367
0.0232543945
0.0093383789
0.0170898438
-0.0238037109
0.0125732422
-0.0295410156
0.0097045898
0.0109863281
0.0075073242
0.0045166016
-0.0552368164
-0.1531372070
-0.0124511719
0.1329956055
-0.0004882812
0.0930786133
-0.0637207031
0.1557006836
0.1146240234
-0.0827636719
0.1342163086
-0.0707397461
0.1036376953
0.0546264648
0.1927490234
0.0834960938
0.0153198242
0.0326538086
0.0545654297
0.0298461914
-0.0046997070
-0.0187988281
-0.0056762695
-0.0017089844
0.0143432617
0.0223388672
-0.0026245117
0.0177612305
0.0001220703
-0.0260009766
-0.0166625977
-0.0173950195
-0.2740478516
-0.3067016602
0.1467285156
-0.1729125977
-0.2787475586
0.2260131836
-0.2795410156
-0.2028808594
0.0362548828
0.2640380859
-0.1176147461
0.3078002930
0.2060546875
-0.3250122070
-0.1641235352
-0.2772216797
0.0294799805
0.0216674805
0.0089111328
-0.0158691406
-0.0111083984
-0.0132446289
0.0094604492
-0.0261230469
0.0056762695
0.0029907227
0.0065307617
-0.0185546875
-0.0154418945
0.0260620117
-0.0124511719
0.0151977539
0.0553588867
0.0008544922
-0.0393676758
0.0835571289
0.0150146484
-0.0545654297
-0.0636596680
-0.0621948242
-0.0646362305
0.0412597656
-0.0447998047
0.0489501953
0.0571899414
0.0118408203
-0.0127563477
-0.0326538086
