-0.0116577148
0.0058593750
0.0504150391
-0.0253295898
-0.0052490234
0.0312500000
-0.0189208984
-0.0117797852
-0.0012817383
-0.0253906250
0.0107421875
0.0042724609
-0.0043945312
-0.0071411133
0.0087890625
-0.0097045898
0.0106201172
-0.0086669922
0.0246582031
0.0405883789
0.0505371094
-0.0050048828
-0.0323486328
-0.0272216797
-0.0545654297
-0.0038452148
0.0024414062
0.0284423828
-0.0122680664
0.0336914062
0.0098876953
-0.0458374023
-0.1621093750
-0.0460205078
-0.0571899414
0.0114135742
-0.0866699219
-0.1432495117
0.1397705078
0.0025024414
-0.0761108398
-0.1236572266
-0.0274047852
-0.0494995117
0.0390014648
-0.0582275391
0.0304565430
0.1611328125
-0.1383056641
0.1513061523
0.2105102539
-0.2024536133
0.2200317383
-0.1571655273
-0.1676635742
0.0802001953
-0.0391845703
-0.1268920898
-0.1771850586
-0.0548706055
0.1433715820
0.1717529297
-0.1587524414
0.1254272461
0.0126953125
-0.0305786133
0.0316162109
-0.0216674805
0.0106811523
0.0113525391
-0.0147705078
-0.0003051758
0.0172729492
-0.0098876953
-0.0000610352
0.0042114258
0.0099487305
0.0044555664
-0.0000610352
0.0515747070
-0.1635742188
-0.2360229492
0.0443115234
0.2114868164
-0.2568969727
0.2796020508
-0.1953735352
0.2278442383
0.2826538086
-0.2354125977
0.2606201172
-0.1974487305
0.2089843750
0.2416992188
0.2965087891
0.3977050781
0.0219726562
-0.0120239258
0.0209350586
-0.0093994141
-0.0019531250
-0.0144042969
-0.0010375977
0.0180053711
0.0049438477
-0.0160522461
0.0059814453
0.0040283203
-0.0040283203
-0.0180664062
0.0057983398
-0.0092773438
-0.1851196289
-0.2395019531
0.1017456055
-0.0670166016
-0.2406005859
0.2141723633
-0.2648925781
-0.1776123047
0.0294189453
0.2572021484
-0.0695190430
0.2156982422
0.0714721680
-0.2404174805
-0.1674194336
-0.1763305664
-0.0206909180
0.0259399414
-0.0005493164
0.0114135742
-0.0009765625
-0.0333862305
-0.0302734375
0.0045776367
-0.0170288086
0.0488891602
0.0451049805
0.0159912109
0.0327148438
-0.0332031250
0.0609741211
0.0119018555
0.0693359375
-0.0004882812
-0.0096435547
0.0757446289
0.0222167969
0.0117187500
-0.0203857422
-0.0130615234
-0.0145874023
0.0367431641
-0.0892333984
0.0090942383
0.0276489258
-0.0130615234
0.0017089844
-0.0044555664
