0.0170898438
-0.0034179688
0.0498046875
-0.0288696289
-0.0150756836
-0.0097656250
-0.0261840820
0.0286865234
0.0075073242
-0.0603637695
0.0552368164
0.0271606445
-0.0078735352
-0.0081787109
-0.0112915039
0.0072021484
-0.0050048828
0.0108642578
0.0041503906
-0.0150756836
0.0015258789
0.0176391602
0.0148315430
0.0219116211
0.0208129883
0.0086059570
0.0062255859
0.0015258789
0.0217285156
-0.0046997070
-0.0010986328
-0.0055541992
-0.1176757812
-0.0175781250
-0.0412597656
-0.0019531250
0.0171508789
-0.0923461914
0.0884399414
-0.1135253906
-0.0363159180
-0.1196899414
-0.0253906250
-0.0775756836
0.0736694336
-0.1030273438
0.0398559570
0.1232910156
-0.0107421875
0.1046752930
0.1834106445
-0.1318969727
0.1245117188
-0.1174316406
-0.0880737305
0.1096801758
-0.1098022461
-0.0982666016
-0.1195068359
-0.1482543945
0.1856079102
0.0645751953
-0.1223144531
0.1284179688
-0.1007690430
-0.0124511719
-0.0861816406
0.0270996094
0.0059814453
-0.0510253906
0.0206298828
0.0935058594
0.0764770508
-0.1107788086
0.0053710938
0.0139770508
0.0023803711
0.0119628906
-0.0145263672
0.0015258789
-0.0404052734
-0.1320190430
0.0177612305
0.1036376953
-0.0635986328
0.1431274414
-0.0682983398
0.1049804688
0.0973510742
-0.0518188477
0.1043090820
-0.1654052734
0.1295776367
0.0558471680
0.1266479492
0.1569213867
-0.0115966797
-0.0026245117
0.0283813477
-0.0134277344
-0.0063476562
0.0003662109
0.0099487305
0.0144042969
0.0342407227
-0.0050048828
0.0100097656
-0.0424804688
0.0208129883
-0.0075073242
-0.0290527344
0.0036010742
-0.1997680664
-0.2210693359
0.0467529297
-0.0742187500
-0.2200927734
0.1536254883
-0.2477416992
-0.1687622070
0.0289916992
0.2476196289
-0.0780029297
0.2497558594
0.1174926758
-0.2606201172
-0.1652221680
-0.1430053711
0.0140380859
-0.0133666992
0.0057373047
-0.0189208984
0.0301513672
-0.0302734375
0.0053100586
0.0106201172
-0.0118408203
-0.0134277344
0.0123291016
0.0177612305
-0.0049438477
-0.0173339844
-0.0008544922
0.0121459961
0.1471557617
0.0740356445
-0.2642211914
0.2897338867
-0.1170654297
-0.3078002930
-0.2814331055
-0.2734375000
-0.3072509766
0.3291015625
-0.0270996094
0.3082275391
0.3231201172
0.0420532227
-0.0027465820
-0.2961425781
