-0.0792846680
-0.1495361328
0.1627807617
-0.0846557617
0.0653076172
-0.0247192383
-0.1464843750
0.0272827148
0.0548095703
-0.0851440430
0.0890502930
0.0184936523
-0.1700439453
-0.0991821289
0.0015869141
0.1428833008
-0.0061035156
0.0007934570
0.0088500977
-0.0046997070
0.0010375977
0.0189819336
0.0013427734
0.0015869141
0.0015258789
-0.0069580078
0.0040893555
-0.0029907227
0.0006713867
0.0002441406
0.0166625977
-0.0080566406
-0.0455322266
-0.0421142578
-0.0003051758
0.0203247070
0.0029296875
-0.0437011719
0.0439453125
-0.0057373047
-0.0257568359
-0.0421142578
-0.0242919922
-0.0231933594
0.0386962891
-0.0308227539
0.0226440430
0.0626220703
-0.1415405273
0.1399536133
0.1668701172
-0.2238159180
0.1491699219
-0.1474609375
-0.1035766602
0.0994873047
-0.1963500977
-0.1892089844
-0.1152954102
-0.1018066406
0.1260986328
0.1588745117
-0.1281738281
0.1229248047
0.0003051758
-0.0050048828
0.0051879883
0.0147705078
-0.0031127930
0.0120849609
-0.0040893555
0.0039672852
-0.0025634766
0.0086059570
-0.0386962891
-0.0001831055
0.0108032227
-0.0004272461
-0.0031127930
-0.0040893555
-0.0507812500
-0.1799926758
-0.0122680664
0.1631469727
-0.0686035156
0.1930541992
-0.1029663086
0.1824340820
0.2171630859
-0.0789794922
0.1618041992
-0.1458129883
0.2092895508
0.2072143555
0.2138671875
0.2233276367
0.0131225586
0.0022583008
0.0163574219
-0.0025634766
-0.0151977539
0.0038452148
-0.0031738281
0.0018310547
-0.0105590820
-0.0122680664
-0.0003662109
0.0148315430
-0.0098266602
0.0160522461
0.0065307617
-0.0084228516
-0.1338500977
-0.1618041992
0.0695800781
-0.0694580078
-0.1524658203
0.0934448242
-0.1736450195
-0.1206665039
-0.0802612305
0.2039794922
-0.0223999023
0.1669921875
0.0608520508
-0.2066040039
-0.0402832031
-0.1618652344
-0.3416137695
0.3187866211
0.0767211914
-0.0139770508
-0.3630981445
-0.0114135742
-0.1004028320
0.3408813477
-0.3445434570
0.0498657227
0.0696411133
0.2993774414
0.0560302734
-0.2624511719
0.1541137695
0.3385009766
0.1515502930
0.0001831055
-0.1419067383
0.1895751953
-0.0091552734
-0.1702880859
-0.1527099609
-0.2398071289
-0.1934204102
0.1841430664
-0.1124877930
0.2030639648
0.1879272461
0.0144653320
0.0186157227
-0.1865234375
