-0.0183715820
-0.0201416016
0.0675659180
-0.0419311523
-0.0045166016
0.0394897461
-0.0527954102
-0.0155029297
0.0281982422
-0.0625610352
0.0130615234
0.0641479492
0.0109252930
0.0234985352
-0.0002441406
0.0184326172
0.0507202148
-0.0563354492
-0.0065917969
0.0808715820
0.0353393555
-0.0080566406
-0.0255737305
-0.0714721680
-0.0910034180
-0.0253295898
0.0270385742
0.0091552734
-0.0723266602
0.0713500977
0.0170288086
-0.0791015625
-0.1764526367
-0.0359497070
-0.0364379883
0.0277099609
-0.0359497070
-0.1040039062
0.0902099609
-0.0513305664
-0.1189575195
-0.1101684570
-0.0337524414
-0.0570678711
0.0676269531
-0.0711059570
-0.0251464844
0.1596069336
-0.1776123047
0.1737670898
0.2680664062
-0.2463989258
0.2688598633
-0.1932983398
-0.1893310547
0.1445922852
-0.1684570312
-0.1537475586
-0.2041625977
-0.1534423828
0.2219238281
0.2045898438
-0.2310791016
0.2227172852
-0.0065917969
0.0104370117
0.0083007812
0.0054321289
-0.0014038086
0.0157470703
0.0079956055
-0.0032348633
0.0219116211
-0.0104980469
-0.0041503906
0.0255126953
0.0192260742
-0.0021362305
0.0144653320
0.0130615234
-0.1440429688
-0.2677001953
-0.0396118164
0.2544555664
-0.1948852539
0.2688598633
-0.1726684570
0.2116699219
0.2932128906
-0.2423706055
0.2500000000
-0.1774291992
0.2886352539
0.2094726562
0.2999267578
0.3972167969
0.0355224609
0.0040893555
0.0125732422
-0.0082397461
-0.0227050781
0.0181884766
0.0046386719
0.0346679688
0.0206909180
-0.0081176758
0.0084228516
0.0202636719
0.0325317383
-0.0095214844
-0.0307006836
-0.0273437500
-0.0764770508
-0.1547851562
0.0638427734
-0.0177001953
-0.1451416016
0.1089477539
-0.1589355469
-0.0919189453
0.0057373047
0.1714477539
-0.0542602539
0.1348876953
-0.0123291016
-0.1480712891
-0.0563964844
-0.1210327148
0.0001220703
0.0191040039
-0.0143432617
0.0341186523
0.0100708008
-0.0078735352
-0.0147094727
0.0139770508
-0.0130004883
0.0059814453
0.0062255859
0.0390014648
-0.0080566406
-0.0035400391
0.0330200195
0.0158691406
0.1048583984
0.0498657227
-0.0419921875
0.1051635742
0.0518188477
0.0330810547
-0.0366821289
-0.0211181641
-0.0052490234
0.0556640625
-0.0647583008
-0.0041503906
0.0715942383
-0.0222167969
-0.0153808594
-0.0083618164
