-0.0556640625
-0.0584716797
0.0271606445
-0.0483398438
-0.0331420898
-0.0342407227
-0.0620727539
0.0152587891
-0.0255737305
-0.0426025391
0.1287231445
0.0685424805
-0.0259399414
-0.1016845703
0.0293579102
0.0591430664
-0.3374633789
0.3228149414
0.1297607422
-0.3452758789
0.0525512695
0.2969970703
-0.0828857422
0.3404541016
0.3480834961
0.0333862305
0.0906372070
0.0732421875
0.1803588867
-0.3586425781
-0.0552368164
-0.0626831055
-0.0440063477
-0.0400390625
-0.0600585938
0.0108642578
-0.0057373047
-0.0861206055
0.0062866211
-0.0468139648
-0.0502319336
-0.0854492188
-0.0233154297
-0.0432739258
0.0625000000
-0.0028076172
-0.0110473633
0.0637817383
-0.0382080078
0.0349731445
0.0715332031
-0.0894775391
0.0424194336
-0.0300292969
-0.0595703125
0.0411376953
-0.0538330078
-0.0899047852
-0.0685424805
-0.0394897461
0.0514526367
0.0421752930
-0.0454711914
0.0609130859
-0.1973876953
0.0050659180
-0.1323242188
-0.0554809570
-0.0668334961
-0.1420898438
0.1199340820
0.0977783203
0.1798095703
-0.1398925781
0.0919189453
-0.1174926758
0.1087036133
0.1362915039
0.0070800781
0.0389404297
-0.0471191406
-0.0270385742
0.0172729492
0.0013427734
-0.0034179688
0.0319824219
-0.0186157227
0.0377197266
0.0454101562
-0.0085449219
0.0036010742
-0.0328979492
0.0114135742
0.0217285156
0.0441894531
0.0206298828
-0.0017089844
0.0260620117
0.0112304688
0.0095825195
-0.0057983398
-0.0291137695
0.0343017578
0.0251464844
-0.0125122070
0.0200195312
-0.0106811523
-0.0075073242
0.0078125000
-0.0335693359
0.0053710938
0.0165405273
-0.1361694336
-0.1696777344
0.0224609375
0.0354003906
-0.1463623047
0.1505737305
-0.1640014648
-0.1238403320
0.0006713867
0.1208496094
-0.0712280273
0.1676635742
0.0537719727
-0.1461791992
-0.0411987305
-0.0888671875
-0.0106811523
0.0060424805
-0.0102539062
-0.0151977539
0.0023193359
-0.0120849609
0.0026855469
0.0046997070
-0.0045776367
0.0070800781
0.0282592773
0.0294189453
0.0387573242
-0.0183105469
0.0122070312
0.0115966797
-0.0064086914
-0.0430297852
-0.0619506836
0.0764770508
-0.0347900391
-0.0518798828
-0.0441284180
-0.0516967773
-0.0358276367
0.0494384766
-0.0504760742
0.0638427734
0.0469970703
0.0090332031
-0.0079956055
-0.0866088867
