-0.0018920898
-0.0479125977
0.0596923828
-0.0220336914
0.0382690430
-0.0184326172
-0.0689697266
0.0260620117
0.0285034180
-0.0297851562
0.0863037109
0.0302734375
-0.0261230469
-0.0523071289
0.0501098633
0.0677490234
0.0440673828
-0.0518188477
-0.0100708008
0.0797729492
0.0123291016
-0.0151367188
0.0280151367
-0.0806274414
-0.0672607422
-0.0563964844
0.0274047852
-0.0144653320
-0.0175781250
0.0802612305
0.0263061523
-0.0394897461
-0.3354492188
-0.1647949219
-0.2996826172
-0.0475463867
-0.0508422852
-0.3529663086
0.2789306641
-0.1144409180
-0.3598632812
-0.3447265625
-0.1375122070
-0.2015380859
0.0501098633
-0.1162109375
0.1442260742
0.3245239258
-0.0492553711
0.1143798828
0.1592407227
-0.1193237305
0.0996093750
-0.1591796875
-0.0584716797
0.1328125000
-0.0577392578
-0.0927734375
-0.1220703125
-0.0656738281
0.1315917969
0.1353759766
-0.1473388672
0.1522216797
0.0168457031
0.0210571289
0.0222778320
0.0067138672
-0.0075073242
0.0172729492
-0.0028076172
0.0106201172
-0.0209350586
0.0202636719
0.0040893555
0.0156250000
-0.0187377930
-0.0321044922
0.0006713867
0.0065917969
-0.0542602539
-0.0784301758
-0.0410766602
0.0408935547
-0.0214233398
0.0639648438
-0.0189819336
0.0727539062
0.0514526367
0.0133666992
0.0803222656
-0.0239868164
0.0688476562
-0.0065917969
0.0689697266
0.0477294922
-0.0340576172
-0.0057373047
-0.0025024414
-0.0135498047
-0.0039672852
0.0042114258
0.0101928711
0.0109252930
0.0364379883
0.0274047852
-0.0155639648
-0.0167236328
-0.0214843750
0.0108642578
0.0298461914
0.0153808594
-0.0680541992
-0.1087646484
0.0790405273
-0.0426025391
-0.0972290039
0.0764770508
-0.1159667969
-0.0794067383
-0.0548095703
0.1365356445
-0.0102539062
0.1282958984
0.0615234375
-0.1583251953
-0.0983886719
-0.0553588867
0.0063476562
-0.0011596680
-0.0048828125
0.0054321289
0.0120239258
-0.0006713867
-0.0020751953
-0.0169067383
-0.0012817383
0.0110473633
0.0098876953
0.0032348633
-0.0051269531
-0.0046386719
0.0283203125
0.0004272461
0.0184936523
0.0094604492
-0.0155639648
-0.0004272461
0.0034790039
-0.0049438477
-0.0013427734
-0.0086669922
-0.0002441406
-0.0024414062
-0.0150146484
0.0033569336
0.0048828125
-0.0076904297
-0.0114746094
-0.0161132812
