-0.0935668945
-0.0895996094
0.0892333984
-0.0870971680
0.1211547852
-0.0676269531
-0.0829467773
0.0261840820
0.0744018555
-0.0942382812
0.1341552734
0.0513916016
-0.0878906250
-0.0781860352
0.0441894531
0.1139526367
0.0742187500
-0.0866699219
0.0427246094
0.0897216797
0.0363159180
-0.0523071289
0.0311889648
-0.0628051758
-0.0812988281
-0.0283813477
0.0073852539
0.0167846680
-0.0249633789
0.0327758789
-0.0159301758
-0.0151977539
-0.0922241211
-0.0416870117
-0.0514526367
-0.0003051758
0.0494384766
-0.0754394531
0.0502929688
-0.0646972656
-0.0387573242
-0.0664672852
-0.0118408203
-0.0321655273
0.0390625000
-0.0510864258
0.0001220703
0.0597534180
-0.1270751953
0.1827392578
0.2496948242
-0.2001342773
0.2122802734
-0.1714477539
-0.1966552734
0.1306762695
-0.1026611328
-0.1333618164
-0.1860961914
-0.1687011719
0.1661376953
0.1804809570
-0.1768798828
0.1392211914
-0.0505981445
0.0427246094
-0.0558471680
0.0034790039
-0.0007324219
-0.0571289062
0.0757446289
0.0373535156
0.0700073242
-0.0373535156
-0.0252075195
-0.0108642578
0.0100097656
0.0203247070
0.0435180664
0.0152587891
-0.1034545898
-0.1778564453
-0.0061035156
0.1283569336
-0.1081542969
0.2432250977
-0.1519165039
0.1834716797
0.2435302734
-0.0881347656
0.1757202148
-0.1497192383
0.1849975586
0.1729125977
0.2734985352
0.3214111328
0.0068359375
0.3296508789
0.0585937500
0.2642211914
-0.3038940430
-0.2190551758
0.3436889648
0.3218994141
0.0118408203
0.1903686523
-0.3013305664
0.0627441406
0.0359497070
-0.3432006836
-0.0114135742
-0.3686523438
-0.0003662109
-0.0409545898
-0.0267333984
-0.0090332031
-0.0453491211
0.0504150391
-0.0744628906
-0.0181274414
-0.0065307617
0.0760498047
-0.0541381836
0.0460815430
0.0108642578
-0.0629882812
0.0117797852
-0.0163574219
-0.0449218750
0.0104370117
0.0064697266
0.0398559570
-0.0311889648
0.0158081055
-0.0239868164
0.0363769531
-0.0368041992
0.0213012695
0.0278320312
0.0281982422
0.0205078125
-0.0186157227
0.0465698242
0.0248413086
0.0265502930
0.0140380859
-0.0184326172
0.0645141602
-0.0203247070
-0.0040283203
-0.0281372070
-0.0269165039
-0.0279541016
0.0402221680
-0.0534057617
0.0227661133
0.0231323242
-0.0435180664
0.0415649414
0.0059814453
