-0.0585937500
-0.0476684570
0.0142211914
-0.0743408203
-0.0123901367
-0.0296020508
-0.0665283203
0.0009765625
-0.0407104492
-0.0100708008
0.0676269531
0.0058593750
-0.0685424805
-0.1007690430
0.0336914062
0.0510864258
-0.3206787109
0.3339843750
0.1248168945
-0.3504028320
0.0567016602
0.2712402344
-0.0646972656
0.3569946289
0.3573608398
0.0593261719
0.0347900391
0.0578002930
0.2065429688
-0.3691406250
-0.0438842773
0.0037231445
-0.0071411133
-0.0341796875
-0.0341186523
0.0213012695
0.0003662109
-0.0333862305
0.0083618164
-0.0599975586
0.0006103516
-0.0759887695
-0.0125732422
-0.0522460938
0.0296020508
-0.0170288086
-0.0092773438
0.0478515625
-0.0000610352
0.0564575195
0.0466308594
-0.1101684570
0.0269165039
-0.0401000977
-0.0227050781
0.0664062500
-0.0547485352
-0.0565795898
-0.0454101562
-0.0657958984
0.0643310547
0.0595092773
-0.0442504883
0.0333251953
-0.1497192383
-0.0989379883
-0.1108398438
-0.0147094727
-0.0510253906
-0.1264038086
0.1024780273
0.0793457031
0.1447143555
-0.1554565430
0.0056152344
-0.1356201172
0.0610961914
0.0686645508
0.0634155273
-0.0281982422
-0.0144653320
-0.0120239258
0.0115966797
0.0012817383
0.0130615234
0.0233764648
0.0127563477
0.0302124023
0.0267333984
0.0092163086
0.0149536133
-0.0119628906
-0.0002441406
0.0115966797
0.0119018555
-0.0119628906
0.0151977539
0.0065307617
0.0243530273
-0.0011596680
0.0045776367
-0.0086059570
0.0254516602
0.0180053711
0.0013427734
0.0018920898
-0.0015258789
-0.0008544922
-0.0025634766
-0.0162353516
-0.0094604492
0.0145874023
-0.1165161133
-0.1261596680
-0.0073852539
0.0631103516
-0.1172485352
0.1000366211
-0.1255493164
-0.0600585938
-0.0382690430
0.0885009766
-0.0114746094
0.1429443359
0.0371093750
-0.1112060547
0.0163574219
-0.0622558594
-0.0267944336
0.0177001953
-0.0040283203
-0.0376586914
-0.0072021484
0.0144653320
0.0020141602
0.0351562500
-0.0212402344
0.0081787109
0.0137329102
0.0391235352
0.0046386719
-0.0298461914
-0.0249633789
0.0240478516
0.0374755859
0.0209350586
-0.0772094727
0.1027221680
-0.0629272461
-0.0434570312
-0.0355224609
-0.0438842773
-0.0218505859
0.0208129883
-0.0356445312
0.0755004883
-0.0014648438
0.0306396484
-0.0466308594
-0.0967407227
