-0.0866088867
-0.1087036133
0.1081542969
-0.0379028320
0.0606689453
-0.0697631836
-0.0718383789
-0.0211791992
0.0208740234
-0.0800170898
0.1135253906
0.0391845703
-0.0546875000
-0.0028076172
-0.0203247070
0.0623779297
0.0285644531
-0.0265502930
0.0316772461
0.0206298828
0.0150756836
-0.0101928711
0.0241699219
-0.0153808594
-0.0366821289
-0.0127563477
-0.0097045898
-0.0057983398
-0.0026855469
0.0236816406
-0.0161132812
0.0083618164
-0.0637207031
-0.0176391602
-0.0039062500
0.0093994141
0.0452880859
-0.0284423828
0.0369873047
-0.0457153320
-0.0380249023
-0.0159912109
-0.0400390625
-0.0252075195
0.0110473633
0.0163574219
-0.0034790039
0.0317993164
-0.1118164062
0.1399536133
0.1901245117
-0.2153930664
0.1771850586
-0.1676635742
-0.1618041992
0.1633911133
-0.1011962891
-0.1351928711
-0.1358032227
-0.1625976562
0.1459960938
0.1510009766
-0.1545410156
0.0906982422
-0.0148925781
0.0136718750
0.0023803711
-0.0017089844
0.0085449219
-0.0095825195
0.0144042969
0.0344238281
0.0276489258
-0.0058593750
-0.0024414062
0.0177612305
-0.0091552734
0.0129394531
0.0158081055
0.0081787109
-0.1267089844
-0.1782836914
0.0714721680
0.1383056641
-0.1414184570
0.2778930664
-0.2232666016
0.1737670898
0.2595825195
-0.1291503906
0.1588745117
-0.1971435547
0.2299804688
0.1885375977
0.2407836914
0.2990722656
-0.0717773438
0.2966918945
0.0135498047
0.3079223633
-0.2896118164
-0.1546630859
0.3377075195
0.3306884766
-0.0379028320
0.1484375000
-0.3784179688
0.0891113281
0.0689086914
-0.3566894531
0.0330200195
-0.3302001953
0.0157470703
-0.0575561523
0.0076904297
-0.0050048828
-0.0502319336
0.0543823242
-0.0878906250
-0.0360717773
-0.0263671875
0.0798950195
-0.0339355469
0.0512084961
0.0187377930
-0.0597534180
-0.0251464844
-0.0355224609
-0.0126342773
0.0420532227
0.0209960938
0.0366821289
-0.0298461914
0.0122680664
-0.0469360352
0.0603027344
-0.0321044922
0.0181274414
0.0452270508
0.0480346680
0.0496215820
-0.0300292969
0.0224609375
0.0092773438
0.0864868164
-0.0311279297
-0.0667724609
0.0877685547
-0.0395507812
-0.0399169922
-0.0122680664
-0.0800781250
-0.0541381836
0.0796508789
-0.0313110352
0.0553588867
0.0668945312
-0.0446166992
0.0362548828
-0.0126953125
