-0.1004638672
-0.0504760742
0.0766601562
-0.1166381836
0.0295410156
-0.0162353516
-0.1150512695
-0.0274658203
-0.0230102539
-0.1135864258
0.1175537109
0.0416259766
-0.0881958008
-0.1148681641
0.0543212891
0.0456542969
-0.3112182617
0.3071289062
0.1231689453
-0.3350219727
0.0538940430
0.2636718750
-0.0222778320
0.3533935547
0.3309936523
0.1105957031
-0.0545654297
0.0817260742
0.2360839844
-0.3549804688
0.0362548828
-0.0415649414
-0.1433715820
-0.1273193359
-0.1420288086
0.1090087891
0.0569458008
-0.1773071289
0.1795654297
-0.0811767578
-0.1369628906
-0.1718750000
-0.1304321289
-0.0207519531
0.0463867188
-0.0621948242
0.0170288086
0.2014770508
-0.0682983398
0.1486816406
0.1222534180
-0.1242065430
0.1365356445
-0.1106567383
-0.0746459961
0.1130981445
-0.1434326172
-0.1042480469
-0.1052246094
-0.1531982422
0.1515502930
0.1603393555
-0.1040649414
0.1376342773
-0.0248413086
-0.0084838867
-0.0253295898
-0.0006103516
-0.0248413086
-0.0128784180
0.0235595703
0.0181884766
0.0242309570
-0.0137939453
0.0225219727
-0.0308837891
0.0258789062
0.0270385742
0.0576782227
0.0238647461
0.0033569336
-0.0189208984
-0.0039062500
0.0138549805
-0.0059204102
0.0047607422
-0.0093383789
0.0160522461
0.0191650391
-0.0065307617
0.0048828125
-0.0080566406
0.0019531250
-0.0037841797
0.0089721680
-0.0255737305
0.0289916992
-0.0021972656
0.0222167969
0.0120239258
-0.0033569336
0.0081176758
0.0067749023
0.0175781250
0.0040283203
-0.0269165039
-0.0150756836
0.0039062500
0.0150146484
0.0040283203
-0.0026855469
0.0015258789
-0.1475219727
-0.1596069336
0.0101928711
0.0289306641
-0.1495361328
0.0843505859
-0.1242065430
-0.0734252930
-0.0370483398
0.0855102539
-0.0241699219
0.1650390625
0.0739746094
-0.1784667969
0.0056152344
-0.1125488281
-0.0438232422
0.0187988281
0.0185546875
-0.0496826172
-0.0106811523
0.0424804688
0.0577392578
0.0437622070
-0.0040283203
-0.0018920898
0.0079345703
0.0435791016
0.0108642578
-0.0301513672
0.0178222656
0.0296630859
0.0360717773
0.0595092773
-0.0706787109
0.0698242188
-0.0681152344
-0.0610961914
-0.0364379883
-0.0536499023
-0.0381469727
0.0143432617
-0.0145263672
0.0840454102
0.0405273438
0.0379028320
-0.0266723633
-0.0825805664
