-0.0023193359
-0.0172729492
0.0442504883
-0.0234375000
0.0362548828
0.0180053711
-0.0184326172
-0.0125732422
-0.0155639648
-0.0286865234
0.0239868164
-0.0375976562
-0.0159301758
-0.0331420898
-0.0003051758
0.0288696289
-0.0045166016
0.0162353516
-0.0197753906
0.0080566406
0.0046386719
0.0043945312
-0.0033569336
0.0126342773
-0.0015869141
0.0003051758
0.0007324219
0.0116577148
0.0120849609
-0.0206298828
-0.0178222656
-0.0083618164
-0.1358032227
-0.1198120117
-0.0560913086
0.0078735352
-0.0969848633
-0.1769409180
0.0998535156
-0.0629882812
-0.1356201172
-0.1461791992
-0.0754394531
-0.0531616211
0.0269165039
-0.0549316406
0.0004882812
0.1229858398
-0.0132446289
0.0117797852
0.0105590820
-0.0158691406
0.0424194336
-0.0272827148
0.0138549805
0.0290527344
-0.0256347656
-0.0137329102
-0.0387573242
-0.0457763672
0.0634155273
0.0226440430
0.0026245117
0.0145263672
-0.0092163086
0.0418701172
-0.0158081055
-0.0621337891
0.0452880859
0.0172729492
0.0069580078
0.0342407227
0.0182495117
0.0182495117
0.0266723633
-0.0014038086
-0.0125122070
-0.0033569336
-0.0057983398
0.0035400391
-0.0899047852
-0.1875610352
0.0061035156
0.1813354492
-0.1217651367
0.1657104492
-0.0408325195
0.1745605469
0.1961059570
-0.0608520508
0.1686401367
-0.1530761719
0.1868286133
0.0635986328
0.1834716797
0.1788330078
0.0680541992
0.0213623047
0.0249633789
-0.0030517578
0.0083007812
-0.0215454102
0.0026855469
-0.0072631836
0.0637817383
-0.0252075195
0.0088500977
0.0470581055
0.0343627930
-0.0041503906
-0.0097045898
-0.0178833008
-0.3086547852
-0.3176269531
0.0781250000
-0.1520996094
-0.2763061523
0.2303466797
-0.2808227539
-0.2398071289
0.0751342773
0.2666625977
-0.1484375000
0.3242797852
0.1455688477
-0.3353881836
-0.2047119141
-0.2091674805
-0.0317382812
0.0278320312
0.0060424805
0.0429077148
-0.0189819336
0.0439453125
-0.0366821289
0.0366821289
-0.0291137695
0.0487670898
0.0372314453
0.0230102539
0.0491333008
-0.0051879883
0.0135498047
0.0650634766
0.0848388672
0.0520629883
-0.0650634766
0.1188354492
-0.0347900391
-0.1184692383
-0.0410766602
-0.1251831055
-0.0388183594
0.0660400391
0.0352783203
0.1085205078
0.0812377930
0.0996704102
-0.0554809570
-0.1280517578
