-0.0293579102
-0.0402832031
0.0104980469
-0.0305786133
-0.0062866211
-0.0195922852
-0.0083618164
-0.0012207031
-0.0183105469
-0.0481567383
0.0836181641
0.0418090820
0.0140380859
-0.0616455078
0.0351562500
0.0127563477
-0.3347167969
0.3074340820
0.1381835938
-0.3602905273
-0.0223999023
0.2759399414
-0.0411987305
0.3187255859
0.3516845703
0.0269165039
0.1466674805
0.0714721680
0.1672973633
-0.3397216797
-0.0657348633
-0.0653076172
-0.0369873047
-0.0410766602
-0.0305175781
0.0198974609
0.0318603516
-0.0725097656
0.0142211914
-0.0284423828
-0.0357666016
-0.0458984375
-0.0296020508
-0.0159301758
0.0393066406
-0.0002441406
-0.0100097656
0.0624389648
-0.0858764648
0.0940551758
0.1187133789
-0.0841064453
0.0618286133
-0.0804443359
-0.0755615234
0.0431518555
-0.0491943359
-0.0757446289
-0.0955810547
-0.0925292969
0.1311035156
0.0837402344
-0.0618896484
0.1036987305
-0.1251831055
-0.0076293945
-0.0895385742
0.0000000000
-0.0438842773
-0.0895996094
0.0741577148
0.0504150391
0.1038818359
-0.1179809570
0.0456542969
-0.0752563477
0.0471191406
0.1048583984
-0.0263671875
0.0228881836
-0.0421142578
-0.0231323242
0.0217895508
-0.0058593750
-0.0072631836
0.0428466797
-0.0316162109
0.0463867188
0.0415649414
0.0316772461
0.0112915039
-0.0313720703
0.0064697266
0.0093383789
0.0574951172
0.0421142578
0.0264282227
-0.0242309570
0.0261840820
-0.0184326172
0.0099487305
-0.0054321289
0.0183715820
0.0108642578
-0.0027465820
0.0243530273
0.0099487305
0.0259399414
-0.0145263672
-0.0078735352
0.0177001953
0.0407104492
-0.1860961914
-0.2204589844
0.0612792969
0.0314941406
-0.1761474609
0.2163085938
-0.1903686523
-0.1795654297
0.0664672852
0.1476440430
-0.1016235352
0.2001953125
0.0909423828
-0.1915283203
-0.0814208984
-0.1076049805
-0.0880737305
0.0526733398
0.0213623047
0.0216064453
-0.0751342773
0.0147094727
-0.0072021484
0.0791015625
-0.0927734375
0.0713500977
0.0977172852
0.1264648438
0.0647583008
-0.1052246094
0.0167236328
0.1138305664
-0.0325317383
-0.0313110352
-0.0238647461
0.0321655273
-0.0439453125
-0.0322875977
-0.0157470703
-0.0337524414
-0.0176391602
-0.0043334961
-0.0025634766
0.0349121094
-0.0026855469
-0.0183105469
-0.0153808594
-0.0621948242
