-0.0332641602
-0.0419311523
0.0554199219
0.0015869141
-0.0056152344
0.0129394531
-0.0410766602
0.0213623047
0.0303955078
-0.0620117188
0.0536499023
0.0227661133
0.0169067383
0.0093994141
-0.0040893555
0.0480346680
-0.2211914062
0.2212524414
0.1864624023
-0.2870483398
0.0610961914
0.2337646484
0.0011596680
0.2954101562
0.2747192383
0.0118408203
0.0338745117
0.1558227539
0.0656127930
-0.2934570312
0.0185546875
0.0065917969
-0.1618652344
-0.0274047852
-0.1201782227
0.0424194336
-0.0463256836
-0.1862182617
0.1338500977
-0.0716552734
-0.1542968750
-0.1631469727
-0.0029907227
-0.0305786133
0.1051025391
-0.1150512695
0.0057983398
0.1555175781
-0.2046508789
0.1970214844
0.2672729492
-0.2984619141
0.2584228516
-0.2119140625
-0.1953125000
0.1864624023
-0.2158203125
-0.2352905273
-0.2417602539
-0.2036743164
0.2478027344
0.2429809570
-0.2097778320
0.2466430664
-0.1450195312
-0.0184326172
-0.1630249023
0.0612182617
-0.0319824219
-0.1422119141
0.1464233398
0.0671997070
0.1533203125
-0.1782226562
-0.0142211914
-0.1550903320
-0.0129394531
0.0842285156
0.0181884766
0.0352172852
-0.0773925781
-0.1427612305
0.1006469727
0.0631713867
-0.0893554688
0.2200317383
-0.0870361328
0.1186523438
0.1907958984
-0.0444946289
0.1415405273
-0.1356811523
0.1532592773
0.0278320312
0.2234497070
0.2524414062
0.0032958984
-0.0075683594
0.0144653320
-0.0199584961
0.0092773438
0.0039672852
-0.0015258789
0.0253906250
-0.0068359375
-0.0012207031
0.0034790039
0.0453491211
0.0001831055
0.0030517578
-0.0127563477
0.0153808594
-0.0220336914
-0.0469970703
0.0027465820
0.0430297852
-0.0609130859
0.0815429688
-0.0735473633
-0.0387573242
-0.0284423828
0.0649414062
0.0282592773
0.0332641602
-0.0142211914
-0.0421142578
-0.0191040039
-0.0437011719
-0.0277709961
0.0008544922
-0.0161743164
-0.0029907227
-0.0156250000
-0.0086669922
-0.0098266602
0.0068969727
-0.0026245117
-0.0085449219
0.0054321289
0.0048217773
0.0157470703
0.0007934570
-0.0051269531
0.0008544922
-0.0157470703
0.0217895508
-0.0354003906
0.0355834961
-0.0137329102
-0.0158691406
-0.0144042969
-0.0582275391
-0.0115356445
0.0338134766
0.0410766602
0.0346679688
0.0158691406
-0.0110473633
-0.0162963867
-0.0176391602
