-0.0127563477
-0.0017089844
0.0441284180
0.0020751953
0.0108642578
-0.0028686523
-0.0253906250
-0.0046386719
0.0065917969
-0.0308227539
0.0242309570
0.0103759766
-0.0016479492
-0.0068359375
0.0142211914
-0.0004882812
0.0704345703
-0.0501098633
0.0465087891
0.0580444336
0.0693359375
-0.0415649414
-0.0398559570
-0.0556030273
-0.0716552734
-0.0345458984
0.0220947266
0.0557250977
-0.0827636719
0.0718383789
0.0376586914
-0.0388793945
-0.2659912109
-0.1179809570
-0.1970825195
0.0133056641
0.0018310547
-0.2615966797
0.2253417969
-0.0756835938
-0.2106323242
-0.2291870117
-0.1047973633
-0.1148681641
0.0646362305
-0.0997314453
0.0545043945
0.2634277344
-0.1791992188
0.1583251953
0.2296752930
-0.2526245117
0.2852172852
-0.1655883789
-0.2005615234
0.1516113281
-0.1096801758
-0.1865844727
-0.2158203125
-0.1793212891
0.1749267578
0.2062988281
-0.2117919922
0.2053222656
-0.0234375000
0.0201416016
0.0087890625
0.0156860352
-0.0102539062
0.0206298828
0.0012817383
0.0261230469
0.0114135742
-0.0099487305
0.0083618164
0.0019531250
0.0219116211
-0.0020751953
0.0204467773
0.0382080078
-0.1541137695
-0.2677612305
0.0272216797
0.2228393555
-0.1937255859
0.2870483398
-0.1929321289
0.2181396484
0.3163452148
-0.1935424805
0.2578735352
-0.1962890625
0.2956542969
0.2076416016
0.2565307617
0.3947143555
0.0227050781
0.0567626953
0.0462646484
0.0606079102
-0.0575561523
-0.0637207031
0.0186157227
0.0321655273
0.0059204102
-0.0067749023
0.0134277344
0.0405883789
0.0318603516
-0.0417480469
-0.0166015625
-0.0765380859
0.0103759766
-0.0725097656
0.0565185547
-0.0014648438
-0.0670166016
0.0521240234
-0.0897216797
-0.0706787109
0.0112915039
0.1119384766
0.0231323242
0.0764770508
-0.0046997070
-0.0897827148
-0.0581054688
-0.0115356445
0.0074462891
0.0195312500
-0.0039672852
0.0184326172
0.0184326172
0.0399169922
-0.0557861328
0.0187988281
-0.0185546875
0.0531616211
0.0197753906
0.0193481445
0.0599365234
-0.0581665039
0.0364990234
0.0258789062
0.1572875977
0.0354614258
-0.0980834961
0.1693725586
-0.0308837891
-0.0894165039
-0.0848999023
-0.1367187500
-0.1298217773
0.1563110352
-0.0567626953
0.1300048828
0.1143798828
0.0061035156
0.0053100586
-0.1224365234
