-0.0019683838
0.0016632080
-0.0164184570
-0.0272216797
0.0399017334
-0.0095062256
-0.0127410889
-0.0290222168
-0.0012207031
0.0026397705
0.0039672852
0.0056610107
0.0089569092
-0.0043182373
0.0110473633
-0.0093231201
-0.0130920410
0.0106201172
-0.0058746338
-0.0073242188
-0.0150451660
0.0004882812
-0.0055694580
0.0173034668
0.0012817383
0.0031890869
-0.0046081543
-0.0113220215
0.0061645508
-0.0010986328
0.0151824951
-0.0061492920
-0.0221557617
-0.0027313232
-0.0054168701
0.0084381104
0.0151519775
-0.0211486816
0.0203247070
-0.0168304443
-0.0088195801
-0.0009002686
-0.0106964111
-0.0172271729
0.0101928711
-0.0006866455
0.0005798340
0.0080108643
0.0016021729
-0.0022125244
0.0025787354
-0.0002441406
0.0092468262
-0.0113830566
-0.0031280518
0.0050354004
0.0027618408
-0.0019531250
-0.0116882324
0.0002899170
0.0040435791
-0.0052185059
-0.0023803711
0.0035247803
0.0030975342
0.0109710693
-0.0190277100
0.0213928223
-0.0073852539
-0.0017242432
0.0109558105
0.0020446777
-0.0014038086
0.0027008057
-0.0092468262
0.0119934082
0.0115814209
-0.0258636475
0.0015106201
-0.0120086670
-0.0008087158
-0.0085144043
0.0090332031
0.0077819824
0.0041046143
0.0066833496
-0.0131072998
-0.0079803467
-0.0058746338
-0.0014953613
0.0087280273
-0.0051879883
0.0002593994
0.0182189941
0.0053558350
0.0154113770
-0.0059509277
0.0130767822
-0.0149230957
0.0140533447
0.0076141357
-0.0321044922
0.0020751953
-0.0065002441
0.0024108887
0.0193939209
0.0102996826
-0.0072021484
0.0001373291
-0.0155944824
-0.0090637207
0.0004119873
0.0013122559
0.0101623535
0.0038299561
-0.0109710693
0.0034942627
0.0067749023
0.0112152100
-0.0004730225
-0.0027770996
-0.0076293945
-0.0006866455
0.0039062500
0.0011291504
-0.0079803467
0.0042877197
-0.0055999756
-0.0023193359
0.0021057129
0.0121307373
-0.0080566406
0.0023498535
-0.0059356689
0.0119171143
0.0065917969
-0.0075683594
-0.0049133301
-0.0146026611
0.0027313232
-0.0023651123
-0.0053863525
0.0115051270
0.0008392334
0.0999145508
0.0897979736
-0.2273406982
0.2932128906
-0.1018218994
-0.3184356689
-0.2681732178
-0.2510375977
-0.2897186279
0.3074951172
-0.0673980713
0.3096008301
0.3294067383
-0.0472717285
0.0328674316
-0.3216552734
