-0.0327758789
-0.0214843750
0.0111083984
-0.0297241211
-0.0010375977
0.0037841797
-0.0239257812
0.0247802734
-0.0059204102
-0.0192260742
0.0418701172
0.0365600586
0.0222778320
-0.0226440430
0.0156250000
0.0029907227
-0.3067626953
0.3160400391
0.1325073242
-0.3443603516
-0.0815429688
0.2634887695
-0.1067504883
0.3282470703
0.3657836914
0.0358886719
0.0671386719
0.1243286133
0.2254028320
-0.3650512695
-0.0838012695
-0.0216064453
-0.0373535156
-0.0262451172
-0.0322875977
0.0510253906
0.0682983398
-0.0509033203
0.0117797852
-0.1011352539
-0.0423583984
-0.0633544922
-0.0166625977
-0.0425415039
0.0489501953
-0.0006713867
0.0070190430
0.0568237305
-0.1210327148
0.1400756836
0.1989135742
-0.2294311523
0.1033325195
-0.1477661133
-0.1235351562
0.1385498047
-0.1419067383
-0.1530761719
-0.1780395508
-0.1693115234
0.1192626953
0.1633911133
-0.2158813477
0.1779785156
-0.1151123047
-0.0122680664
-0.0989990234
-0.0401000977
-0.0322875977
-0.1111450195
0.1284790039
0.0584106445
0.1480102539
-0.1327514648
0.0216674805
-0.0763549805
0.0152587891
0.0727539062
0.0207519531
0.0054321289
-0.0447998047
-0.0654907227
0.0526733398
0.0025634766
-0.0263061523
0.0781250000
-0.0491333008
0.0761718750
0.0869750977
-0.0480346680
0.0634155273
-0.0773315430
0.0548095703
0.0308837891
0.0529785156
0.0327148438
0.0549316406
0.0313720703
0.0341796875
0.0269775391
-0.0249633789
-0.0385742188
0.0503540039
0.0187988281
0.0000000000
0.0468139648
-0.0374145508
0.0178833008
0.0024414062
-0.0588378906
-0.0095825195
-0.0148315430
-0.0344238281
-0.1063842773
0.0593872070
0.0784912109
-0.0645751953
0.0656738281
-0.0970458984
-0.0568237305
0.0019531250
0.0601196289
-0.0225830078
0.0845336914
0.0244750977
-0.0755004883
-0.0700073242
-0.0103759766
-0.0092773438
0.0095825195
-0.0377807617
0.0812988281
0.0296630859
0.0222778320
-0.0690307617
0.0401000977
-0.0146484375
0.1085815430
0.0977172852
0.0454711914
0.0697021484
-0.0695800781
0.0314331055
0.0244750977
0.0147705078
-0.0150756836
-0.0510864258
0.0325317383
-0.0601196289
-0.0301513672
-0.0315551758
-0.0496215820
-0.0264892578
0.0233154297
-0.0462646484
0.0522460938
0.0512695312
0.0105590820
0.0125732422
-0.0599365234
