-0.0026855469
-0.0753784180
0.0513305664
-0.0489501953
0.0255737305
0.0048828125
-0.0288085938
-0.0239257812
-0.0154418945
-0.0850830078
0.0705566406
0.0102539062
-0.0163574219
-0.0730590820
-0.0234985352
0.0664672852
-0.0498657227
0.0886840820
-0.0430908203
-0.0532226562
0.0311889648
0.0477294922
0.0211791992
0.0698242188
0.0715942383
0.0496826172
0.0025024414
-0.0059814453
0.0504150391
-0.0546875000
-0.0228271484
-0.0328369141
-0.1671752930
-0.0030517578
-0.0645751953
0.0170898438
-0.0219116211
-0.0972900391
0.1386108398
-0.0325317383
-0.1088867188
-0.1349487305
-0.0836181641
-0.0227661133
0.0194702148
-0.0883789062
-0.0095214844
0.1773681641
-0.0300903320
0.0192260742
0.0565185547
-0.0066528320
0.0634155273
-0.0860595703
-0.0022583008
0.0230712891
-0.0556030273
-0.0220336914
-0.0353393555
-0.0452880859
0.0627441406
0.0524902344
-0.0231323242
0.0294799805
-0.0737915039
-0.0001220703
-0.0697631836
-0.0063476562
0.0117797852
-0.0585327148
0.0751342773
0.0798339844
0.0901489258
-0.1228637695
0.0072021484
-0.0769653320
0.0018920898
0.0335693359
0.0557861328
-0.0150756836
-0.0147094727
-0.1310424805
0.0137329102
0.0823974609
-0.0464477539
0.0760498047
-0.0770263672
0.0720825195
0.0835571289
-0.0933227539
0.1163330078
-0.0649414062
0.0816650391
0.0750732422
0.0989379883
0.1231689453
0.0050048828
0.0137939453
0.0101928711
-0.0003051758
-0.0034790039
-0.0036621094
-0.0090942383
0.0108032227
-0.0034790039
0.0137939453
0.0177612305
0.0076293945
-0.0006713867
-0.0107421875
-0.0148925781
0.0152587891
-0.2736206055
-0.2742309570
0.1735229492
-0.1787719727
-0.2997436523
0.2784423828
-0.2744750977
-0.2748413086
-0.0234985352
0.2739868164
-0.1110839844
0.2620239258
0.2055664062
-0.2979125977
-0.1819458008
-0.2515258789
-0.0025634766
0.0061035156
0.0083618164
0.0032348633
-0.0029907227
0.0071411133
0.0022583008
0.0088500977
0.0025024414
-0.0080566406
0.0152587891
0.0124511719
0.0046386719
-0.0089111328
-0.0103759766
0.0190429688
0.0237426758
0.0252075195
-0.0510253906
0.1000366211
0.0126953125
-0.0643310547
-0.0726318359
-0.0789184570
-0.0316162109
0.0379638672
-0.0429077148
0.0622558594
0.0691528320
0.0525512695
-0.0349121094
-0.0765991211
