-0.223724365
-0.291778564
0.159164429
-0.261505127
0.276473999
-0.275039673
-0.170654297
0.121963501
0.180328369
-0.148956299
0.283126831
0.289413452
-0.222564697
-0.188186646
0.018661499
0.35899353
0.0222320557
-0.0208435059
-0.014175415
0.0321350098
-6.10351562e-05
-0.018661499
0.00610351562
-0.0302124023
-0.0304870605
0.00543212891
0.00262451172
-0.00494384766
-0.00468444824
0.0337524414
0.00355529785
-0.00486755371
0.000564575195
-0.00444030762
-0.00764465332
1.52587891e-05
-0.00570678711
1.52587891e-05
-0.00112915039
0.0127105713
0.00318908691
0.00498962402
0.00750732422
0.000366210938
-0.00518798828
-0.00381469727
0.0078125
-0.00065612793
0.00776672363
-0.0127105713
-0.0214080811
-0.0178070068
0.0057220459
0.00869750977
0.0239868164
-0.00453186035
-0.00326538086
-0.00720214844
0.00132751465
-0.000534057617
-0.000701904297
-0.00549316406
0.00704956055
0.000579833984
0.00175476074
0.00331115723
0.00436401367
-0.00881958008
0.00688171387
0.00187683105
-0.00186157227
0.00273132324
0.00122070312
-0.0012512207
0.00602722168
0.00640869141
-0.000289916992
-0.00323486328
0.00415039062
0.00575256348
-0.000564575195
0.00874328613
-0.000747680664
-0.00625610352
0.00256347656
0.00448608398
0.00434875488
-0.000518798828
0.00668334961
-0.0013885498
-0.00390625
-0.00325012207
-0.00352478027
0.00538635254
0.00645446777
0.000579833984
-0.00433349609
0.00198364258
0.0139465332
-0.000549316406
-0.00785827637
-0.00433349609
0.00411987305
0.00733947754
0.00103759766
0.0103912354
0.00219726562
-0.000701904297
0.00308227539
-0.00738525391
-0.00700378418
0.00135803223
0.0012512207
0.000762939453
-0.0117645264
-0.00340270996
-0.0096282959
0.00482177734
0.00238037109
-0.0125732422
-0.016494751
0.0134277344
-0.00570678711
-0.0121612549
-0.0046081543
0.0115966797
-0.00372314453
-0.00646972656
0.00321960449
-0.00254821777
0.00143432617
0.00193786621
-0.00141906738
0.00617980957
-0.000350952148
-0.00675964355
-0.00346374512
0.00274658203
-0.00628662109
-0.00500488281
-0.00346374512
-0.00459289551
-0.00546264648
0.00207519531
0.0125427246
-0.0029296875
0.00405883789
0.00277709961
0.00120544434
0.00637817383
-0.00694274902
0.00250244141
-0.00421142578
0.00947570801
-0.0142822266
-0.00708007812
0.00424194336
-0.00570678711
0.00286865234
0.0127410889
