0.0034942627
-0.00305175781
-0.00537109375
-0.00294494629
-0.0050201416
-0.00204467773
-0.0020904541
-0.0090637207
-0.00459289551
-0.00433349609
0.0065612793
0.00282287598
0.00457763672
0.00373840332
0.000823974609
0.00283813477
-0.0015411377
0.00428771973
-0.000991821289
-0.000701904297
-0.000793457031
0.00184631348
-0.00065612793
0.00105285645
0.000579833984
-0.00192260742
-0.00205993652
-0.000457763672
0.00344848633
-0.000900268555
-0.0013885498
-0.0043182373
0.00303649902
-0.00628662109
0.00611877441
0.0020904541
-0.00378417969
0.00102233887
0.00379943848
0.00451660156
-0.00048828125
0.00413513184
-0.00793457031
-0.000946044922
-0.0037689209
-0.00193786621
-0.00491333008
-0.00559997559
-0.00358581543
-0.00999450684
-0.014175415
0.016418457
-0.011505127
0.0154571533
-0.00268554688
-0.00303649902
0.00166320801
0.0156402588
0.00807189941
0.0110778809
-0.0013885498
-0.00706481934
0.00778198242
-0.00468444824
-0.000701904297
-0.0015411377
-0.000305175781
0.00253295898
0.00202941895
-0.00135803223
-0.00140380859
-0.00178527832
0.000778198242
-0.00210571289
0.000335693359
-0.000289916992
-0.00546264648
0.00390625
0.00386047363
0.0052947998
-0.00115966797
0.0079498291
0.0071105957
-0.00637817383
-0.000366210938
-3.05175781e-05
0.00187683105
-0.00131225586
0.00225830078
0.00242614746
-0.0111236572
0.0134429932
-0.00779724121
-0.00148010254
-0.000686645508
-0.00955200195
-0.00918579102
-0.00735473633
0.00184631348
-0.0085144043
0.00170898438
0.00939941406
-0.00143432617
-0.00128173828
0.00245666504
-0.000793457031
-0.00355529785
0.0166931152
-0.0083770752
-0.00157165527
0.0009765625
0.00521850586
-0.278259277
-0.241821289
0.197906494
-0.143966675
-0.29208374
0.320587158
-0.265090942
-0.27015686
0.0451202393
0.215270996
-0.126754761
0.27432251
0.248794556
-0.302124023
-0.187850952
-0.194259644
-0.000946044922
-0.00189208984
0.00260925293
-0.00395202637
-0.00141906738
0.0018157959
-0.000717163086
0.00311279297
-0.00259399414
0.0020904541
0.00192260742
0.00517272949
0.00103759766
-0.000244140625
-0.000534057617
0.00225830078
-0.00567626953
-0.00332641602
-0.00117492676
-0.00112915039
-0.00233459473
-0.000701904297
-0.00126647949
0.00396728516
0.000579833984
0.00199890137
0.00228881836
-0.00016784668
0.000381469727
0.00169372559
0.00173950195
-0.00109863281
