0
0
0
0
0
0
0
0
0
0
0
0
0
0
0
0
-0.477935791
0.458053589
0.264404297
-0.510025024
0.0445709229
0.414840698
-0.233108521
0.491119385
0.500396729
0.0231170654
0.151275635
0.233520508
0.200866699
-0.5103302
-0.0180664062
0.088684082
0
0
0
0
0
0
0
0
0
0
0
0
0
0
0
0
-0.00175476074
0.00177001953
0.00987243652
0.00108337402
-0.000534057617
-0.00106811523
0.00575256348
0.0239257812
-0.00689697266
-0.00926208496
-0.00691223145
-0.000640869141
0.0011138916
-0.00296020508
0.00819396973
-0.00288391113
0
0
0
0
0
0
0
0
0
0
0
0
0
0
0
0
0
0
0
0
0
0
0
0
0
0
0
0
0
0
0
0
-0.239120483
-0.165313721
-0.104507446
-0.106414795
0.113250732
0.0483398438
-0.0535736084
-0.0993652344
-0.177429199
-0.0617828369
0.072265625
0.0353851318
-0.074432373
0.0982055664
0.250823975
0.154693604
0
0
0
0
0
0
0
0
0
0
0
0
0
0
0
0
0
0
0
0
0
0
0
0
0
0
0
0
0
0
0
0
0
0
0
0
0
0
0
0
0
0
0
0
0
0
0
0
