0.0130462646
0.0187683105
-0.0193634033
-0.00219726562
-0.0185852051
0.0141448975
0.00140380859
0.0164794922
-0.00318908691
0.00527954102
-0.0148162842
0.031036377
0.0112304688
0.0083770752
0.00262451172
-0.0177764893
-0.214553833
0.175216675
0.200317383
-0.271820068
-0.00820922852
0.184631348
-0.0865478516
0.30166626
0.288497925
0.019744873
0.156311035
0.114639282
0.0139160156
-0.305252075
0.0211639404
0.111221313
-1.7217865
-0.619674683
-1.15945435
-0.0650482178
0.0831604004
-1.49301147
1.52072144
-0.437973022
-1.46086121
-1.61839294
-0.782318115
-0.810256958
0.234054565
-0.548370361
0.798522949
1.76075745
-0.145431519
0.061630249
0.219772339
-0.0917816162
0.0820617676
-0.063369751
-0.127593994
0.199569702
-0.121429443
-0.141464233
-0.206100464
-0.0198516846
0.157424927
0.0822601318
-0.109680176
0.0824127197
0
0
0
0
0
0
0
0
0
0
0
0
0
0
0
0
0
0
0
0
0
0
0
0
0
0
0
0
0
0
0
0
-0.0479431152
0.00665283203
0.0223388672
0.012588501
-0.00282287598
0.00926208496
-0.0192260742
-0.0066986084
-0.00654602051
0.0331420898
-0.00621032715
0.0250549316
0.0105133057
0.0135345459
-0.000701904297
0.0185852051
0.00680541992
0.0188140869
-0.00402832031
-0.00372314453
0.0211029053
-0.00996398926
0.0269317627
-0.00828552246
-0.00749206543
-0.00332641602
0.00384521484
-0.00543212891
0.00984191895
0.0178375244
0.00192260742
0.017288208
-0.0206756592
0.0627746582
0.0200805664
0.0198822021
-0.0547790527
0.0186767578
-0.0955505371
0.043838501
-0.0603027344
0.0877532959
0.131286621
0.0200042725
0.142578125
-0.105651855
0.0232086182
0.0924987793
0
0
0
0
0
0
0
0
0
0
0
0
0
0
0
0
