0.155044556
0.180282593
-0.236236572
0.0674591064
-0.077835083
0.0970306396
0.149536133
-0.28012085
-0.196243286
0.229293823
-0.202926636
-0.179672241
0.118057251
0.147262573
-0.118545532
-0.107849121
0
0
0
0
0
0
0
0
0
0
0
0
0
0
0
0
-0.00602722168
-0.000671386719
-0.000961303711
-0.00180053711
0.00860595703
-0.00234985352
0.00630187988
0.00131225586
-0.00199890137
0.000701904297
-0.0080871582
-0.00141906738
0.00640869141
-0.0101623535
0.00115966797
0.00294494629
-0.0776062012
-0.0155487061
0.00665283203
0.0253601074
0.00526428223
-0.00215148926
0.00933837891
0.0348052979
-0.0142669678
0.028717041
-0.0153503418
-0.0193023682
0.0618591309
0.0149078369
0.0169525146
-0.0182800293
0
0
0
0
0
0
0
0
0
0
0
0
0
0
0
0
0
0
0
0
0
0
0
0
0
0
0
0
0
0
0
0
-0.00256347656
0.0589447021
0.109680176
0.0127716064
-0.0158233643
-0.0439147949
-0.0107727051
-0.0131225586
0.0299835205
0.0513305664
0.0594482422
0.0186462402
0.106536865
-0.00177001953
-0.114486694
-0.0129241943
0
0
0
0
0
0
0
0
0
0
0
0
0
0
0
0
0.0152130127
-0.0560302734
0.0033416748
-0.0162811279
0.0702209473
0.0132598877
-0.0239257812
-0.0198974609
0.0451507568
0.0122070312
0.0264892578
0.00718688965
0.0209960938
0.0195922852
0.0131378174
-0.0542602539
0
0
0
0
0
0
0
0
0
0
0
0
0
0
0
0
