-0.0018157959
-0.00764465332
0.000595092773
-0.024597168
0.0198822021
-0.000152587891
-0.0139160156
-0.0194549561
0.0108642578
-0.00654602051
0.0355529785
0.0116424561
-0.0154876709
-0.00653076172
0.0199127197
0.00534057617
-0.0499267578
0.0744781494
-0.0385437012
-0.0526275635
-0.0488433838
0.0349731445
0.111282349
0.0279388428
0.0435028076
0.0654754639
0.00741577148
0.0157775879
0.0926513672
-0.0388946533
0.00300598145
-0.0104675293
0.0701751709
0.0711364746
0.0700683594
0.0132141113
0.0297851562
0.0988922119
-0.0820159912
-0.0777740479
0.156661987
0.0592498779
0.130950928
0.0164489746
0.0773162842
0.0132446289
0.00259399414
-0.067199707
0
0
0
0
0
0
0
0
0
0
0
0
0
0
0
0
0
0
0
0
0
0
0
0
0
0
0
0
0
0
0
0
0
0
0
0
0
0
0
0
0
0
0
0
0
0
0
0
-0.0197143555
0.00207519531
0.0190734863
-0.00221252441
0.00852966309
-0.00714111328
-0.00160217285
-0.00384521484
-0.00328063965
-0.00204467773
0.00454711914
-0.00242614746
0.00274658203
-0.00146484375
-0.0033416748
-0.00141906738
0
0
0
0
0
0
0
0
0
0
0
0
0
0
0
0
0
0
0
0
0
0
0
0
0
0
0
0
0
0
0
0
1.04426575
0.659576416
-2.33612061
2.2578125
-1.02789307
-2.77250671
-2.23455811
-2.53666687
-2.67893982
2.61619568
-0.275131226
2.74711609
2.54429626
-0.161529541
0.0111236572
-2.62652588
