-0.203460693
-0.15864563
0.0710144043
-0.199417114
0.217514038
-0.121398926
-0.109741211
-0.0701141357
-0.028427124
-0.0513763428
0.0935058594
0.0961608887
-0.0555267334
-0.163970947
0.280975342
0.234725952
-0.271026611
0.255874634
0.156600952
-0.35256958
-0.107772827
0.250930786
-0.0551300049
0.338134766
0.324569702
0.0331573486
0.0181121826
0.0910491943
0.105102539
-0.347518921
0.0216217041
0.0993652344
0.0649414062
0.0512695312
0.0645446777
0.0788726807
0.110183716
0.0605316162
-0.148040771
-0.121124268
0.0841064453
0.00636291504
0.0059967041
-0.103225708
0.104049683
0.126312256
0.0519256592
-0.0124664307
-0.107559204
0.0493927002
0.0136260986
0.0018157959
0.0832824707
0.0338897705
-0.0144500732
0.000381469727
0.0788116455
0.0361633301
0.0643768311
-0.0126190186
0.0609893799
0.0673828125
-0.0590057373
-0.0507202148
-0.123397827
0.0300292969
-0.0839538574
-0.0269470215
-0.113754272
-0.102752686
0.0900726318
0.0902252197
0.0992431641
-0.117370605
0.129302979
-0.128158569
0.0493164062
0.120635986
0.0290374756
0.0441894531
0
0
0
0
0
0
0
0
0
0
0
0
0
0
0
0
0
0
0
0
0
0
0
0
0
0
0
0
0
0
0
0
0.00595092773
0.00576782227
0.0124816895
0.00927734375
0.0128479004
-0.0120391846
0.00573730469
0.0139312744
-0.014465332
-0.00730895996
-0.00437927246
-0.0200195312
0.00189208984
0.0119934082
-0.0130767822
0.00260925293
0
0
0
0
0
0
0
0
0
0
0
0
0
0
0
0
1.52587891e-05
-0.000122070312
-0.0120239258
-0.00810241699
0.00112915039
-0.0108337402
0.0121765137
-0.0205535889
-0.0132751465
-0.00250244141
0.0176696777
0.0133209229
-0.00413513184
0.00654602051
-0.0157470703
-0.00975036621
