0
0
0
0
0
0
0
0
0
0
0
0
0
0
0
0
0.0331573486
-0.0801849365
-0.00953674316
-0.00500488281
0.0941467285
-0.0434570312
-0.0553436279
-0.00749206543
-0.0276031494
0.0135345459
0.144668579
-0.0455627441
-0.204467773
0.0372619629
0.071105957
0.146209717
0
0
0
0
0
0
0
0
0
0
0
0
0
0
0
0
0
0
0
0
0
0
0
0
0
0
0
0
0
0
0
0
0
0
0
0
0
0
0
0
0
0
0
0
0
0
0
0
0
0
0
0
0
0
0
0
0
0
0
0
0
0
0
0
-0.00526428223
0.189743042
0.202896118
0.132003784
-0.311965942
-0.108505249
0.328994751
0.263061523
-0.0831604004
0.281341553
-0.258331299
0.192474365
0.0672454834
-0.310836792
-0.0780639648
-0.262481689
-0.0601806641
-0.00891113281
-0.0656890869
0.044052124
0.0670623779
0.0221405029
0.048538208
0.103927612
0.0597381592
-0.0592956543
-0.150482178
-0.0228881836
-0.0982971191
0.0122528076
0.0586242676
-0.0493621826
0
0
0
0
0
0
0
0
0
0
0
0
0
0
0
0
0.0196075439
-0.00230407715
0.00297546387
0.010635376
0.0134277344
0.00639343262
-0.0137481689
0.00289916992
0.000579833984
0.00770568848
-0.0221862793
-0.00344848633
0.00924682617
0.00578308105
0.00500488281
0.00317382812
