-0.102752686
0.0687103271
-0.171035767
-0.234176636
0.0751495361
-0.0808258057
-0.10609436
-0.0320739746
0.0189208984
-0.0749816895
-0.0269165039
0.265457153
-0.0798492432
-0.169067383
-0.0112304688
0.0415496826
-0.224761963
0.26184082
0.0447235107
-0.230789185
-0.173202515
0.183685303
0.0955505371
0.232727051
0.235839844
0.0584716797
-0.0251922607
-0.00552368164
0.241500854
-0.247543335
-0.08543396
-0.0779266357
-0.113021851
-0.132873535
-0.118438721
0.0853729248
-0.00413513184
-0.168533325
0.175079346
0.100952148
-0.18572998
-0.0649414062
-0.0430603027
-0.00732421875
-0.119171143
-0.00483703613
-0.0294494629
0.0707092285
0
0
0
0
0
0
0
0
0
0
0
0
0
0
0
0
-0.195175171
-0.143920898
-0.163070679
-0.0486450195
-0.124984741
-0.210098267
0.137756348
0.1197052
0.201873779
-0.245544434
0.00378417969
-0.223983765
0.0193328857
0.195510864
0.0255889893
-0.0568084717
-0.000564575195
-0.0111999512
-0.14352417
0.0391235352
0.0756378174
-0.0165557861
0.0431365967
0.0866088867
-0.0117340088
0.0351867676
0.0594940186
-0.0057220459
0.0542907715
-0.109558105
0.038772583
0.0104522705
0
0
0
0
0
0
0
0
0
0
0
0
0
0
0
0
0
0
0
0
0
0
0
0
0
0
0
0
0
0
0
0
0
0
0
0
0
0
0
0
0
0
0
0
0
0
0
0
-0.0172576904
-0.00361633301
0.0110626221
0.0071105957
-0.00584411621
-0.00476074219
-0.00498962402
0.00793457031
-0.00340270996
0.00526428223
-0.00521850586
-0.00257873535
0.0101928711
-0.014251709
0.0160980225
0.00131225586
