0
0
0
0
0
0
0
0
0
0
0
0
0
0
0
0
-0.00131225586
-0.000900268555
0.00119018555
-0.000823974609
-0.00250244141
0.000732421875
0.00286865234
0.000137329102
-0.000228881836
0.00508117676
0.000152587891
0.00183105469
-0.00228881836
0.000198364258
0.00743103027
-0.000198364258
0
0
0
0
0
0
0
0
0
0
0
0
0
0
0
0
0
0
0
0
0
0
0
0
0
0
0
0
0
0
0
0
-0.178344727
-0.265869141
-0.180999756
0.027633667
-0.0686645508
-0.190368652
0.179275513
0.171707153
0.2159729
-0.23576355
-0.260665894
-0.230712891
0.0930786133
0.161727905
0.00968933105
-0.0880432129
0
0
0
0
0
0
0
0
0
0
0
0
0
0
0
0
0
0
0
0
0
0
0
0
0
0
0
0
0
0
0
0
0.000839233398
-0.00331115723
-0.00183105469
0.00839233398
0.00201416016
-0.00456237793
0.000259399414
0.00227355957
-3.05175781e-05
-0.00016784668
-0.00294494629
0.00479125977
-0.00184631348
-0.00344848633
0.00440979004
-0.00270080566
0
0
0
0
0
0
0
0
0
0
0
0
0
0
0
0
-0.153945923
-0.0327148438
-0.0160369873
-0.0137176514
0.0103607178
-0.0995178223
0.00450134277
-0.0211029053
-0.0609436035
0.0237426758
0.100631714
0.0355224609
0.020401001
0.0563964844
-0.0603485107
-0.0387878418
