0
0
0
0
0
0
0
0
0
0
0
0
0
0
0
0
0.000427246094
0.00617980957
-0.0124969482
0.0105133057
0.00578308105
-0.00161743164
0.00512695312
-0.00915527344
-0.0105895996
0.0193023682
-0.000640869141
0.000396728516
0.00675964355
0.0114135742
0.00375366211
0.00454711914
-0.0156402588
-0.00811767578
-0.0107727051
0.00541687012
-0.0180358887
-0.0166625977
0.0269012451
0.00814819336
-0.0135040283
-0.00798034668
-0.0164337158
-0.00923156738
-0.00645446777
-0.0247955322
-0.000381469727
0.0207977295
-0.0256500244
0.0235443115
0.0251922607
0.0116271973
0.031539917
-0.0430908203
-0.00416564941
0.022277832
-0.03565979
-0.0160827637
-0.0449981689
-0.0108947754
0.0511474609
0.0178375244
-0.0129394531
0.0198059082
0
0
0
0
0
0
0
0
0
0
0
0
0
0
0
0
0
0
0
0
0
0
0
0
0
0
0
0
0
0
0
0
0.00253295898
-0.00238037109
-0.0115356445
-0.0048828125
0.0121917725
-0.00785827637
-0.00247192383
-0.00523376465
-0.0079498291
-0.00497436523
0.000564575195
0.0206298828
-0.00358581543
0.000335693359
-0.00439453125
0.00296020508
-0.0952758789
-0.0902404785
0.0964813232
-0.172546387
-0.241973877
0.168624878
-0.0950775146
-0.212356567
-0.212936401
0.15574646
-0.0394592285
0.000610351562
0.217727661
-0.0492095947
-0.0990905762
-0.119400024
-0.0400085449
0.0190124512
-0.0957794189
-0.109313965
-0.0347595215
-0.141921997
0.0752868652
0.0367584229
-0.0205383301
-0.0772705078
-0.0837097168
0.0335845947
-0.0486755371
0.0245513916
-0.030670166
0.00901794434
-0.00016784668
-0.00512695312
-0.00199890137
0.00146484375
0.00192260742
-0.00331115723
-0.00659179688
0.00228881836
-0.00262451172
0.00698852539
-0.000595092773
0.0037689209
0.00523376465
0.000778198242
0.0009765625
-0.00419616699
