-0.112442017
-0.0597991943
-0.0419464111
-0.0178375244
0.0236816406
-0.0341339111
0.0127105713
0.126815796
0.107315063
0.0607910156
-0.000411987305
-0.020324707
0.0702972412
-0.016784668
-0.158187866
0.0400848389
-0.00531005859
0.00561523438
0.0046081543
-0.00816345215
0.0396270752
0.0169830322
-0.0199584961
0.0259857178
0.00537109375
0.00494384766
-0.0426483154
0.0243682861
0.00776672363
-0.0149841309
0.0330200195
-0.0265960693
-0.833251953
-0.218002319
-1.02313232
-0.467681885
-0.10333252
-0.66104126
0.872970581
-0.516113281
-0.45980835
-0.790084839
-0.135910034
-0.974639893
0.0139312744
-0.0712585449
1.24624634
0.990829468
0.0253753662
-0.058807373
-0.0423431396
0.0210266113
-0.0585021973
0.0490112305
0.041229248
-0.075012207
0.0513458252
-0.0297851562
-0.0408935547
0.116989136
-0.0179748535
-0.0622406006
0.104782104
-0.0734558105
-0.00527954102
0.0245056152
-0.0131835938
-0.00476074219
0.0523681641
-0.0163269043
-0.0068359375
0.0240478516
0.00923156738
-0.0220336914
0.107376099
0.0347747803
-0.0284118652
-0.00382995605
-0.000732421875
0.0281829834
-0.0891265869
-0.165435791
-0.00465393066
0.15713501
-0.069732666
0.121429443
-0.0640258789
0.152389526
0.130706787
-0.094619751
0.169815063
-0.101852417
0.134017944
0.0736541748
0.139419556
0.127502441
0
0
0
0
0
0
0
0
0
0
0
0
0
0
0
0
0
0
0
0
0
0
0
0
0
0
0
0
0
0
0
0
-0.00172424316
-0.0034942627
0.00709533691
-0.0266876221
-0.00978088379
-0.00749206543
0.0258789062
0.0120239258
-0.0145721436
0.00202941895
-0.00520324707
0.0146636963
-0.0111846924
-0.00653076172
-0.00308227539
0.0107727051
0
0
0
0
0
0
0
0
0
0
0
0
0
0
0
0
