-0.0009765625
0.00608825684
-0.0099029541
-0.00628662109
-0.0158843994
0.00537109375
-0.00332641602
-0.00782775879
-0.0104827881
-0.0163269043
-0.0032043457
0.0142822266
-0.00378417969
-0.0163726807
-0.00238037109
-0.00248718262
-0.32081604
0.339248657
0.100982666
-0.338302612
0.0239105225
0.270050049
-0.00909423828
0.336196899
0.35005188
0.169815063
-0.0337219238
0.0713653564
0.246170044
-0.352462769
-0.00509643555
0.0323486328
-0.000198364258
-0.000885009766
0.00114440918
0.00146484375
0.00210571289
0.000366210938
0.00158691406
7.62939453e-05
-0.0009765625
0.000747680664
0.000534057617
-0.00131225586
-0.0009765625
0.00148010254
0.000732421875
-0.000823974609
0.0190582275
-0.00231933594
0.00469970703
-0.00575256348
0.0151824951
-0.000625610352
-0.00672912598
0.0117340088
-0.0064239502
-0.00108337402
0.00549316406
0.0323028564
0.0087890625
-0.00749206543
-0.0126342773
-0.00659179688
0.00836181641
-0.0114593506
0.00465393066
-0.00296020508
0.000213623047
0.0176696777
-0.00605773926
-0.0145111084
-0.0210266113
0.0163116455
0.00328063965
-0.00590515137
0.00973510742
-0.0101318359
0.013885498
0.0194396973
0.00788879395
0.00218200684
0.00289916992
-0.00263977051
0.00610351562
-0.00952148438
0.00592041016
-0.00276184082
-0.000961303711
0.00263977051
-0.00511169434
0.00213623047
-0.0123138428
-0.00180053711
-0.000122070312
-0.0251617432
-0.00103759766
-0.00280761719
0.00442504883
-0.0009765625
-0.00218200684
0.0047454834
-0.00123596191
-0.000640869141
0.00318908691
-0.00686645508
0.00534057617
-0.00399780273
0.0064239502
0.00207519531
-0.00889587402
-0.000381469727
-0.00100708008
0.00238037109
-0.00437927246
0.00526428223
-0.00869750977
0.00323486328
0.000137329102
-0.00132751465
-0.0135650635
-0.000289916992
-0.00256347656
-0.00689697266
0.00152587891
0.00131225586
0.0096282959
-0.0111694336
-0.00483703613
-0.00244140625
0.0215148926
-0.0126647949
-6.10351562e-05
0.0101013184
0.0131530762
0.000961303711
0.00312805176
-0.0129547119
-0.00444030762
-0.00340270996
-0.0199432373
-0.00788879395
0.0206604004
-0.00582885742
-0.00680541992
-0.00299072266
0
9.15527344e-05
-0.00814819336
0.0020904541
-0.000549316406
0.000259399414
0.00329589844
-0.00180053711
-0.00184631348
-0.000885009766
-0.000289916992
-0.0144042969
0.00312805176
0.00123596191
