-0.870040894
-0.605102539
0.609008789
-0.484024048
0.791000366
-0.0886688232
-0.727920532
-0.281402588
0.187194824
-0.940948486
0.324371338
0.0380401611
-0.381973267
-0.547180176
0.0451202393
0.391372681
-0.29699707
0.31980896
0.136474609
-0.298416138
-0.173904419
0.25617981
-0.00367736816
0.27986145
0.314590454
0.0113067627
0.0535430908
0.104248047
0.222549438
-0.318450928
-0.139831543
0.0386810303
-0.00477600098
-0.00714111328
0.00444030762
0.00247192383
0.00445556641
0.000381469727
0.00462341309
-0.00790405273
0.00663757324
0.0027923584
-0.00325012207
-0.0117950439
-0.000259399414
0.00430297852
0.00421142578
-0.000198364258
-0.14855957
0.042098999
0.0701293945
-0.0218658447
0.0387573242
0.0544891357
-0.0399169922
0.00668334961
0.0350341797
-0.0129547119
-0.0137329102
-0.0478515625
0.0979309082
0.06690979
-0.0106506348
0.0711669922
-0.123931885
0.00761413574
-0.116851807
-0.000350952148
-0.198959351
-0.0876312256
0.130355835
0.0651397705
0.112228394
-0.067489624
-0.058013916
-0.174850464
0.1118927
0.0709686279
-0.065826416
0.0766448975
0
0
0
0
0
0
0
0
0
0
0
0
0
0
0
0
-0.0586547852
-0.0957641602
-0.107772827
-0.0652008057
0.0285186768
0.0148162842
-0.0101165771
0.0117034912
-0.0546722412
-0.12852478
0.0266418457
0.0452575684
0.0575256348
0.046295166
0.136932373
-0.00910949707
0
0
0
0
0
0
0
0
0
0
0
0
0
0
0
0
-0.00706481934
-0.0030670166
-0.0113983154
-0.00736999512
-0.0152587891
0.00321960449
-0.000228881836
0.0126800537
-0.0301055908
-0.00914001465
-0.0144042969
0.0215911865
-0.000732421875
-0.0444488525
0.0093536377
0.0219421387
-0.101760864
0.112930298
0.0251159668
-0.0429077148
0.017868042
-0.0610656738
0.0452880859
-0.0857849121
-0.110290527
0.0361480713
0.105209351
0.06690979
0.0298614502
0.0898742676
-0.0730285645
-0.0265655518
