0
0
0
0
0
0
0
0
0
0
0
0
0
0
0
0
-0.00784301758
0.00776672363
0.00798034668
-0.0126953125
0.00901794434
0.00689697266
0.0023651123
0.0130615234
0.015335083
0.00184631348
0.00135803223
-0.000305175781
0.00776672363
-0.0135498047
-0.00321960449
0.0016784668
0
0
0
0
0
0
0
0
0
0
0
0
0
0
0
0
0
0
0
0
0
0
0
0
0
0
0
0
0
0
0
0
-0.139709473
-0.226013184
-0.128387451
0.323913574
-0.189407349
-0.13482666
0.110992432
0.146575928
0.0913391113
-0.162155151
-0.390350342
-0.186416626
0.105773926
0.147872925
-0.317962646
-0.140411377
0.0357513428
-0.016998291
0.0125579834
-0.0116729736
-0.0697784424
0.00645446777
0.0184326172
-0.0115509033
0.033996582
-0.0298919678
0.00160217285
-0.0198822021
-0.0342254639
0.0275878906
0.0047454834
-0.0152893066
0
0
0
0
0
0
0
0
0
0
0
0
0
0
0
0
-4.57763672e-05
-0.0013885498
0.000305175781
-0.0043182373
-0.00434875488
-0.00555419922
-0.00628662109
-0.00338745117
-0.00698852539
0.00750732422
0.00309753418
0.00080871582
0.00228881836
0.000671386719
0.00248718262
0.000747680664
0.0238800049
0.000701904297
0.01512146
-0.00280761719
-0.00228881836
0.0221252441
0.000198364258
-0.0310668945
0.0040435791
0.0564117432
-0.00177001953
-0.0184631348
0.021484375
0.013885498
0.00517272949
0.00679016113
-0.00663757324
0.00205993652
-0.00303649902
-0.00863647461
-0.00477600098
0.00262451172
0.00924682617
0.00277709961
0.00611877441
-0.0055847168
0.00778198242
0.000778198242
-0.0109863281
-0.0129241943
0.00231933594
7.62939453e-05
