0
0
0
0
0
0
0
0
0
0
0
0
0
0
0
0
0
0
0
0
0
0
0
0
0
0
0
0
0
0
0
0
0
0
0
0
0
0
0
0
0
0
0
0
0
0
0
0
0
0
0
0
0
0
0
0
0
0
0
0
0
0
0
0
-0.060333252
-0.0116729736
-0.0503387451
0.2137146
-0.153106689
-0.0568695068
0.0456085205
0.00860595703
0.0281066895
-0.051574707
-0.149551392
-0.110321045
0.103973389
0.0514984131
-0.102706909
-0.00738525391
-0.260162354
-0.0534973145
-0.0584716797
0.14541626
0.00839233398
0.0272369385
-0.00898742676
0.211410522
0.0845489502
-0.19078064
0.043258667
0.0218048096
0.166549683
0.118362427
-0.0335083008
0.0129852295
0.243179321
-0.137817383
0.342514038
-0.255935669
0.272994995
0.109970093
-0.381790161
-0.442993164
0.264328003
-0.163330078
0.497558594
-0.409683228
0.0444488525
0.294784546
-0.382385254
0.204162598
-0.0825195312
-0.154663086
0.0464172363
0.0131530762
-0.177139282
0.180557251
-0.149795532
-0.182434082
-0.028213501
0.159759521
-0.0286865234
0.155197144
0.0636444092
-0.137496948
-0.0498962402
-0.0466766357
0
0
0
0
0
0
0
0
0
0
0
0
0
0
0
0
-0.00263977051
0.000198364258
-0.000518798828
0.000778198242
-0.00450134277
-0.000686645508
0.00155639648
-0.00152587891
0.00225830078
-0.00331115723
-0.0105438232
0.00163269043
-0.000671386719
-0.00163269043
-0.00366210938
-0.00218200684
