-1.47207642
-1.5355835
0.982635498
-1.45422363
1.42919922
-1.1159668
-1.50138855
-0.280151367
0.357788086
-1.56990051
1.41731262
0.353515625
-1.25009155
-1.55609131
-0.0336151123
1.51647949
0.0953674316
-0.117736816
0.0121002197
0.0923156738
0.0994415283
-0.0632171631
-0.0059967041
-0.078704834
-0.0971679688
4.57763672e-05
-0.0333862305
0.0190429688
-0.103347778
0.106506348
0.110580444
0.0347900391
-0.0186309814
-0.0245361328
-0.0186767578
-0.0079498291
-0.00996398926
-0.0128936768
0.0266113281
-0.010345459
-0.0169067383
-0.0180664062
-0.0110168457
-0.0192108154
0.00315856934
-0.0149993896
0.00430297852
0.0172729492
0
0
0
0
0
0
0
0
0
0
0
0
0
0
0
0
-0.217041016
-0.141769409
-0.195114136
-0.0965576172
-0.123245239
-0.25340271
0.317672729
0.293930054
0.356384277
-0.225463867
-0.220245361
-0.218597412
0.18611145
0.254562378
-0.0614776611
-0.30015564
0
0
0
0
0
0
0
0
0
0
0
0
0
0
0
0
-0.0115966797
0.0180969238
-0.0142974854
0.0184936523
-0.0065612793
-0.0115509033
0.0105285645
0.00508117676
-0.00679016113
0.0181884766
-0.0374298096
0.0484161377
0.00427246094
-0.0280456543
0.00904846191
-0.0141296387
-0.00811767578
-0.00227355957
-0.0119171143
0.00158691406
0.0226135254
0.014251709
-0.00476074219
0.0138397217
0.0124511719
-0.00250244141
-0.0328216553
0.0177459717
-0.030380249
-0.0159301758
0.0198669434
-0.0207366943
0.0956268311
-0.0664520264
-0.0507659912
-0.0253753662
0.131164551
-0.0544128418
0.020111084
-0.133651733
0.160675049
-0.135772705
-0.0273284912
-0.0988922119
0.0658874512
0.105072021
0.00384521484
-0.126022339
-0.0152282715
0.00727844238
-0.00592041016
0.000732421875
-0.00445556641
-0.00953674316
0.00405883789
-0.0143890381
-0.0022277832
-0.00144958496
-0.0136108398
0.0148010254
0.00250244141
0.0124664307
-0.0106048584
-0.0204620361
