0.00260925293
0.00253295898
-0.0105438232
-0.00347900391
0.00897216797
-0.0189971924
0.00547790527
0.0109710693
0.000274658203
0.00621032715
-0.00218200684
0.000839233398
0.00666809082
0.00534057617
0.00312805176
-0.00151062012
-0.000915527344
-0.0101928711
0.0176391602
-0.0110321045
-0.00833129883
0.00398254395
-0.00877380371
0.0099029541
0.00428771973
-0.0138397217
0.0168914795
0.00288391113
-0.0249481201
-0.00926208496
0.0263061523
-0.0211181641
-0.242248535
-0.114624023
-0.23765564
-0.16355896
-0.0599517822
-0.301681519
0.238098145
0.0331726074
-0.314682007
-0.218566895
-0.276199341
0.00178527832
-0.0841369629
-0.10105896
-0.125762939
0.225418091
0.00817871094
0.00270080566
-0.00180053711
0.015914917
-0.0334625244
0.00756835938
0.00950622559
0.0040435791
0.0191345215
0.0171813965
0.00215148926
-0.00212097168
-0.0161437988
0.0114135742
0.012878418
-0.00708007812
-0.0214538574
-0.00080871582
-0.0184783936
0.0174560547
-0.0478973389
-0.00785827637
0.00419616699
-0.00445556641
0.00424194336
-0.0233001709
-0.00532531738
-0.0285186768
-0.0218658447
0.0194244385
-0.0267791748
0.0377960205
-0.0106658936
0.00817871094
-0.00588989258
-0.00196838379
-0.00439453125
0.0069732666
0.00416564941
0.0146331787
0.00180053711
0.00695800781
-0.00814819336
0.0250244141
0.00296020508
-0.0124206543
0.00103759766
0.00788879395
0.00917053223
0.0015411377
-0.00122070312
-0.00187683105
0.00796508789
-0.0205535889
-0.00245666504
-0.00582885742
-0.00108337402
0.00250244141
0.0037689209
0.0119476318
-0.00286865234
-0.000686645508
0.00653076172
-0.000793457031
0.00408935547
0.000152587891
0.00550842285
0.00482177734
-0.00413513184
-0.00700378418
-0.00257873535
-4.57763672e-05
-0.0057220459
-0.00178527832
0.00466918945
-0.00692749023
0.00788879395
0.0079498291
-0.00595092773
0.00923156738
-0.00250244141
0.00253295898
-0.00791931152
0.00978088379
-0.00216674805
-0.00387573242
-0.00016784668
0.00276184082
-0.000137329102
0.000915527344
-0.00158691406
-0.000442504883
-0.000610351562
0.00288391113
-0.00120544434
-0.000137329102
0.000396728516
0.00448608398
-0.00479125977
0.00402832031
-0.0117034912
-0.00440979004
-0.0020904541
-0.00674438477
-0.00881958008
0.00793457031
-0.00141906738
0.00675964355
0.00715637207
0.00112915039
-0.00909423828
-0.00468444824
