0.0240478516
0.0402832031
-0.0401306152
0.00184631348
-0.0216674805
0.0237731934
0.00743103027
0.0371856689
-0.0127105713
-0.00747680664
-0.029510498
0.0219573975
0.0388793945
0.0352172852
0.017364502
-0.0436401367
0.00392150879
-0.00260925293
-0.000961303711
0.00143432617
-0.00367736816
-0.00204467773
-0.00158691406
-0.0013885498
-0.00135803223
-0.00180053711
0.00213623047
0.0023651123
-0.00326538086
0.000732421875
-0.00238037109
-0.000381469727
-0.0122375488
-0.00102233887
-0.0186462402
-0.00650024414
0.0229949951
-0.0283050537
0.0204925537
-0.0335845947
-0.0234680176
-0.01222229
-0.0156707764
0.00909423828
0.0164489746
-0.0290222168
0.0183868408
0.0108947754
-0.150650024
-0.0588684082
-0.0580444336
0.0585327148
-0.0184936523
0.129760742
0.0453948975
0.143325806
0.00144958496
0.0764465332
0.0183563232
0.101516724
0.049041748
-0.0174407959
0.0448913574
-0.103408813
-0.0380096436
0.0326843262
-0.0291442871
-0.0171508789
0.0431060791
-0.0404663086
0.0274047852
0.0297088623
0.0390930176
-0.0411071777
0.0402374268
-0.016784668
-0.00602722168
0.0374603271
-0.0185699463
0.0242919922
-0.128433228
-0.230148315
0.0243835449
0.170562744
-0.169815063
0.241638184
-0.144256592
0.215621948
0.192886353
-0.293548584
0.235916138
-0.161026001
0.183609009
0.0830535889
0.255661011
0.349914551
-0.572372437
0.0254669189
0.0107269287
0.214706421
-0.0782318115
0.0054473877
0.0824127197
0.0973358154
-0.148025513
-0.0192565918
-0.185546875
0.0221099854
-0.0463256836
-0.0926971436
0.299407959
-0.011428833
0
0
0
0
0
0
0
0
0
0
0
0
0
0
0
0
-0.00262451172
0.00798034668
-0.0314483643
0.0234680176
0.0132446289
-0.00173950195
-0.00331115723
-0.0132293701
0.016494751
0.00444030762
0.00950622559
-0.0162963867
0.0116119385
0.0119171143
-0.0131225586
-0.0176086426
0
0
0
0
0
0
0
0
0
0
0
0
0
0
0
0
