0
0
0
0
0
0
0
0
0
0
0
0
0
0
0
0
0
0
0
0
0
0
0
0
0
0
0
0
0
0
0
0
0.01612854
-0.0269012451
-0.00904846191
0.00245666504
-0.00199890137
0.0109405518
-0.00524902344
-0.00706481934
0.0318756104
0.0227508545
-0.000885009766
-0.00282287598
-0.0115661621
0.00485229492
-0.00065612793
-0.01121521
-0.0258026123
-0.0605010986
0.000732421875
0.034576416
-0.0431365967
0.0845794678
-0.00579833984
0.00350952148
0.00628662109
0.0211486816
0.0412902832
0.0829772949
-0.0283966064
-0.07421875
0.0294036865
-0.114990234
0
0
0
0
0
0
0
0
0
0
0
0
0
0
0
0
0
0
0
0
0
0
0
0
0
0
0
0
0
0
0
0
-0.13684082
-0.0731658936
0.0848388672
-0.14390564
0.144042969
0.0406036377
-0.143463135
-0.12538147
0.0650177002
-0.0124206543
0.130081177
-0.0811767578
-0.126785278
0.0984954834
-0.0592956543
0.112670898
0
0
0
0
0
0
0
0
0
0
0
0
0
0
0
0
0
0
0
0
0
0
0
0
0
0
0
0
0
0
0
0
0
0
0
0
0
0
0
0
0
0
0
0
0
0
0
0
