0
0
0
0
0
0
0
0
0
0
0
0
0
0
0
0
0
0
0
0
0
0
0
0
0
0
0
0
0
0
0
0
0.00543212891
-0.0431365967
-0.0260467529
-0.0283508301
-0.0312957764
-0.0144195557
0.0114135742
0.00950622559
0.00852966309
0.01222229
-0.00201416016
-0.00366210938
-0.0312957764
0.00395202637
-0.0235137939
-0.00917053223
0.00816345215
0.00141906738
0.0572357178
-0.0548858643
0.0464630127
-0.00532531738
-0.0294189453
0.0175018311
-0.0484466553
-0.0470581055
0.00213623047
-0.000579833984
-0.00575256348
0.00769042969
0.00503540039
0.00901794434
0.112945557
-0.0126800537
0.153396606
-0.00198364258
-0.181594849
0.131591797
-0.138626099
-0.21295166
-0.0888519287
0.0846862793
-0.0964813232
0.0299835205
0.134246826
-0.109909058
-0.0593566895
-0.0349731445
0
0
0
0
0
0
0
0
0
0
0
0
0
0
0
0
-0.0643920898
0.0659179688
0.00956726074
0.0323028564
-0.0697631836
-0.0542907715
0.0828399658
0.0991821289
0.0310211182
0.0548553467
-0.0432434082
-0.00561523438
-0.00942993164
-0.0635375977
0.00337219238
-0.0674591064
0
0
0
0
0
0
0
0
0
0
0
0
0
0
0
0
-0.00433349609
0.0018157959
0.00215148926
-0.000991821289
-0.0029296875
-0.00489807129
0.0102081299
0.00451660156
-0.00204467773
-0.0108184814
0.00315856934
0.00717163086
0.00712585449
-0.00608825684
0.00787353516
0.00212097168
-0.0234680176
-0.0220794678
0.0108642578
-0.00631713867
0.00895690918
0.00428771973
0.00970458984
0.0111999512
0.0172576904
-0.0126647949
-0.00271606445
-0.00576782227
-0.0102844238
-0.0143585205
0.016494751
0.00106811523
