-0.306930542
-0.25390625
0.182189941
-0.238571167
0.314407349
-0.110519409
-0.213287354
-0.0380706787
0.173278809
-0.226089478
0.23399353
0.204818726
-0.136581421
-0.214492798
0.0469360352
0.22354126
-0.532852173
0.644577026
0.0230560303
-0.548629761
-0.226470947
0.402938843
0.00894165039
0.55090332
0.522857666
-0.202514648
-0.0579528809
-0.113601685
0.26348877
-0.597610474
-0.289413452
0.126617432
0.00862121582
-0.0068359375
0.0110778809
0.00968933105
-0.00378417969
0.0012512207
-0.00170898438
-0.000823974609
-0.00592041016
0.00451660156
0.000228881836
-0.00639343262
0.00593566895
-0.00233459473
-0.00595092773
-0.00494384766
-0.00709533691
-0.0443878174
-0.059387207
0.0407562256
-0.0342102051
0.0739135742
0.0177764893
-0.0205688477
0.0297241211
0.0222473145
0.0297241211
0.0633392334
-0.0238189697
-0.0401916504
0.0457763672
-0.0692749023
-0.0847625732
-0.370178223
-0.0688934326
0.13343811
-0.285888672
-0.0994567871
-0.0255126953
0.068939209
0.0874786377
-0.14956665
-0.29460144
-0.126205444
0.0201873779
0.136962891
-0.193283081
-0.141189575
0
0
0
0
0
0
0
0
0
0
0
0
0
0
0
0
0
0
0
0
0
0
0
0
0
0
0
0
0
0
0
0
0.07472229
0.13067627
-0.10395813
0.161499023
0.128250122
0.00410461426
0.165054321
0.117111206
0.165176392
-0.152679443
-0.0953979492
-0.163879395
-0.157470703
0.163513184
0.17829895
0.00730895996
-0.0154266357
0.0133056641
-0.000427246094
0.0309448242
-0.00405883789
0.0100708008
-0.0323181152
0.0113677979
-0.00120544434
0.0242767334
0.0291595459
0.0105133057
0.0234985352
-0.00531005859
0.0361175537
0.0082244873
-0.0256958008
0.013381958
-0.000274658203
-0.0129241943
0.00842285156
-0.013168335
0.0100250244
-0.00538635254
-0.0119934082
0.000213623047
0.0248565674
0.00978088379
-0.00268554688
0.018157959
-0.0178985596
-0.0118865967
