0
0
0
0
0
0
0
0
0
0
0
0
0
0
0
0
0.0621795654
-0.113067627
-0.0149230957
0.0475616455
-0.0166168213
-0.0675354004
0.0919342041
-0.0409240723
-0.0500030518
-0.0638275146
-0.00680541992
-0.0698394775
-0.116500854
0.0706634521
0.109054565
-0.0961914062
0
0
0
0
0
0
0
0
0
0
0
0
0
0
0
0
-0.0645599365
0.00263977051
0.0677490234
0.0356903076
-0.0574493408
0.00192260742
0.0245513916
0.0623474121
-0.0539855957
-0.0188293457
-0.0553131104
0.0587463379
0.039855957
0.0413208008
0.0338897705
-0.0153656006
-0.142562866
-0.169570923
-0.129074097
-0.00126647949
-0.0932922363
-0.14364624
0.0609588623
0.148040771
0.0777282715
-0.184570312
0.00370788574
-0.121459961
0.111541748
0.116714478
-0.0331726074
-0.0186157227
0
0
0
0
0
0
0
0
0
0
0
0
0
0
0
0
0
0
0
0
0
0
0
0
0
0
0
0
0
0
0
0
0
0
0
0
0
0
0
0
0
0
0
0
0
0
0
0
0
0
0
0
0
0
0
0
0
0
0
0
0
0
0
0
-0.00923156738
0.0047454834
0.00799560547
0.00651550293
-0.00216674805
0.00506591797
-0.00227355957
0.00625610352
0.00654602051
0.00160217285
-0.0132598877
-0.00271606445
0.00749206543
-0.00907897949
-0.00227355957
-0.00230407715
