-0.276428223
-0.197067261
0.160171509
-0.282470703
0.248809814
-0.140472412
-0.308349609
0.149703979
0.228210449
-0.313232422
0.233581543
-0.021774292
-0.231430054
-0.307006836
-0.0663909912
0.201751709
0.0488433838
0.00308227539
-0.088973999
0.0807952881
-0.0334625244
-0.039932251
-7.62939453e-05
-0.0618896484
-0.080581665
0.039276123
-0.033416748
0.0118255615
0.0530700684
0.0791015625
0.0415344238
-0.0555725098
0
0
0
0
0
0
0
0
0
0
0
0
0
0
0
0
0
0
0
0
0
0
0
0
0
0
0
0
0
0
0
0
-0.25038147
-0.0964660645
-0.263092041
0.0391540527
-0.0568389893
-0.253860474
0.260925293
0.226013184
0.264572144
-0.259902954
-0.104248047
-0.269180298
0.0278320312
0.184661865
0.00381469727
-0.137481689
-0.00619506836
0.0203399658
0.0545043945
-0.0126037598
0.0780029297
-0.040725708
-0.0297546387
-0.0538330078
0.0345611572
0.0421295166
0.00497436523
0.04347229
-0.0507354736
0.0702514648
-0.0488739014
-0.0707855225
0
0
0
0
0
0
0
0
0
0
0
0
0
0
0
0
0
0
0
0
0
0
0
0
0
0
0
0
0
0
0
0
-0.00343322754
-0.000152587891
-0.0159606934
0.0131835938
-0.00114440918
-0.00369262695
-0.0212249756
0.0104675293
-0.00950622559
0.0156555176
0.0113067627
0.0153045654
0.012512207
-0.013381958
0.00122070312
0.00857543945
0
0
0
0
0
0
0
0
0
0
0
0
0
0
0
0
