0.0102539062
0.0156707764
-0.0239715576
0.00112915039
0.0128173828
0.0354919434
-0.0177764893
-0.0879669189
-0.0510253906
0.0106201172
-0.0355987549
-0.0711364746
0.0205535889
0.0279541016
-0.0030670166
-0.032119751
0
0
0
0
0
0
0
0
0
0
0
0
0
0
0
0
-0.0250396729
0.0143127441
-0.00653076172
-0.0520019531
-0.027130127
-0.0121917725
0.0205230713
0.0486450195
-0.00785827637
0.000137329102
-0.0460510254
0.0117034912
-0.0226745605
0.0015411377
-0.110855103
0.0011138916
0.00065612793
0.0204620361
0.0227355957
-0.0386962891
0.030960083
0.014755249
-0.0224304199
0.00177001953
-0.0301208496
-0.0197753906
0.00387573242
0.0187072754
0.0371246338
0.0402069092
0.00366210938
0.0220031738
0
0
0
0
0
0
0
0
0
0
0
0
0
0
0
0
0.129211426
0.124923706
-0.0933837891
-0.19921875
0.226806641
-0.25553894
0.142959595
-0.164398193
-0.300842285
-0.0897674561
-0.195220947
0.0623626709
-0.372024536
-0.24307251
-0.189239502
-0.468902588
-0.0124359131
-0.005859375
-0.00192260742
-0.001953125
0.00129699707
-0.00227355957
0.00692749023
0.00285339355
-0.00798034668
-0.00578308105
-0.00701904297
-0.0025177002
-0.0117340088
-0.00144958496
0.0153961182
-0.000915527344
-0.232971191
-0.181655884
0.133529663
-0.153808594
-0.181427002
0.162277222
-0.121658325
-0.210479736
0.118301392
0.155639648
-0.126068115
0.265579224
0.20173645
-0.253372192
-0.21875
-0.136230469
-0.0220184326
0.0165100098
-0.0296630859
-0.0137481689
-0.0179290771
-0.0108947754
-0.00576782227
0.00810241699
-0.00190734863
0.00144958496
-0.0283813477
0.00256347656
-0.0108642578
0.011505127
0.0163116455
-0.00326538086
0
0
0
0
0
0
0
0
0
0
0
0
0
0
0
0
