0.0903625488
0.19543457
-0.171478271
0.0188293457
-0.0582427979
0.0980834961
0.0199432373
-0.0275268555
0.0254516602
-0.0270690918
-0.0723114014
-0.051574707
0.0467681885
0.0753326416
-0.180969238
-0.210403442
-0.258346558
0.186981201
0.218261719
-0.304595947
0.0488739014
0.241409302
-0.0559539795
0.297012329
0.290206909
-0.115859985
0.0827178955
0.0233001709
-0.0735168457
-0.318588257
-0.00169372559
0.161529541
-0.152069092
-0.0992736816
-0.126693726
0.0612945557
0.0611572266
-0.116088867
0.127227783
-0.0562591553
-0.134094238
-0.106018066
-0.0878448486
-0.0438842773
-0.0238800049
-0.0208587646
0.113388062
0.0899963379
-0.105667114
0.253479004
0.175292969
-0.35925293
0.108078003
-0.114715576
-0.110488892
0.223770142
-0.11315918
-0.19821167
-0.330276489
0.0936584473
0.101852417
0.541549683
-0.423156738
0.319915771
0
0
0
0
0
0
0
0
0
0
0
0
0
0
0
0
0
0
0
0
0
0
0
0
0
0
0
0
0
0
0
0
0
0
0
0
0
0
0
0
0
0
0
0
0
0
0
0
0
0
0
0
0
0
0
0
0
0
0
0
0
0
0
0
-0.00579833984
-0.00357055664
-0.0160522461
-0.00532531738
-0.00776672363
-0.0154724121
0.0227508545
0.0103759766
-0.0213623047
-0.0192260742
-0.00157165527
0.00970458984
-0.0251922607
-0.0269622803
-0.0116424561
0.015411377
0
0
0
0
0
0
0
0
0
0
0
0
0
0
0
0
