0
0
0
0
0
0
0
0
0
0
0
0
0
0
0
0
-0.19859314
0.203277588
0.0902709961
-0.226043701
-0.181488037
0.179290771
-0.146881104
0.215133667
0.22467041
-0.0559082031
0.0409393311
0.166610718
0.0832214355
-0.228607178
-0.0311889648
0.0102844238
-0.269607544
0.0177154541
-0.245391846
-0.058883667
0.055770874
-0.148040771
0.291183472
-0.121017456
-0.149139404
-0.171264648
-0.179336548
-0.166778564
0.0880279541
-0.0531158447
0.119400024
0.238037109
-0.0112304688
0.0115661621
0.020690918
-0.0373077393
0.0445709229
-0.0420379639
-0.0318756104
0.00930786133
-0.044342041
-0.0337219238
-0.0425262451
-0.010848999
0.0357666016
0.0440826416
-0.00112915039
0.0362854004
-0.114044189
0.0178070068
-0.0865631104
0.25227356
-0.0580444336
-0.119262695
0.0951690674
0.0852050781
0.0966339111
-0.11656189
-0.00425720215
-0.0911712646
0.0493774414
0.0791625977
-0.0341796875
0.0257720947
-0.228256226
-0.0913238525
0.0353240967
0.29914856
-0.0369262695
0.00569152832
0.0605163574
0.185958862
-0.000396728516
-0.0319366455
0.251480103
0.196502686
0.191421509
0.0033416748
-0.0363616943
0.180480957
-0.210418701
-0.0786437988
-0.0263519287
-0.0443115234
0.0576934814
0.0669403076
-0.0599822998
0.0530090332
-0.129699707
-0.0141143799
-0.125
-0.0096282959
0.067855835
0.0160827637
0.233901978
0.0479431152
0
0
0
0
0
0
0
0
0
0
0
0
0
0
0
0
-0.00286865234
-0.00471496582
-0.0057220459
-0.0029296875
-0.00294494629
0.00834655762
0.00114440918
0.0109710693
-0.00526428223
0.0109558105
0.0086517334
0.0149230957
-0.0103149414
-0.00473022461
0.0082244873
0.00762939453
0
0
0
0
0
0
0
0
0
0
0
0
0
0
0
0
