0.0078125
-9.15527344e-05
0.00785827637
-0.00730895996
0.0255584717
-0.000762939453
-0.000335693359
-0.0124969482
0.00849914551
0.0136413574
0.0127868652
-0.0055847168
-0.00587463379
-0.00358581543
0.00712585449
0.00216674805
0
0
0
0
0
0
0
0
0
0
0
0
0
0
0
0
0
0
0
0
0
0
0
0
0
0
0
0
0
0
0
0
-0.015335083
0.0131835938
0.0451660156
-0.00364685059
0.00900268555
-0.00482177734
-0.0187225342
0.00624084473
-0.012512207
-0.0305633545
-0.0199890137
-0.0109100342
0.0228424072
-0.00891113281
-0.00184631348
0.0150909424
-0.264129639
0.19670105
-0.287109375
-0.180923462
-0.00726318359
-0.22833252
0.301055908
0.221710205
0.261520386
-0.211334229
0.242721558
-0.20954895
-0.00100708008
0.159942627
-0.00833129883
-0.0584869385
0
0
0
0
0
0
0
0
0
0
0
0
0
0
0
0
-0.399597168
0.063079834
-0.117385864
0.154891968
0.000778198242
-0.104232788
0.0382537842
0.0479736328
-0.134063721
0.091796875
-0.161560059
0.0578308105
0.072555542
-0.0973815918
0.243103027
0.0113067627
-0.132858276
-0.140594482
0.179977417
-0.176879883
-0.113296509
0.292068481
-0.12991333
-0.215103149
0.0381469727
0.189498901
-0.00540161133
0.104812622
0.0647583008
-0.120223999
-0.252700806
-0.103759766
-0.0136871338
0.00979614258
0.00675964355
-0.00213623047
-0.0124816895
-0.000213623047
0.00148010254
0.011932373
-0.00997924805
-0.00848388672
-0.00814819336
0.0132141113
-0.00108337402
-0.00395202637
0.00747680664
0.00814819336
0
0
0
0
0
0
0
0
0
0
0
0
0
0
0
0
