-0.151824951
-0.141708374
0.111618042
-0.130996704
0.153564453
-0.0647583008
-0.161849976
-0.0148162842
0.0574493408
-0.18637085
0.113250732
0.130477905
-0.137405396
-0.163223267
-0.139205933
0.154876709
0
0
0
0
0
0
0
0
0
0
0
0
0
0
0
0
-0.00259399414
0.00366210938
0.00457763672
0.00857543945
-0.000427246094
-0.00199890137
0.00547790527
0.00575256348
0.00160217285
0.00386047363
0.00257873535
-0.00247192383
0.00361633301
-0.00505065918
-0.00405883789
0.00135803223
-0.0626525879
-0.024520874
0.0484619141
0.0348968506
0.0690612793
-0.0428314209
-0.0604095459
0.0638580322
-0.109802246
-0.00407409668
-0.04637146
-0.00114440918
0.0339813232
0.00888061523
0.000244140625
0.0145263672
0
0
0
0
0
0
0
0
0
0
0
0
0
0
0
0
0
0
0
0
0
0
0
0
0
0
0
0
0
0
0
0
0
0
0
0
0
0
0
0
0
0
0
0
0
0
0
0
-0.214416504
-0.0137329102
0.0880126953
-0.321502686
-0.21836853
0.279266357
-0.0531921387
-0.420791626
-0.413375854
0.295318604
-0.0453186035
0.162322998
0.357315063
-0.110092163
-0.102386475
-0.196365356
-0.000396728516
-0.00872802734
-0.0268707275
-0.016998291
0.0104522705
-0.0276947021
0.00828552246
-0.00198364258
0.00772094727
-0.0439605713
-0.0188446045
0.00379943848
-0.00798034668
0.00801086426
-0.00807189941
-0.0122833252
-0.0809631348
-0.0302124023
0.0689697266
-0.0936737061
0.0126953125
0.165847778
0.0677185059
0.156967163
0.188400269
-0.115646362
0.0132446289
-0.140686035
-0.128372192
-0.0503692627
-0.0023651123
0.103042603
