-0.173339844
-0.148605347
0.109222412
-0.163543701
0.176483154
-0.00273132324
-0.187133789
-0.108413696
-0.0166168213
-0.209533691
0.149353027
0.125823975
-0.116592407
-0.1587677
0.0967102051
0.129989624
0
0
0
0
0
0
0
0
0
0
0
0
0
0
0
0
-0.00590515137
-0.0481109619
-0.0448455811
-0.0171508789
-0.017364502
-0.0188293457
0.0238189697
-0.0132598877
0.0131835938
0.037399292
-0.00547790527
-0.0160980225
-0.00991821289
-0.0439453125
0.0139923096
-0.0107116699
-0.0442962646
-0.00283813477
0.0121612549
0.0222625732
0.0101623535
-0.0204467773
-0.0151519775
0.0485229492
-0.0413360596
-0.00032043457
-0.040145874
0.00108337402
0.0231323242
0.0172119141
-0.017868042
0.00534057617
-0.000823974609
-0.00769042969
-0.000885009766
-0.00997924805
0.00346374512
0.00122070312
0.00332641602
0.00619506836
0.00491333008
-0.000900268555
-0.00172424316
-0.00201416016
0.0100097656
0.00259399414
0.00120544434
-0.000610351562
-0.00772094727
0.0606079102
0.0623931885
-0.0603485107
0.0443115234
0.0120849609
-0.00732421875
-0.0269622803
-0.0333099365
0.0664978027
-0.0490264893
0.011428833
-0.0663452148
0.0335693359
-0.0193939209
0.00424194336
-0.145385742
-0.00971984863
-0.0214538574
-0.104705811
0.0534667969
-0.0880126953
0.0277862549
0.013092041
-0.00914001465
0.0644836426
0.0487365723
0.0488586426
0.0510864258
0.0261383057
-0.0799255371
-0.0366973877
0
0
0
0
0
0
0
0
0
0
0
0
0
0
0
0
-0.00952148438
0
-0.0256958008
-0.013168335
-0.0030670166
-0.0258026123
0.014831543
0.00453186035
0.000869750977
-0.0362091064
-0.0309295654
0.00929260254
-0.00166320801
0.00402832031
0.00590515137
-0.0113983154
0
0
0
0
0
0
0
0
0
0
0
0
0
0
0
0
