0
0
0
0
0
0
0
0
0
0
0
0
0
0
0
0
-0.000839233398
0.00340270996
-0.00567626953
0.00114440918
-7.62939453e-05
-0.00152587891
0.00248718262
-0.000396728516
-0.000244140625
0.00436401367
-0.00468444824
-0.00271606445
0.00527954102
0.00108337402
0.00512695312
-0.00198364258
0
0
0
0
0
0
0
0
0
0
0
0
0
0
0
0
-0.276947021
0.142471313
0.311676025
-0.172943115
0.162307739
-0.210021973
-0.214660645
0.116744995
-0.216995239
-0.202865601
-0.229476929
-0.204238892
0.255355835
0.0611572266
-0.16217041
0.137802124
0
0
0
0
0
0
0
0
0
0
0
0
0
0
0
0
-0.130844116
-0.130813599
0.229385376
0.163009644
-0.134643555
0.20211792
-0.21182251
0.0333557129
0.240447998
0.0390777588
0.215530396
-0.194732666
0.145767212
0.267166138
0.216384888
0.311462402
0.0184631348
-0.0100708008
0.0246276855
-0.00143432617
-0.00183105469
0.0358734131
-0.0201721191
-0.0086517334
0.00605773926
-0.0266723633
0.0159606934
0.00849914551
0.012008667
0.00756835938
-0.0117645264
0.0147705078
0.0558776855
0.0588989258
0.0166931152
0.0286560059
0.0322723389
-0.0403747559
0.0462493896
0.0292663574
-0.0190429688
-0.0480804443
0.0347137451
-0.0802764893
0.0149536133
0.068572998
0.0140533447
0.0588684082
-1.70001221
1.11474609
0.185195923
0.0701141357
-1.2848053
0.0613861084
-0.418777466
1.74632263
-1.44761658
0.369888306
0.388092041
1.73745728
0.270507812
-0.9584198
0.915512085
1.19248962
0.0129547119
-0.0567626953
0.0622711182
-0.10824585
0.0664672852
0.173049927
0.0448150635
0.203598022
0.208068848
-0.145782471
0.0524139404
-0.186035156
-0.176834106
-0.0711975098
-0.0328521729
0.182922363
