0
0
0
0
0
0
0
0
0
0
0
0
0
0
0
0
0
0
0
0
0
0
0
0
0
0
0
0
0
0
0
0
0.000991821289
-0.00231933594
0.00354003906
-0.010559082
0.0126190186
0.00340270996
0.00189208984
-0.00372314453
0.00691223145
0.0112304688
-0.0329742432
0.000686645508
0.0102081299
-0.0260314941
-0.00202941895
-0.000335693359
0
0
0
0
0
0
0
0
0
0
0
0
0
0
0
0
-0.185119629
0.0237579346
-0.204864502
0.0966796875
-0.0433349609
-0.196502686
0.175994873
0.152313232
0.17980957
-0.197753906
-0.0114135742
-0.161880493
0.0833129883
0.0843200684
-0.0702362061
-0.0603179932
0.0297546387
0.116088867
0.0891876221
-0.0795288086
0.11907959
-0.108383179
0.0190887451
-0.129211426
-0.186767578
0.148971558
-0.0593566895
0.14553833
-0.148452759
-0.0569458008
-0.113616943
-0.0431365967
0
0
0
0
0
0
0
0
0
0
0
0
0
0
0
0
0.0253295898
0.0319213867
-0.00485229492
0.0250091553
0.0274200439
-0.0140991211
0.0407867432
0.00881958008
0.00743103027
-0.0273590088
0.0147247314
-0.0162506104
-0.00277709961
0.0206451416
0.0175933838
0.00836181641
0
0
0
0
0
0
0
0
0
0
0
0
0
0
0
0
0
0
0
0
0
0
0
0
0
0
0
0
0
0
0
0
