-0.00326538086
-0.000946044922
0.00531005859
-0.00225830078
0.0172729492
0.0226593018
-0.0143585205
-0.0176696777
-0.00302124023
-0.00459289551
-1.52587891e-05
-0.00819396973
-0.00666809082
0.00593566895
-0.017578125
-0.00596618652
0.0313262939
-0.00743103027
-0.0721893311
0.0978088379
-0.0329742432
-0.0416564941
0.0435180664
-0.100784302
-0.0699920654
0.0366516113
-0.00164794922
0.0148162842
0.06690979
0.100402832
0.0277252197
-0.0811767578
-0.0410766602
-0.0822601318
-0.010055542
0.0115814209
-0.0232849121
-0.0624847412
0.0182800293
-0.0869140625
-0.0198364258
-0.135635376
-0.0253448486
-0.00173950195
0.111190796
-0.111816406
-0.0101623535
0.0807037354
0
0
0
0
0
0
0
0
0
0
0
0
0
0
0
0
0.0117950439
-0.00854492188
-0.00419616699
0.0141143799
-0.0149993896
0.0229187012
-0.00453186035
-0.00381469727
-0.0215911865
0.0151977539
-0.0266113281
0.00965881348
-0.00785827637
-0.0306854248
-0.000137329102
-0.0030670166
0.00517272949
-0.00738525391
0.0104217529
-0.00358581543
-0.00741577148
0.0083770752
0.00134277344
0.00163269043
0.0012512207
-0.00630187988
-0.00473022461
0.00205993652
0.00526428223
-0.000259399414
-0.0009765625
0.00987243652
0.0302429199
0.00810241699
0.0529327393
-0.0196228027
-7.62939453e-05
-0.0193939209
-0.00856018066
-0.0103912354
0.0393981934
0.0200958252
0.0110473633
0.00479125977
0.0116424561
-0.00924682617
-0.041595459
-0.00616455078
-0.284545898
-0.32119751
0.036529541
-0.119781494
-0.254562378
0.212493896
-0.277175903
-0.194961548
0.124725342
0.259597778
-0.130172729
0.356674194
0.0656738281
-0.352371216
-0.163513184
-0.258285522
-0.0251159668
0.0241546631
0.013885498
0.0115814209
-0.0143585205
0.00405883789
-0.00466918945
0.0236968994
-0.0152282715
-0.00994873047
0.00778198242
0.0162658691
-0.00112915039
-0.0142669678
-0.00291442871
0.00631713867
-0.014541626
-0.0322265625
0.00675964355
-0.00456237793
0.0111083984
0.00575256348
0.0107727051
0.00433349609
0.0132751465
-0.00762939453
0.00117492676
-0.00952148438
-0.0109405518
0.00714111328
0.0148162842
0.00733947754
