0.0013580322
0.0011901855
-0.0073242188
-0.0046844482
0.0027465820
-0.0157470703
-0.0017242432
0.0076904297
0.0003662109
-0.0002441406
-0.0063171387
0.0019073486
0.0027313232
0.0039825439
0.0053710938
0.0014343262
0.0016479492
-0.0038757324
0.0023040771
0.0031738281
0.0007019043
-0.0016784668
-0.0025482178
-0.0035095215
-0.0026855469
0.0030517578
0.0078887939
0.0042419434
-0.0034484863
0.0030670166
0.0011291504
-0.0013732910
0.0009918213
0.0017242432
0.0030975342
-0.0028228760
0.0000762939
0.0018157959
0.0008087158
0.0056457520
0.0131988525
0.0086822510
-0.0006103516
0.0004577637
-0.0010528564
-0.0174102783
0.0035400391
0.0021972656
0.0122375488
-0.0084838867
0.0023345947
0.0042572021
-0.0030059814
0.0074310303
0.0048980713
0.0088195801
-0.0009307861
-0.0006561279
0.0018768311
0.0089874268
-0.0043640137
-0.0117340088
0.0038146973
0.0011444092
-0.2916564941
-0.1399383545
-0.2851867676
0.0805664062
-0.0708312988
-0.3271026611
0.2841033936
0.2850494385
0.3617553711
-0.3458862305
-0.0988464355
-0.2893524170
0.1094207764
0.2672882080
-0.0288085938
-0.1210479736
0.0027160645
-0.0011291504
-0.0009613037
-0.0033569336
-0.0057983398
-0.0009613037
-0.0056457520
-0.0089721680
0.0001373291
-0.0030517578
0.0053253174
-0.0009918213
0.0018005371
-0.0017547607
0.0037536621
0.0053863525
0.0023345947
0.0048828125
0.0011749268
0.0025634766
-0.0043182373
-0.0007781982
0.0021972656
0.0012512207
-0.0022888184
0.0077362061
0.0015258789
0.0061187744
0.0020446777
0.0025482178
0.0025787354
-0.0011291504
0.0093383789
0.0115814209
0.0010375977
0.0102996826
0.0103759766
-0.0002899170
0.0118865967
0.0001678467
0.0011444092
-0.0082702637
0.0000305176
-0.0096282959
-0.0042114258
0.0120544434
0.0016937256
0.0055999756
-0.0023651123
-0.0037231445
-0.0084991455
-0.0005035400
0.0037384033
-0.0000915527
-0.0060424805
0.0044708252
-0.0028533936
0.0027008057
-0.0029296875
0.0049285889
-0.0022888184
-0.0001220703
-0.0004577637
-0.0017852783
-0.0046386719
0.0060882568
-0.0015716553
-0.0014648438
0.0005798340
-0.0061798096
0.0012817383
0.0014343262
-0.0008392334
-0.0022735596
0.0008697510
0.0012817383
-0.0029296875
0.0027008057
-0.0045623779
-0.0028228760
