-0.0037689209
-0.0081939697
-0.0067901611
-0.0018768311
-0.0098724365
-0.0070648193
0.0061492920
-0.0141448975
-0.0130767822
0.0112304688
0.0098876953
-0.0037689209
0.0083465576
-0.0079650879
0.0065765381
0.0159149170
0.0009613037
-0.0096588135
0.0295562744
-0.0173187256
-0.0130004883
0.0007171631
0.0301818848
0.0142669678
0.0159454346
-0.0162048340
-0.0113830566
0.0061492920
-0.0085296631
-0.0192108154
-0.0227050781
0.0094299316
0.0012969971
0.0051422119
-0.0004730225
-0.0226593018
-0.0159454346
-0.0050964355
-0.0049285889
-0.0002136230
0.0125122070
-0.0097961426
-0.0113677979
0.0102081299
-0.0096282959
-0.0107116699
-0.0135040283
0.0136413574
-0.0005950928
-0.0028228760
-0.0191497803
0.0086517334
-0.0192413330
0.0015106201
0.0164337158
-0.0297241211
0.0283660889
0.0030670166
-0.0153045654
0.0144195557
-0.0009765625
0.0030364990
0.0010528564
-0.0092773438
-0.0045013428
-0.0016174316
-0.0038757324
-0.0143127441
-0.0243682861
-0.0010528564
0.0030364990
-0.0041656494
-0.0001678467
-0.0021514893
0.0095062256
-0.0122528076
0.0121765137
0.0059509277
-0.0072937012
-0.0098724365
-0.1208496094
-0.2050018311
0.0699615479
0.1442413330
-0.1734008789
0.2562103271
-0.2895812988
0.0989685059
0.2593688965
-0.2681121826
0.2408294678
-0.1123046875
0.1265106201
0.1811370850
0.3151397705
0.4055023193
-0.0023193359
-0.0011138916
-0.0047454834
0.0040435791
-0.0090026855
0.0049743652
0.0085906982
0.0076293945
-0.0086975098
0.0072021484
-0.0125732422
0.0187072754
0.0001220703
-0.0080261230
-0.0063934326
0.0017547607
-0.0005493164
0.0027618408
-0.0025329590
-0.0118408203
-0.0009918213
0.0037841797
0.0013122559
0.0001831055
-0.0010986328
0.0020141602
-0.0023956299
-0.0115966797
-0.0049743652
0.0085296631
-0.0043334961
0.0039978027
-0.0033416748
0.0088195801
0.0121612549
-0.0174102783
-0.0056304932
-0.0001831055
-0.0014953613
0.0027313232
0.0084381104
0.0317077637
0.0092468262
0.0019836426
0.0134887695
0.0274810791
0.0064544678
-0.0022430420
0.0091400146
-0.0318298340
0.0050354004
0.0028686523
0.0188293457
0.0028839111
0.0006713867
-0.0110015869
0.0044860840
-0.0025177002
-0.0420227051
0.0042419434
-0.0017089844
-0.0169830322
0.0099945068
-0.0016174316
