-0.0057067871
0.0006866455
-0.0179901123
0.0013427734
-0.0025787354
0.0006713867
0.0023193359
0.0099945068
-0.0194854736
0.0065155029
-0.0059661865
0.0121002197
0.0143585205
-0.0038757324
0.0305328369
-0.0017089844
-0.3194885254
0.3311767578
0.1118011475
-0.3349456787
0.0195770264
0.2644195557
-0.0735168457
0.3199157715
0.3518066406
-0.0321350098
0.1428985596
0.0023651123
0.1471862793
-0.3512420654
-0.1473236084
-0.0172424316
-0.0061035156
-0.0168304443
-0.0159912109
0.0027160645
0.0044860840
-0.0120697021
0.0052490234
-0.0061187744
0.0037078857
-0.0096588135
-0.0061340332
-0.0112762451
0.0024871826
0.0010833740
-0.0071105957
0.0130920410
0.0041198730
0.0022583008
0.0169067383
-0.0291900635
0.0065917969
0.0067901611
-0.0048065186
-0.0030517578
-0.0139770508
-0.0267791748
0.0060882568
-0.0039825439
-0.0071105957
-0.0166625977
-0.0042877197
-0.0102691650
0.0045623779
0.0161895752
0.0095977783
-0.0116119385
-0.0167999268
0.0046386719
-0.0090179443
0.0043182373
0.0089874268
0.0041961670
-0.0083160400
0.0142517090
0.0054779053
-0.0105133057
0.0028991699
0.0142211914
0.0074462891
0.0058135986
0.0029449463
-0.0098876953
0.0055847168
-0.0012817383
0.0038452148
-0.0071411133
-0.0050354004
0.0150604248
-0.0086212158
-0.0014190674
-0.0078887939
-0.0097656250
-0.0019378662
-0.0102081299
0.0046997070
0.0006103516
0.0152893066
-0.0063781738
0.0019378662
-0.0060577393
-0.0042724609
-0.0005340576
0.0042724609
0.0180969238
0.0057220459
0.0056915283
-0.0075531006
-0.0000610352
0.0083618164
0.0074768066
-0.0068817139
-0.0005493164
-0.0063323975
0.0036773682
-0.0026702881
0.0129241943
-0.0039672852
-0.0025024414
-0.0054779053
0.0038452148
0.0087738037
-0.0033111572
-0.0051574707
0.0002746582
0.0090942383
-0.0087585449
-0.0017547607
-0.0000762939
0.0008850098
-0.0018463135
0.0015258789
0.0023193359
0.0073089600
0.0008544922
0.0018920898
-0.0084228516
0.0025939941
0.0061950684
0.0065460205
0.0020599365
0.0012817383
-0.0007629395
-0.0019378662
-0.0232238770
-0.0014038086
0.0120697021
-0.0149536133
-0.0021209717
-0.0054168701
-0.0012359619
0.0091552734
0.0030975342
-0.0314941406
0.0024871826
0.0034637451
-0.0133361816
0.0301055908
-0.0054779053
