-0.0012054443
0.0045928955
0.0055847168
0.0059661865
0.0039520264
-0.0030975342
-0.0028228760
0.0028381348
-0.0077514648
-0.0131988525
-0.0087432861
-0.0130462646
0.0004272461
-0.0006103516
0.0037536621
-0.0075836182
0.0128936768
-0.0145416260
-0.0054931641
0.0130767822
0.0003967285
-0.0113983154
-0.0026550293
-0.0108795166
-0.0130310059
0.0059814453
-0.0007171631
0.0005187988
-0.0010681152
0.0132751465
0.0106201172
-0.0129241943
0.0168762207
0.0112762451
0.0263061523
-0.0029602051
-0.0006103516
0.0151977539
-0.0093688965
-0.0060882568
0.0163726807
0.0085601807
0.0031127930
0.0234985352
-0.0002899170
0.0151519775
-0.0175781250
-0.0127410889
0.0025024414
0.0011749268
0.0021667480
0.0001373291
0.0011749268
0.0021972656
0.0012512207
-0.0005798340
0.0008392334
0.0031127930
0.0039672852
0.0032806396
0.0051727295
-0.0028839111
0.0027008057
-0.0027313232
0.0001831055
0.0054016113
0.0091552734
0.0034027100
0.0136718750
-0.0026245117
-0.0010528564
-0.0166931152
0.0051269531
-0.0054931641
0.0073394775
-0.0050201416
0.0024414062
0.0089263916
0.0054779053
0.0062408447
-0.0071868896
0.0059356689
-0.0008392334
0.0052032471
0.0194702148
-0.0130310059
-0.0023651123
-0.0052795410
-0.0131683350
0.0121154785
0.0055847168
0.0087280273
-0.0040740967
-0.0042572021
-0.0012664795
-0.0007324219
0.0422973633
0.3415679932
0.1159515381
0.2322235107
-0.2619476318
-0.2545013428
0.2832794189
0.2489013672
0.0747222900
0.0985565186
-0.1589660645
-0.1584320068
0.2855682373
-0.3111267090
-0.2602844238
-0.3548889160
0.0138244629
0.0101470947
0.0016174316
0.0143127441
0.0058898926
-0.0013580322
0.0066528320
-0.0106811523
0.0143890381
0.0005950928
-0.0064392090
-0.0045471191
-0.0068054199
0.0095367432
0.0078277588
0.0093841553
-0.0092773438
0.0086822510
-0.0021057129
0.0194854736
-0.0086669922
-0.0098724365
0.0071411133
0.0098266602
-0.0140380859
-0.0080718994
-0.0113830566
0.0093841553
0.0059814453
-0.0075073242
0.0007324219
0.0043945312
-0.0017242432
0.0089263916
-0.0014038086
0.0024414062
-0.0126953125
-0.0022583008
-0.0014953613
0.0030975342
0.0007781982
0.0020904541
0.0002441406
0.0005645752
0.0015869141
-0.0029907227
0.0008087158
-0.0004882812
