0.0020141602
-0.0080718994
0.0081329346
-0.0112762451
0.0046844482
-0.0169372559
-0.0138092041
-0.0019683838
0.0021362305
-0.0020751953
0.0040130615
-0.0014648438
-0.0034332275
-0.0006713867
0.0110626221
0.0057983398
0.0067138672
-0.0058135986
-0.0064086914
0.0089874268
0.0086364746
-0.0050506592
-0.0138854980
-0.0093231201
-0.0097961426
-0.0036621094
0.0013427734
-0.0016021729
-0.0099182129
0.0094299316
0.0042724609
0.0029144287
0.0011444092
0.0114898682
-0.0001525879
-0.0055389404
0.0082702637
-0.0034790039
0.0054016113
0.0011138916
-0.0128631592
-0.0017852783
-0.0032501221
-0.0100555420
0.0072174072
0.0063323975
0.0073699951
0.0013275146
0.0065460205
-0.0070648193
0.0013732910
0.0005798340
-0.0040740967
-0.0019531250
-0.0092010498
0.0019226074
-0.0109863281
-0.0010681152
0.0030975342
-0.0064697266
-0.0096893311
-0.0092315674
0.0034332275
-0.0003967285
-0.2763214111
-0.1569519043
-0.2512664795
0.0553131104
-0.1457214355
-0.3054351807
0.2744293213
0.2728271484
0.3543701172
-0.2884521484
-0.0766754150
-0.2942657471
0.1308898926
0.3163757324
-0.1081542969
-0.2057342529
0.0029907227
-0.0045776367
-0.0052642822
0.0129241943
0.0054626465
0.0158233643
0.0005798340
0.0195922852
0.0162048340
-0.0253295898
0.0026092529
0.0016021729
0.0174713135
0.0160675049
0.0134124756
0.0194396973
0.0020751953
0.0000457764
-0.0005340576
-0.0024108887
-0.0017395020
-0.0036773682
0.0052795410
-0.0005950928
-0.0070800781
0.0074005127
0.0068969727
0.0062866211
-0.0069885254
0.0007324219
0.0079498291
0.0041656494
0.0022583008
-0.0026245117
-0.0008392334
-0.0106964111
0.0013427734
-0.0011444092
-0.0023651123
0.0046844482
-0.0050048828
0.0017242432
-0.0041046143
0.0009155273
-0.0010070801
-0.0012817383
-0.0039520264
-0.0034179688
-0.0031890869
-0.0011291504
-0.0010681152
0.0147094727
0.0055084229
0.0147247314
-0.0104675293
-0.0000152588
0.0083770752
0.0012664795
0.0111389160
0.0012207031
0.0093078613
0.0088195801
0.0122833252
-0.0037384033
-0.0059814453
-0.0092163086
0.0071716309
-0.0489807129
0.0184020996
0.0282745361
0.0457763672
0.0063934326
0.0246124268
-0.0457763672
0.0361175537
-0.0195465088
-0.0539398193
0.0098724365
-0.0121459961
0.0223693848
