-0.0000915527
0.0000000000
0.0035400391
-0.0023803711
0.0182037354
0.0035095215
-0.0034179688
-0.0096435547
-0.0009613037
-0.0037841797
0.0013427734
-0.0073089600
-0.0021820068
0.0003509521
0.0005035400
-0.0020599365
0.0173034668
-0.0072021484
-0.0277709961
0.0261993408
-0.0061035156
-0.0155029297
0.0055236816
-0.0248565674
-0.0275573730
0.0188903809
-0.0214385986
-0.0083618164
0.0140991211
0.0276947021
0.0140991211
0.0003509521
0.0121307373
0.0110015869
0.0233001709
0.0065307617
0.0008544922
0.0120391846
-0.0083465576
-0.0004119873
0.0122833252
0.0074615479
-0.0110626221
0.0043945312
-0.0015716553
0.0103149414
-0.0079345703
-0.0035858154
0.0071105957
0.0084075928
-0.0275573730
0.0154418945
0.0135345459
-0.0044097900
-0.0043945312
-0.0225219727
-0.0074005127
0.0029602051
0.0043487549
0.0065307617
0.0031433105
0.0335388184
0.0171203613
-0.0104980469
0.0054016113
-0.0033874512
0.0052032471
0.0042419434
-0.0069732666
0.0078125000
-0.0004882812
0.0026702881
-0.0028991699
0.0082855225
-0.0010375977
0.0047454834
-0.0006256104
-0.0048065186
0.0070343018
-0.0007629395
-0.0033264160
0.0023498535
-0.0079345703
0.0025482178
0.0056610107
-0.0071411133
0.0115051270
0.0034942627
-0.0077209473
-0.0024566650
0.0030212402
0.0052185059
-0.0111999512
-0.0043487549
-0.0029602051
-0.0123443604
0.0142364502
0.0018615723
0.0156250000
-0.0015716553
-0.0040588379
-0.0053405762
0.0019989014
-0.0004119873
0.0084381104
0.0019683838
0.0079040527
0.0139617920
0.0056762695
0.0017547607
-0.0136566162
0.0013275146
-0.3124237061
-0.3396759033
0.1272735596
-0.1411132812
-0.2642974854
0.1917266846
-0.2845458984
-0.1756744385
0.0502166748
0.2518463135
-0.1247100830
0.3342895508
0.1833953857
-0.3419494629
-0.1608276367
-0.2581787109
-0.0135650635
0.0127258301
-0.0117645264
-0.0190887451
-0.0076293945
-0.0140991211
-0.0017089844
0.0059509277
0.0047760010
-0.0015258789
-0.0057678223
-0.0009307861
-0.0094757080
0.0195465088
-0.0151062012
-0.0057220459
-0.0077514648
0.0012969971
0.0005187988
-0.0003356934
-0.0040435791
-0.0046081543
0.0004577637
-0.0002593994
-0.0045166016
0.0029602051
0.0011749268
0.0027770996
0.0037231445
0.0057983398
0.0008850098
-0.0050506592
