-0.0006408691
0.0084533691
-0.0114746094
0.0015411377
0.0156097412
0.0005950928
-0.0002593994
-0.0060577393
-0.0093536377
0.0033569336
-0.0104217529
-0.0024566650
0.0154571533
0.0112915039
0.0116882324
-0.0170745850
0.0013275146
-0.0023803711
0.0006408691
0.0005493164
-0.0004882812
-0.0008239746
-0.0011596680
0.0002136230
-0.0006561279
0.0022583008
-0.0004425049
0.0014343262
-0.0016937256
0.0009613037
0.0041351318
0.0013732910
-0.0028533936
-0.0015716553
0.0015869141
0.0016784668
0.0072174072
-0.0021362305
-0.0012969971
0.0017700195
0.0014648438
-0.0023651123
-0.0008697510
-0.0025939941
0.0004577637
-0.0076599121
0.0023498535
0.0012817383
0.0019683838
-0.0035247803
-0.0086822510
0.0001068115
0.0007629395
-0.0001068115
0.0093994141
0.0063781738
0.0043334961
0.0023956299
0.0006866455
0.0041656494
-0.0053710938
0.0042877197
0.0053863525
-0.0105590820
0.0099792480
0.0032196045
0.0054779053
0.0077056885
-0.0015869141
0.0090942383
-0.0010070801
0.0011596680
-0.0046997070
0.0138397217
-0.0073547363
0.0083465576
0.0057373047
-0.0059814453
-0.0027008057
0.0024566650
-0.0025329590
0.0038604736
-0.0028991699
0.0079803467
0.0087280273
0.0003051758
0.0063171387
-0.0031433105
0.0068817139
-0.0099792480
0.0044097900
0.0124359131
0.0055236816
-0.0003814697
0.0062713623
0.0039825439
-0.0005187988
0.0131225586
-0.0017547607
0.0118560791
-0.0069732666
-0.0122222900
-0.0006103516
0.0005187988
0.0039672852
0.0166168213
0.0033111572
0.0148315430
0.0064544678
-0.0012664795
-0.0015869141
0.0052185059
0.0013122559
0.0102539062
-0.0044250488
0.0066528320
0.0097045898
-0.0081787109
0.0124206543
0.0003814697
0.0055236816
-0.0074310303
0.0045318604
0.0032196045
0.0070495605
0.0038452148
0.0068664551
0.0057678223
0.0162353516
-0.0036163330
0.0006866455
-0.0095825195
0.0110015869
0.0032043457
-0.0139770508
-0.0190429688
0.0094299316
0.0018463135
0.0208435059
-0.0181732178
0.0124664307
-0.0155639648
-0.0077972412
0.0032501221
0.1596832275
0.0386047363
-0.2598876953
0.2795410156
-0.0433349609
-0.3141632080
-0.2610778809
-0.2783966064
-0.2956542969
0.2924194336
-0.1192016602
0.3214569092
0.3097076416
0.0146026611
-0.0266265869
-0.3282775879
