-0.2522430420
-0.2596435547
0.1628875732
-0.2840270996
0.3408660889
-0.3058929443
-0.1957244873
0.0802917480
0.3036346436
-0.2286376953
0.3050384521
0.0848083496
-0.2276611328
-0.1778717041
-0.0123291016
0.2509765625
-0.0067901611
0.0108184814
-0.0093994141
-0.0053253174
-0.0036468506
0.0021057129
-0.0061035156
0.0063018799
0.0050659180
0.0039062500
-0.0025177002
-0.0094909668
0.0079498291
-0.0046539307
0.0018463135
0.0004577637
0.0157775879
0.0180206299
0.0193939209
-0.0125427246
-0.0107574463
0.0091400146
-0.0196228027
0.0198822021
0.0178222656
0.0208282471
-0.0197601318
0.0040588379
-0.0049133301
0.0085296631
-0.0304107666
-0.0123138428
0.0018768311
-0.0010833740
-0.0025177002
-0.0015106201
0.0012207031
0.0059509277
-0.0034027100
0.0024261475
0.0058135986
-0.0015869141
0.0020599365
0.0040740967
-0.0069274902
0.0027770996
-0.0029754639
0.0066528320
-0.0164794922
0.0084991455
-0.0112304688
-0.0250396729
-0.0022277832
-0.0116424561
0.0171356201
0.0230712891
0.0025787354
-0.0054931641
0.0038757324
-0.0109558105
0.0051574707
0.0154876709
0.0154113770
0.0142669678
-0.0147399902
0.0124206543
0.0199890137
-0.0139465332
0.0102539062
-0.0008239746
0.0007781982
-0.0071105957
0.0152130127
0.0137176514
-0.0148010254
0.0100097656
0.0017089844
0.0066680908
-0.0109252930
-0.0182952881
0.0039672852
0.0010833740
0.0013275146
0.0013885498
0.0017395020
-0.0042572021
-0.0075225830
-0.0074157715
0.0024871826
0.0108489990
0.0028686523
-0.0089263916
-0.0043792725
0.0068054199
-0.0050201416
0.0106811523
0.0139312744
0.0157012939
0.0286102295
-0.0005187988
0.0130004883
-0.0063781738
0.0060577393
0.0080566406
0.0027923584
-0.0143127441
0.0022583008
-0.0139465332
0.0069122314
0.0110626221
-0.0116119385
0.0114288330
-0.0092773438
0.0199432373
0.0077972412
-0.0000915527
-0.0196990967
0.0049591064
-0.0025634766
0.0021972656
-0.0008697510
-0.0049896240
0.0003814697
-0.0069427490
-0.0078277588
0.0029144287
-0.0045776367
0.0099182129
-0.0255279541
-0.0061798096
-0.0000152588
-0.0067291260
0.0151977539
-0.0108184814
0.0042572021
-0.0023956299
-0.0088653564
0.0050964355
0.0262298584
0.0072326660
0.0012054443
0.0063476562
-0.0003356934
-0.0069122314
