-0.0059204102
-0.0004730225
-0.0077819824
-0.0018615723
0.0025329590
0.0017395020
-0.0019531250
0.0062255859
0.0012207031
-0.0061950684
0.0029144287
0.0024566650
0.0085754395
-0.0026397705
0.0065612793
-0.0033264160
-0.0002136230
0.0050354004
-0.0130767822
0.0023193359
0.0023956299
-0.0013580322
-0.0041046143
-0.0022277832
-0.0022430420
-0.0003204346
-0.0068206787
-0.0110931396
0.0052795410
0.0023345947
-0.0020599365
-0.0006866455
-0.3620910645
-0.1522369385
-0.3095092773
-0.0133819580
-0.0423736572
-0.3289337158
0.2836303711
-0.0597686768
-0.3379058838
-0.3394622803
-0.2172546387
-0.1584930420
0.0528259277
-0.1179809570
0.1694488525
0.3732757568
-0.0053253174
-0.0008697510
-0.0015411377
0.0083160400
-0.0041961670
-0.0037841797
0.0157470703
-0.0030822754
0.0100402832
-0.0039825439
-0.0092620850
0.0039367676
0.0000000000
-0.0063171387
0.0073089600
-0.0116424561
0.0047302246
0.0177612305
0.0037536621
-0.0036468506
0.0026397705
0.0070190430
-0.0006561279
-0.0037536621
-0.0030212402
0.0078430176
0.0028076172
0.0036468506
-0.0112304688
-0.0046081543
0.0023803711
0.0178375244
0.0053863525
0.0013580322
0.0015258789
-0.0131072998
0.0038757324
0.0027465820
0.0040588379
-0.0030975342
0.0031433105
0.0022430420
0.0000762939
-0.0016784668
-0.0126647949
-0.0071411133
-0.0040130615
-0.0037994385
0.0024108887
-0.0086975098
0.0194702148
-0.0091400146
0.0045928955
0.0053405762
-0.0123138428
0.0006408691
0.0202484131
-0.0185241699
0.0109710693
-0.0067596436
0.0245361328
0.0074615479
-0.0213012695
0.0032958984
0.0317077637
0.0254516602
0.0128479004
-0.0036468506
0.0258331299
-0.0092315674
0.0092163086
-0.0089874268
-0.0146179199
0.0151367188
0.0201721191
-0.0189819336
0.0015106201
0.0311737061
0.0330200195
0.0047760010
0.0253906250
-0.0284271240
0.0055389404
-0.0170288086
0.0322723389
0.0299682617
-0.0201416016
-0.0289764404
0.0260162354
0.0050964355
-0.0127258301
-0.0253143311
-0.0021667480
0.0098419189
0.0006256104
-0.0358123779
0.0056915283
-0.0110778809
0.0078277588
-0.0034332275
-0.0042724609
0.0072631836
0.0085906982
0.0007781982
0.0030059814
-0.0034942627
-0.0179138184
-0.0059967041
-0.0053253174
-0.0051422119
0.0150909424
0.0113220215
