-0.0131988525
-0.0108489990
0.0048980713
-0.0173645020
0.0036010742
0.0147857666
0.0039062500
-0.0041351318
0.0224761963
-0.0072174072
0.0193481445
0.0339813232
-0.0044097900
-0.0128631592
0.0013122559
0.0211181641
0.0040893555
-0.0002288818
-0.0046081543
0.0046539307
0.0099639893
-0.0018768311
-0.0152282715
-0.0029144287
-0.0065307617
-0.0049896240
-0.0135650635
0.0007476807
-0.0034027100
0.0043182373
0.0091400146
0.0004730225
-0.3206939697
-0.1505432129
-0.2669525146
0.0561828613
-0.0360870361
-0.2988128662
0.2591705322
-0.1480407715
-0.2845916748
-0.3494720459
-0.1025085449
-0.2477722168
0.1309356689
-0.0799407959
0.2285461426
0.3847198486
-0.0076599121
-0.0009460449
0.0176086426
0.0052795410
0.0191650391
-0.0148162842
0.0139007568
0.0155944824
-0.0045013428
-0.0083312988
-0.0092773438
-0.0016479492
0.0117187500
-0.0080108643
0.0125732422
-0.0023651123
0.0074920654
0.0115966797
0.0075836182
-0.0011291504
0.0016632080
0.0045776367
-0.0049896240
-0.0102081299
-0.0034790039
0.0037078857
0.0037231445
0.0070190430
0.0006256104
-0.0085144043
0.0012207031
0.0066528320
-0.0017242432
0.0056610107
0.0058593750
-0.0060424805
0.0011291504
0.0026092529
0.0041961670
-0.0133056641
0.0030822754
0.0037994385
0.0056152344
-0.0095825195
0.0010375977
-0.0037536621
-0.0066070557
0.0003204346
0.0001525879
-0.0107116699
0.0263061523
-0.0101470947
0.0110168457
0.0092926025
-0.0113830566
-0.0037536621
0.0044555664
-0.0265502930
0.0009002686
-0.0058288574
0.0002136230
0.0062408447
-0.0118408203
-0.0025634766
0.0204162598
0.0220031738
-0.0102386475
-0.0164031982
0.0181884766
-0.0335235596
0.0187683105
0.0005645752
-0.0071868896
0.0231933594
-0.0075683594
-0.0436553955
-0.0040893555
0.0512390137
0.0128173828
-0.0007476807
0.0035247803
-0.0072326660
0.0050964355
-0.0109558105
0.0059661865
-0.0012512207
-0.0021057129
-0.0021362305
-0.0028076172
-0.0037841797
-0.0030364990
0.0037536621
-0.0052337646
-0.0024108887
-0.0165405273
-0.0014953613
-0.0070648193
0.0089416504
-0.0023040771
-0.0098571777
0.0118103027
-0.0133666992
0.0065002441
-0.0041046143
-0.0116424561
0.0016937256
0.0099792480
0.0119171143
-0.0019378662
0.0158386230
-0.0087738037
-0.0066375732
