0.0002441406
-0.0037384033
0.0017395020
0.0001678467
0.0071563721
0.0055389404
-0.0019836426
0.0036926270
-0.0076446533
-0.0035095215
0.0104827881
0.0018310547
0.0001678467
-0.0071258545
-0.0046234131
0.0075836182
0.0044097900
0.0055999756
-0.0222015381
0.0159759521
-0.0190429688
-0.0084381104
0.0177307129
-0.0148315430
-0.0130920410
0.0315246582
-0.0039367676
-0.0145263672
0.0244903564
0.0139007568
-0.0179138184
0.0095214844
-0.3397674561
0.0218353271
-0.2983398438
-0.0841217041
-0.0690002441
-0.3058471680
0.3768463135
0.0784759521
-0.4069976807
-0.2833251953
-0.2189941406
0.0081939697
-0.0269927979
-0.1644134521
0.1137390137
0.3300323486
0.0141296387
-0.0139007568
-0.0362854004
0.0183258057
-0.0097656250
0.0146942139
0.0330352783
-0.0142211914
0.0295104980
0.0103607178
0.0216979980
0.0051727295
-0.0205383301
-0.0265502930
0.0102233887
-0.0116729736
0.0041198730
-0.0043029785
0.0034484863
0.0057830811
0.0025634766
0.0023193359
0.0008544922
0.0023498535
0.0032348633
0.0032196045
-0.0144195557
0.0038146973
0.0090026855
-0.0064697266
0.0047760010
-0.0129394531
-0.0063018799
-0.0170135498
0.0210723877
0.0140075684
-0.0231781006
-0.0021972656
0.0054626465
0.0115814209
0.0146026611
-0.0129241943
0.0093536377
-0.0222930908
0.0014648438
0.0114440918
0.0064239502
-0.0047760010
0.0029449463
-0.0096740723
0.0026245117
-0.0182342529
0.0079956055
0.0076599121
-0.0148620605
-0.0043182373
0.0037536621
0.0186309814
0.0040893555
-0.0106964111
-0.0052642822
0.0119628906
-0.0008239746
0.0135192871
0.0204620361
0.0146942139
-0.0060577393
0.0141448975
0.0150451660
-0.0153961182
0.0142669678
-0.0054168701
0.0051727295
0.0047454834
0.0022888184
-0.0134582520
-0.0149841309
0.0222015381
0.0078430176
0.0050048828
-0.0012207031
0.0028228760
0.0049896240
0.0007171631
-0.0012512207
0.0029754639
0.0012664795
0.0006561279
0.0005340576
0.0045776367
-0.0002746582
-0.0009155273
0.0021820068
0.0068969727
0.0009002686
-0.0002899170
0.0053100586
0.0018615723
0.0001678467
-0.0038909912
-0.0038299561
0.0086059570
0.0035705566
0.0052795410
0.0146026611
-0.0090484619
-0.0139770508
-0.0067291260
-0.0131072998
-0.0151672363
0.0086975098
0.0062255859
