-0.0021667480
-0.0029449463
-0.0059356689
-0.0061492920
-0.0007629395
-0.0097198486
-0.0036010742
0.0003967285
0.0006256104
-0.0074768066
-0.0007781982
0.0036926270
0.0008850098
0.0009155273
0.0019531250
0.0017547607
0.0003051758
-0.0006713867
0.0014343262
0.0010528564
0.0021667480
-0.0001373291
0.0005035400
-0.0010528564
-0.0012817383
-0.0011596680
0.0019836426
-0.0013122559
-0.0008392334
0.0008392334
-0.0027618408
-0.0003509521
0.0014038086
0.0046081543
-0.0059051514
0.0005493164
0.0121612549
-0.0018310547
-0.0037078857
-0.0053100586
0.0086669922
-0.0037841797
-0.0001373291
-0.0052337646
0.0044708252
-0.0145874023
0.0159606934
0.0084228516
0.0158691406
-0.0080718994
-0.0027465820
0.0088806152
-0.0031585693
-0.0070648193
0.0132141113
0.0025634766
0.0049438477
0.0063476562
0.0008544922
0.0044860840
0.0032348633
-0.0055847168
0.0163116455
-0.0087738037
-0.3048400879
-0.0785217285
-0.3039855957
-0.0122222900
-0.0807037354
-0.3269042969
0.3128967285
0.2989044189
0.3593444824
-0.3220672607
-0.1048278809
-0.2900390625
0.0401000977
0.2791290283
0.0236816406
-0.1011962891
0.0069732666
0.0022277832
-0.0086059570
-0.0021057129
-0.0001373291
-0.0047302246
0.0018005371
-0.0087280273
0.0035552979
0.0081939697
-0.0026397705
0.0001525879
-0.0081176758
0.0065612793
0.0023651123
-0.0053100586
0.0107269287
-0.0046386719
-0.0095825195
-0.0030212402
0.0004425049
0.0172576904
-0.0083007812
0.0042877197
-0.0042877197
0.0084381104
-0.0163269043
0.0140991211
-0.0007324219
0.0028991699
0.0019226074
0.0098724365
0.0000152588
0.0039215088
-0.0028381348
0.0085601807
0.0053100586
0.0031433105
0.0033569336
-0.0025634766
0.0035552979
-0.0028076172
0.0054321289
-0.0000152588
-0.0045318604
0.0023345947
0.0014343262
0.0025634766
0.0004577637
-0.0050048828
-0.0098724365
-0.0087127686
0.0061187744
-0.0004119873
-0.0046386719
0.0015411377
0.0000152588
-0.0034332275
-0.0145568848
0.0039672852
-0.0027618408
0.0048828125
-0.0021057129
-0.0067749023
-0.0028533936
-0.0000305176
-0.0046081543
0.0006561279
0.0009918213
-0.0070037842
0.0016174316
-0.0028839111
-0.0007476807
-0.0019989014
-0.0028839111
0.0050964355
-0.0010833740
0.0096282959
-0.0026245117
-0.0078735352
