0.0012512207
-0.0045623779
0.0016021729
-0.0002441406
0.0025177002
0.0018768311
-0.0034332275
-0.0097808838
-0.0067291260
-0.0051116943
0.0091247559
-0.0028839111
-0.0025024414
-0.0032653809
0.0022430420
0.0058898926
0.0049591064
0.0020446777
-0.0178680420
0.0113677979
0.0055541992
-0.0043640137
0.0012207031
-0.0104675293
-0.0103759766
0.0188293457
-0.0068969727
-0.0128326416
0.0140380859
0.0112457275
-0.0017852783
0.0081634521
0.0044555664
0.0017242432
0.0036468506
-0.0036468506
-0.0065002441
0.0008392334
0.0033416748
0.0040893555
0.0009307861
0.0052490234
-0.0146789551
0.0012817383
-0.0000457764
-0.0023193359
-0.0104217529
-0.0038452148
-0.0070190430
-0.0087738037
-0.0028991699
0.0387725830
0.0034027100
-0.0042877197
-0.0160522461
-0.0072326660
-0.0209197998
0.0252990723
0.0002746582
0.0085601807
0.0182952881
-0.0101318359
0.0067138672
-0.0053100586
0.0045623779
-0.0010681152
0.0056152344
0.0051422119
0.0014801025
0.0018310547
-0.0067901611
-0.0037689209
0.0012359619
0.0001068115
-0.0013427734
0.0061645508
-0.0027923584
-0.0015106201
0.0036773682
0.0031280518
-0.0059051514
0.0148925781
-0.0021667480
-0.0055084229
-0.0021972656
0.0027618408
0.0059204102
0.0059967041
0.0058288574
0.0167846680
-0.0151672363
0.0150909424
-0.0013732910
0.0133209229
-0.0056152344
-0.0017395020
0.0080718994
-0.0026550293
0.0047607422
-0.0053405762
-0.0017700195
-0.0002288818
0.0024261475
0.0004730225
0.0133209229
-0.0025024414
0.0016632080
0.0239562988
-0.0028533936
-0.0076599121
-0.0018157959
-0.0004882812
-0.2826843262
-0.2422332764
0.1643524170
-0.2305297852
-0.2985534668
0.2970733643
-0.2942504883
-0.2036285400
-0.0497131348
0.1986846924
-0.0753784180
0.2781066895
0.2558746338
-0.3260803223
-0.1195983887
-0.2243347168
-0.0011901855
-0.0045318604
-0.0049133301
-0.0063629150
-0.0004119873
-0.0037384033
0.0062255859
0.0051574707
0.0013580322
-0.0086212158
-0.0002899170
0.0078277588
0.0032653809
-0.0003662109
0.0049591064
-0.0019073486
-0.0016326904
-0.0118560791
-0.0123291016
-0.0009918213
-0.0015563965
0.0027770996
-0.0043945312
0.0008850098
0.0116882324
-0.0016326904
0.0040588379
0.0007781982
-0.0064086914
0.0068206787
-0.0014953613
-0.0087585449
