0.0065612793
0.0146789551
-0.0211944580
-0.0062561035
0.0102233887
-0.0076751709
0.0012817383
0.0103302002
-0.0004730225
0.0028381348
-0.0091400146
0.0010681152
0.0080718994
0.0016784668
0.0013122559
-0.0109558105
-0.0027160645
-0.0019073486
0.0056457520
-0.0029907227
0.0075225830
0.0037994385
-0.0004272461
0.0032958984
0.0028686523
-0.0015716553
0.0086364746
0.0006408691
-0.0114135742
-0.0038299561
0.0019531250
0.0021209717
0.0020599365
0.0092163086
0.0001220703
0.0038757324
0.0119171143
0.0005798340
-0.0017089844
0.0002136230
0.0085296631
0.0038604736
0.0024261475
-0.0016784668
0.0007019043
-0.0095825195
-0.0018463135
0.0040435791
0.0052795410
-0.0065307617
-0.0013275146
0.0031890869
-0.0068511963
0.0051727295
0.0094146729
0.0139312744
0.0040588379
0.0040435791
0.0046691895
0.0058135986
-0.0021667480
-0.0058441162
0.0111236572
-0.0136718750
-0.3022918701
-0.1509399414
-0.2626647949
0.0771026611
-0.1559295654
-0.3160400391
0.2685394287
0.2667541504
0.3097534180
-0.3249664307
-0.1112213135
-0.3284454346
0.1478729248
0.3101806641
-0.0303344727
-0.0508270264
-0.0175781250
0.0117187500
0.0225372314
-0.0097961426
0.0005340576
0.0077819824
0.0014495850
0.0001068115
0.0141448975
0.0033264160
0.0043334961
-0.0030975342
-0.0022583008
0.0009002686
0.0161895752
-0.0008544922
-0.0103759766
-0.0161437988
0.0121002197
-0.0059356689
0.0169830322
0.0091094971
-0.0155181885
-0.0182189941
-0.0097961426
-0.0065765381
0.0045776367
0.0125885010
-0.0134277344
0.0196228027
0.0144042969
0.0254669189
0.0065612793
0.0113677979
-0.0079498291
0.0248413086
0.0084381104
-0.0069427490
0.0133361816
0.0068664551
-0.0040283203
-0.0164031982
-0.0143890381
-0.0078430176
-0.0080718994
0.0085144043
0.0102691650
0.0064697266
-0.0020751953
0.0022277832
-0.0009460449
0.0009002686
-0.0014343262
0.0021362305
-0.0024719238
0.0008239746
-0.0005187988
-0.0004425049
0.0014495850
-0.0004882812
0.0035858154
-0.0003662109
-0.0024719238
0.0001525879
-0.0070037842
0.0085449219
0.0050506592
-0.0077362061
-0.0024719238
0.0055084229
0.0041961670
0.0103302002
0.0013885498
-0.0048980713
0.0081787109
-0.0092773438
-0.0039825439
-0.0013427734
-0.0090484619
0.0073089600
