-0.0022277832
0.0003662109
-0.0001220703
-0.0025939941
0.0084228516
-0.0089721680
-0.0023956299
0.0019073486
-0.0045013428
-0.0010070801
-0.0031890869
0.0010070801
-0.0022583008
-0.0018920898
0.0048828125
0.0007019043
-0.0018920898
0.0014495850
-0.0016937256
-0.0006408691
0.0014190674
0.0014343262
-0.0002899170
0.0014190674
0.0012207031
0.0012054443
0.0017089844
-0.0011749268
0.0010681152
-0.0004730225
0.0001831055
-0.0003356934
-0.0053710938
-0.0026092529
0.0011444092
0.0004425049
0.0036926270
0.0002899170
0.0025329590
-0.0006408691
0.0021820068
-0.0000610352
0.0020904541
-0.0030059814
0.0083312988
-0.0061035156
0.0021057129
0.0019989014
0.0069732666
-0.0073394775
-0.0042419434
-0.0028076172
0.0105285645
-0.0051879883
0.0000152588
0.0048980713
-0.0063476562
-0.0023345947
0.0020751953
-0.0017395020
-0.0043640137
-0.0048828125
0.0017547607
-0.0042877197
0.0146942139
0.0164184570
0.0123901367
0.0040283203
0.0080413818
0.0113525391
-0.0077056885
-0.0001068115
-0.0068969727
0.0164031982
0.0018463135
0.0233154297
-0.0103759766
-0.0107421875
0.0080718994
0.0020446777
0.0010223389
0.0042572021
0.0032501221
0.0029144287
0.0119781494
-0.0028381348
0.0082702637
-0.0074005127
-0.0062408447
0.0080871582
-0.0094146729
0.0037536621
0.0057525635
0.0060272217
-0.0080718994
-0.0025024414
-0.0009460449
0.0125885010
-0.0022583008
0.0050811768
-0.0096435547
-0.0087280273
0.0064392090
0.0107269287
-0.0003509521
0.0347747803
-0.0070495605
0.0050811768
0.0030822754
-0.0025787354
0.0044097900
-0.0011596680
0.0200500488
0.0298767090
-0.0148773193
0.0161132812
0.0347595215
-0.0094909668
0.0287322998
0.0222778320
0.0107269287
-0.0318908691
0.0197296143
-0.0101928711
-0.0066070557
0.0159606934
0.0406799316
0.0065765381
0.0000000000
0.0028686523
-0.0026397705
-0.0065765381
0.0000610352
-0.0063018799
-0.0027923584
-0.0013275146
0.0013427734
-0.0145874023
0.0007324219
0.0000000000
-0.0007019043
-0.0051574707
-0.0101928711
0.0014190674
0.2327423096
0.0090637207
-0.2716522217
0.3024444580
-0.0835723877
-0.2723999023
-0.3008422852
-0.2683868408
-0.2795257568
0.3196411133
-0.1156158447
0.2912445068
0.3161621094
0.0431976318
0.0454101562
-0.2904052734
