-0.0082550049
0.0054473877
-0.0248107910
-0.0145416260
-0.0349731445
0.0143890381
-0.0096435547
0.0021362305
-0.0172271729
-0.0101623535
0.0029754639
0.0101776123
-0.0042419434
-0.0233306885
0.0200195312
-0.0010375977
-0.3282928467
0.3254241943
0.1194915771
-0.3421173096
0.0250396729
0.2722167969
-0.0086364746
0.3349151611
0.3613586426
0.0996551514
0.0756683350
0.0406341553
0.1972808838
-0.3564758301
-0.0589904785
-0.0087738037
0.0134887695
-0.0138702393
-0.0082092285
-0.0004425049
-0.0160675049
0.0063018799
-0.0027770996
-0.0014801025
0.0185394287
0.0137176514
0.0052032471
-0.0064392090
-0.0036010742
0.0022583008
-0.0189514160
-0.0105438232
0.0065307617
0.0035705566
0.0128479004
-0.0182189941
0.0092620850
0.0030975342
-0.0047454834
0.0024414062
-0.0043945312
-0.0068511963
0.0027465820
0.0086517334
0.0110931396
0.0014495850
-0.0026092529
-0.0034332275
-0.0194244385
-0.0108184814
-0.0207519531
0.0006561279
-0.0399780273
-0.0106201172
0.0083007812
0.0016632080
0.0265350342
-0.0358123779
-0.0195770264
-0.0327148438
0.0354919434
-0.0130462646
-0.0038299561
0.0216369629
0.0074157715
0.0055999756
0.0066680908
-0.0024871826
0.0072631836
-0.0057220459
0.0118865967
-0.0070648193
-0.0000305176
0.0133819580
-0.0024719238
0.0001373291
-0.0125427246
0.0050811768
0.0015563965
-0.0091247559
0.0090179443
0.0033569336
0.0098571777
0.0003509521
-0.0032043457
-0.0014190674
0.0007934570
0.0016326904
0.0045318604
0.0015563965
-0.0003204346
-0.0089111328
-0.0025939941
-0.0032501221
-0.0105590820
0.0005187988
-0.0002136230
-0.0031433105
-0.0052185059
0.0142059326
-0.0148162842
0.0133361816
-0.0065155029
-0.0053405762
-0.0174255371
0.0038452148
-0.0144653320
-0.0065307617
-0.0037536621
0.0005645752
0.0129699707
-0.0049591064
-0.0066070557
0.0042114258
0.0074920654
-0.0063018799
-0.0051879883
0.0060882568
-0.0054931641
0.0079345703
-0.0028991699
-0.0037841797
0.0112457275
0.0100555420
0.0042724609
-0.0058898926
0.0007629395
0.0052795410
-0.0148315430
-0.0069732666
-0.0011596680
-0.0043029785
-0.0033721924
-0.0065917969
0.0022430420
-0.0018005371
-0.0004882812
0.0011291504
0.0031890869
0.0057525635
-0.0023040771
-0.0005950928
0.0001525879
-0.0030822754
