-0.0086822510
0.0015869141
-0.0116577148
-0.0265808105
-0.0003356934
-0.0140380859
-0.0160980225
-0.0176544189
0.0204467773
-0.0233154297
0.0065612793
0.0005340576
-0.0065765381
0.0013580322
0.0128631592
-0.0032501221
0.0319213867
-0.0120544434
-0.0446472168
0.0358123779
-0.0220794678
-0.0292053223
-0.0086517334
-0.0328674316
-0.0378570557
0.0050048828
-0.0415954590
-0.0197906494
0.0193939209
0.0349578857
-0.0163421631
0.0137786865
-0.3507537842
-0.1563415527
-0.3106231689
0.0101165771
-0.0399627686
-0.3085479736
0.3224487305
-0.0718536377
-0.3269653320
-0.3090209961
-0.2326660156
-0.2121276855
0.0596466064
-0.1014862061
0.1300506592
0.3462524414
0.0203247070
-0.0112762451
-0.0210571289
0.0002593994
-0.0038757324
0.0006408691
0.0108184814
-0.0137634277
0.0118103027
0.0092315674
0.0007171631
0.0207824707
0.0010986328
0.0041809082
0.0180053711
-0.0096130371
-0.0138549805
0.0179595947
-0.0062866211
0.0228271484
-0.0170135498
-0.0136871338
0.0103607178
0.0074768066
0.0036315918
-0.0061798096
-0.0084991455
-0.0124511719
-0.0076599121
0.0193481445
0.0010681152
0.0095977783
0.0035552979
0.0160217285
-0.0124053955
-0.0110931396
0.0076751709
-0.0009765625
0.0083618164
-0.0106201172
-0.0001983643
0.0173339844
-0.0094909668
0.0143737793
-0.0112609863
-0.0124359131
-0.0040588379
-0.0125579834
0.0039978027
-0.0042724609
0.0101318359
0.0026550293
-0.0058593750
0.0119934082
-0.0006408691
0.0112762451
0.0177764893
-0.0150299072
-0.0073089600
-0.0100250244
0.0116271973
-0.0029449463
0.0030517578
-0.0020294189
0.0222930908
0.0432434082
-0.0312042236
-0.0144348145
0.0274963379
-0.0248565674
0.0407257080
0.0098266602
0.0057373047
-0.0211639404
0.0296325684
-0.0329742432
0.0065307617
0.0485992432
0.0549774170
0.0208892822
-0.0154571533
-0.0093078613
-0.0182495117
-0.0227050781
0.0006408691
0.0168304443
0.0023193359
0.0160522461
-0.0043640137
0.0047760010
0.0074615479
0.0231933594
-0.0207366943
-0.0038299561
0.0129547119
-0.0023803711
-0.0238342285
0.0019531250
0.0061950684
-0.0114593506
0.0095977783
-0.0082855225
0.0129547119
-0.0028381348
-0.0067749023
-0.0027618408
0.0241851807
0.0070037842
-0.0014801025
0.0290069580
-0.0229034424
-0.0091400146
