0.0021820068
0.0036315918
0.0010986328
-0.0060424805
0.0066528320
0.0059967041
-0.0097656250
0.0056610107
0.0026855469
-0.0054321289
-0.0005798340
0.0074615479
-0.0037536621
0.0028381348
-0.0083923340
-0.0016021729
-0.0055694580
0.0195312500
-0.0136718750
0.0028991699
-0.0112915039
0.0074615479
-0.0011901855
-0.0011596680
-0.0060424805
0.0126037598
0.0008544922
0.0173797607
0.0122833252
0.0036163330
0.0166015625
-0.0127258301
-0.0054626465
0.0058441162
0.0070190430
0.0186004639
0.0075378418
0.0046386719
0.0121765137
-0.0055999756
0.0127258301
0.0007476807
0.0010528564
-0.0101318359
0.0093078613
0.0079803467
0.0136260986
0.0126953125
-0.0081634521
-0.0015869141
-0.0039215088
-0.0003204346
0.0056610107
0.0094757080
-0.0079193115
0.0024108887
-0.0015411377
-0.0000305176
-0.0025939941
0.0018310547
0.0103759766
0.0059356689
0.0093078613
0.0035552979
-0.0014038086
-0.0007171631
-0.0027618408
0.0048370361
-0.0028991699
-0.0021972656
-0.0009765625
-0.0031127930
-0.0030059814
-0.0010070801
0.0080871582
-0.0042877197
0.0013275146
0.0038146973
0.0017852783
0.0036163330
0.0041809082
0.0029296875
0.0003204346
-0.0008087158
0.0110931396
-0.0059967041
0.0039672852
-0.0063018799
0.0032043457
-0.0012054443
0.0082855225
0.0092773438
0.0018310547
-0.0035095215
-0.0074462891
-0.0047454834
0.0106658936
-0.0049438477
-0.0067443848
-0.0067901611
-0.0018920898
0.0023498535
-0.0004425049
0.0010681152
-0.0167083740
0.0088500977
0.0036163330
-0.0007171631
0.0065765381
0.0014953613
-0.0082855225
0.0011444092
-0.1709747314
-0.2541503906
0.1972656250
-0.0849456787
-0.3107757568
0.2240600586
-0.2451934814
-0.2677917480
0.0165710449
0.2730255127
-0.1442108154
0.1554870605
0.2094421387
-0.1968383789
-0.2219848633
-0.2332000732
-0.0025177002
0.0002746582
0.0032348633
-0.0030517578
-0.0037384033
-0.0018463135
-0.0019073486
0.0027313232
-0.0061340332
0.0086669922
-0.0007019043
0.0035095215
0.0001831055
-0.0044250488
0.0026397705
0.0037078857
-0.0245819092
0.0070953369
0.0272064209
-0.0055541992
0.0034637451
-0.0030059814
-0.0078735352
0.0123748779
-0.0241088867
0.0213623047
-0.0044860840
-0.0027160645
0.0207519531
-0.0111694336
0.0097503662
0.0152740479
