-0.0000152588
0.0010681152
-0.0038146973
-0.0041198730
-0.0035247803
0.0024871826
-0.0039520264
-0.0040130615
-0.0067138672
-0.0033874512
-0.0010986328
0.0005493164
-0.0016174316
-0.0019073486
0.0032958984
0.0011749268
-0.0004882812
-0.0007019043
0.0008850098
-0.0005493164
0.0004882812
0.0001373291
0.0000915527
0.0008392334
0.0012512207
0.0024414062
0.0032196045
-0.0021820068
0.0009155273
-0.0004272461
-0.0021362305
-0.0004272461
-0.0052642822
-0.0078887939
0.0022125244
-0.0005340576
0.0023956299
-0.0045166016
0.0089416504
0.0003051758
0.0023193359
-0.0005645752
-0.0039367676
-0.0008392334
0.0004577637
-0.0107879639
0.0039978027
0.0025634766
0.0003967285
-0.0073394775
-0.0058593750
0.0103759766
0.0088958740
-0.0001220703
0.0086517334
0.0099792480
-0.0028839111
0.0037689209
-0.0045776367
0.0059814453
0.0042266846
0.0036163330
0.0039215088
0.0035400391
0.0003204346
0.0033569336
-0.0021057129
0.0011291504
0.0035705566
-0.0013580322
-0.0019683838
0.0028076172
0.0056762695
-0.0054016113
-0.0006256104
0.0051574707
0.0033874512
-0.0052642822
-0.0039978027
0.0020141602
0.0027008057
0.0030822754
-0.0062255859
0.0010375977
0.0036010742
0.0005187988
0.0037384033
-0.0082550049
0.0004730225
0.0010528564
0.0010070801
-0.0023498535
0.0037231445
-0.0016937256
0.0018920898
0.0013580322
0.0010986328
0.0109405518
0.0061035156
0.0093841553
-0.0045471191
-0.0048065186
-0.0001678467
0.0092163086
0.0070800781
0.0141143799
-0.0087280273
0.0131072998
0.0005035400
-0.0044708252
0.0011291504
0.0005493164
-0.0065307617
0.0011138916
-0.0072631836
-0.0139465332
0.0037841797
-0.0001831055
0.0094451904
-0.0103912354
-0.0024719238
0.0082855225
0.0026092529
0.0069427490
0.0074615479
0.0039215088
0.0051727295
0.0019683838
0.0101318359
-0.0098114014
-0.0063476562
-0.0265655518
0.0076293945
-0.0078735352
0.0054779053
-0.0123748779
0.0112457275
-0.0018157959
-0.0143127441
-0.0093383789
0.0061492920
0.0113830566
-0.0033721924
-0.0131683350
0.2266540527
-0.0614166260
-0.2330932617
0.3263854980
-0.0175476074
-0.2764434814
-0.2920227051
-0.2388000488
-0.2345428467
0.2772369385
-0.2130584717
0.2812500000
0.3133544922
-0.0071105957
0.0542907715
-0.3030548096
