-0.0048522949
-0.0055999756
0.0033111572
-0.0023040771
0.0087585449
0.0032806396
-0.0039672852
-0.0033721924
-0.0065765381
-0.0021209717
-0.0010223389
0.0052490234
0.0000610352
-0.0018768311
-0.0005187988
0.0059356689
-0.0058593750
0.0078125000
-0.0024414062
-0.0042877197
0.0060729980
0.0052032471
-0.0113983154
0.0048065186
0.0033111572
-0.0061950684
-0.0040588379
-0.0059509277
-0.0015563965
-0.0030822754
0.0057830811
-0.0001220703
-0.0023040771
-0.0027923584
-0.0041809082
0.0044860840
-0.0017242432
-0.0048980713
-0.0025634766
0.0088653564
-0.0002593994
0.0021362305
-0.0075073242
0.0227661133
-0.0053558350
-0.0355377197
0.0145416260
0.0105438232
-0.0027160645
0.0009460449
-0.0039825439
-0.0037841797
0.0000915527
0.0016479492
0.0081024170
-0.0000762939
0.0011596680
-0.0055999756
-0.0043945312
-0.0053863525
-0.0039672852
0.0003967285
0.0006561279
-0.0007171631
0.0067596436
-0.0049285889
-0.0022125244
-0.0045013428
-0.0004119873
0.0071105957
0.0020904541
0.0022125244
-0.0032806396
0.0068206787
-0.0058288574
-0.0007324219
-0.0011138916
-0.0079193115
0.0075378418
0.0029907227
0.0196685791
0.0057525635
0.0497741699
-0.0231323242
-0.0028076172
-0.0036773682
-0.0116119385
-0.0205383301
0.0006713867
0.0405120850
-0.0007019043
0.0068664551
-0.0271606445
0.0237121582
-0.0182037354
-0.0076141357
0.0120544434
0.0039825439
-0.0015563965
-0.0011444092
-0.0006103516
-0.0039062500
-0.0043334961
-0.0028228760
0.0055694580
-0.0038299561
0.0180969238
-0.0217590332
0.0128936768
0.0059356689
-0.0013885498
-0.0009613037
-0.0103607178
-0.0106353760
0.0345001221
0.0013885498
0.0102539062
0.0159606934
-0.0046691895
-0.0177764893
-0.0075683594
0.0207977295
0.0298004150
0.0114135742
0.0236816406
-0.0046844482
-0.0353393555
-0.0093536377
-0.3189239502
0.3076934814
0.0393218994
-0.0314025879
-0.3939514160
-0.0043792725
0.1022949219
0.2790374756
-0.3530426025
0.0187835693
-0.1300201416
0.2388305664
-0.0873870850
-0.1736602783
-0.0162506104
0.2986602783
-0.0765686035
0.0497436523
-0.0470275879
0.0295410156
-0.0319824219
-0.1089935303
0.0000915527
-0.0996551514
-0.0818023682
0.0601501465
-0.0045318604
0.1215209961
0.0554046631
0.0475311279
-0.0142974854
-0.1151733398
