0.0016784668
0.0052032471
-0.0050506592
0.0006866455
0.0043029785
0.0014495850
0.0032043457
0.0021820068
-0.0014190674
0.0034027100
-0.0040588379
-0.0008544922
0.0007934570
0.0003356934
0.0055999756
-0.0021514893
-0.0001983643
0.0009307861
0.0010070801
0.0003509521
-0.0013580322
-0.0003967285
0.0080871582
-0.0016937256
0.0004425049
0.0028228760
0.0130462646
-0.0018310547
0.0003204346
-0.0005340576
-0.0184173584
0.0064392090
0.0066223145
-0.0012207031
0.0162200928
0.0164947510
0.0125122070
-0.0005187988
-0.0111846924
-0.0061950684
-0.0068817139
-0.0044555664
0.0062713623
0.0055847168
0.0039215088
-0.0121307373
0.0021667480
-0.0072784424
-0.0006561279
0.0008697510
-0.0060272217
-0.0006713867
-0.0055999756
-0.0005340576
0.0032653809
-0.0020751953
0.0001220703
-0.0019836426
-0.0022888184
0.0020904541
-0.0040283203
-0.0009765625
-0.0024261475
-0.0046844482
0.0011596680
-0.0003356934
0.0016174316
0.0016937256
0.0004730225
0.0009918213
0.0002593994
0.0005187988
0.0007171631
0.0007476807
-0.0016174316
0.0010375977
-0.0034790039
0.0002746582
0.0032348633
0.0020904541
-0.0062561035
0.0065917969
0.0065460205
-0.0125885010
0.0202026367
0.0061950684
-0.0023040771
0.0094604492
-0.0000152588
0.0065307617
-0.0093994141
-0.0016784668
-0.0049285889
-0.0039215088
-0.0020751953
-0.0069274902
-0.0280303955
0.3086090088
0.0732116699
0.2620239258
-0.3044433594
-0.1925354004
0.3530426025
0.3244781494
-0.0329895020
0.2035217285
-0.2948455811
0.0969238281
0.0645904541
-0.3187713623
-0.0641784668
-0.3458557129
-0.0117492676
-0.0048828125
-0.0195007324
0.0084533691
0.0012054443
0.0057983398
0.0066528320
-0.0011901855
0.0096130371
0.0016784668
-0.0151824951
0.0019073486
-0.0142517090
0.0023345947
0.0069427490
-0.0027770996
0.0002593994
-0.0006713867
0.0000915527
0.0055389404
0.0025024414
0.0057983398
-0.0152740479
-0.0012664795
-0.0013580322
0.0004882812
0.0028991699
-0.0032653809
0.0037231445
-0.0116119385
0.0060577393
0.0016326904
-0.0041656494
0.0147247314
-0.0074615479
0.0118408203
0.0021362305
-0.0231018066
-0.0119628906
-0.0126190186
-0.0234222412
0.0226745605
0.0034027100
0.0209350586
0.0218200684
0.0253143311
-0.0065307617
-0.0204925537
