-0.0020141602
0.0016174316
-0.0016632080
-0.0013732910
0.0028686523
0.0023803711
-0.0035552979
-0.0008697510
-0.0036468506
-0.0074615479
-0.0010223389
0.0077362061
0.0007019043
0.0001831055
-0.0039672852
-0.0039215088
-0.0068664551
0.0098571777
-0.0087127686
-0.0027618408
0.0065307617
0.0053253174
-0.0066833496
0.0041961670
0.0043792725
0.0057678223
-0.0014495850
0.0001983643
0.0126342773
-0.0020141602
0.0088500977
-0.0134887695
-0.0113220215
-0.0107269287
-0.0068817139
-0.0117950439
0.0093841553
-0.0081939697
0.0033721924
0.0055847168
-0.0006561279
-0.0032501221
-0.0092773438
0.0039215088
0.0000762939
-0.0204925537
0.0012054443
0.0050048828
-0.0023193359
-0.0062255859
-0.0096282959
-0.0005645752
0.0068054199
-0.0015106201
0.0068359375
0.0065917969
-0.0036468506
0.0025024414
0.0000610352
-0.0016174316
0.0005798340
-0.0010528564
-0.0013580322
-0.0014343262
0.0167541504
0.0184326172
0.0127716064
-0.0147399902
-0.0054016113
0.0191497803
-0.0040588379
0.0017242432
-0.0095062256
0.0222015381
-0.0101013184
0.0209045410
-0.0171508789
-0.0164794922
0.0133209229
0.0085754395
0.0072326660
0.0052490234
-0.0110778809
0.0010223389
0.0096130371
-0.0013122559
0.0096893311
-0.0036163330
-0.0021209717
0.0000610352
-0.0101623535
0.0060882568
-0.0017242432
-0.0012969971
0.0009765625
-0.0054321289
-0.0002288818
0.0008544922
-0.0001068115
0.0007629395
-0.0059967041
0.0023803711
0.0018463135
0.0059204102
0.0023651123
0.0170288086
-0.0070953369
0.0006256104
0.0041961670
0.0005187988
-0.0026092529
0.0074310303
0.0233001709
0.0256805420
-0.0086822510
0.0276336670
0.0202941895
0.0033264160
0.0200347900
0.0263977051
0.0233764648
-0.0466613770
0.0159606934
-0.0142517090
-0.0152435303
0.0098266602
0.0403289795
0.0185852051
0.0011749268
-0.0020599365
-0.0022430420
-0.0093536377
0.0031890869
0.0050659180
-0.0044097900
-0.0008697510
-0.0017395020
-0.0098114014
-0.0055847168
0.0017089844
0.0011749268
-0.0038299561
-0.0103302002
-0.0003051758
0.1932220459
-0.0210723877
-0.2958984375
0.2606811523
-0.1216735840
-0.3063049316
-0.2487487793
-0.3158264160
-0.2931671143
0.2817840576
-0.0861968994
0.3224945068
0.2756958008
0.0471038818
0.0022430420
-0.3146972656
