0.0028076172
0.0101928711
-0.0097045898
0.0011444092
-0.0069427490
0.0059661865
-0.0033111572
0.0028533936
-0.0014495850
-0.0002136230
-0.0074920654
0.0048370361
0.0036315918
0.0102539062
0.0005035400
-0.0140686035
-0.0019226074
0.0129699707
-0.0100555420
0.0016632080
0.0143585205
0.0015106201
-0.0079345703
-0.0008392334
0.0005645752
-0.0111999512
-0.0157928467
-0.0076141357
0.0134124756
0.0000000000
-0.0104675293
-0.0001068115
-0.3451538086
-0.1934356689
-0.2916717529
0.0312500000
-0.0538330078
-0.3142089844
0.3337097168
-0.0365753174
-0.4084167480
-0.2937622070
-0.2194976807
-0.1344451904
-0.0269927979
-0.1047058105
0.2188720703
0.3050994873
0.0004425049
-0.0086212158
-0.0124816895
0.0091552734
-0.0170593262
0.0153656006
0.0107574463
-0.0125274658
0.0169677734
0.0252380371
0.0154571533
0.0195312500
0.0142517090
-0.0007781982
0.0145568848
-0.0138092041
0.0027770996
0.0046386719
0.0075073242
0.0003509521
0.0001831055
0.0018310547
-0.0039672852
-0.0023803711
-0.0027008057
0.0036163330
0.0057067871
0.0045318604
0.0005645752
0.0011901855
0.0009460449
-0.0012969971
0.0039062500
0.0015563965
-0.0016174316
-0.0101470947
-0.0049591064
-0.0024414062
0.0112609863
-0.0012817383
-0.0069580078
0.0007324219
-0.0044555664
-0.0077514648
-0.0123901367
-0.0169219971
-0.0064697266
-0.0137023926
-0.0036773682
-0.0182189941
0.0193481445
-0.0094909668
0.0093994141
0.0127410889
-0.0164642334
-0.0195007324
0.0028076172
-0.0086517334
0.0176849365
0.0212554932
0.0058746338
0.0204467773
-0.0028839111
0.0205078125
-0.0067291260
-0.0035095215
0.0061645508
-0.0008697510
-0.0081024170
0.0078125000
-0.0071716309
0.0007019043
0.0061950684
-0.0054779053
-0.0030059814
0.0068206787
0.0075683594
-0.0085449219
-0.0034637451
0.0024566650
0.0089569092
-0.0154266357
-0.0007019043
-0.0114898682
0.0221252441
0.0122833252
-0.0012359619
-0.0113983154
0.0233154297
-0.0037536621
0.0072326660
-0.0071258545
-0.0017242432
0.0233917236
0.0033569336
-0.0242309570
0.0019836426
-0.0036315918
0.0022277832
0.0034942627
0.0007171631
0.0010070801
-0.0021514893
-0.0005187988
-0.0016784668
0.0034484863
-0.0042572021
-0.0016632080
0.0046386719
-0.0047912598
0.0089569092
0.0016937256
