0.0124511719
0.0512542725
-0.0477294922
0.0045471191
0.0023803711
0.0172424316
0.0098571777
-0.0203399658
-0.0127563477
-0.0020141602
-0.0313873291
-0.0157012939
0.0181121826
0.0039215088
-0.0135040283
-0.0531768799
-0.0047607422
0.0017089844
0.0031280518
-0.0066680908
-0.0022125244
0.0032653809
-0.0037841797
0.0061950684
0.0078887939
-0.0050964355
0.0114898682
0.0009918213
-0.0049438477
-0.0070495605
-0.0007934570
-0.0005950928
-0.0003967285
-0.0012359619
-0.0035858154
0.0110168457
0.0084991455
0.0052337646
-0.0072479248
-0.0013122559
0.0095672607
-0.0009613037
0.0065155029
0.0036468506
0.0001220703
-0.0025634766
0.0036773682
-0.0004119873
0.0127258301
-0.0142974854
-0.0124664307
0.0237579346
0.0065765381
-0.0111083984
0.0082244873
-0.0059509277
0.0022125244
0.0195465088
0.0096893311
0.0099182129
0.0033569336
-0.0145416260
0.0011291504
-0.0057830811
-0.0035247803
-0.0009460449
-0.0009002686
0.0167541504
-0.0066070557
-0.0074005127
0.0037078857
0.0048828125
0.0008544922
-0.0057067871
-0.0007171631
-0.0053863525
0.0222167969
0.0053100586
-0.0049133301
-0.0059814453
-0.0602569580
-0.0759582520
0.0249481201
0.0380859375
0.0005187988
0.0664062500
-0.0757751465
0.0512390137
0.0776824951
-0.0569458008
0.0473327637
-0.0695648193
0.0713043213
0.0512695312
0.0308074951
0.0857849121
-0.0170135498
0.0177001953
0.0336303711
-0.0091857910
-0.0101165771
-0.0034637451
0.0186004639
0.0306091309
0.0002136230
0.0136108398
-0.0045013428
0.0217742920
0.0044860840
-0.0128479004
-0.0328979492
-0.0360107422
-0.0004425049
0.0012207031
0.0070495605
-0.0039367676
-0.0039825439
0.0068206787
-0.0033264160
-0.0095520020
-0.0103759766
0.0071868896
-0.0262451172
0.0018920898
-0.0021667480
-0.0011749268
-0.0058898926
-0.0034179688
-0.2872009277
0.2418823242
0.0949249268
-0.0133209229
-0.3131561279
-0.0023345947
-0.0500335693
0.3169250488
-0.3476867676
-0.0074615479
-0.0199432373
0.3059234619
0.0748291016
-0.2587127686
0.0240783691
0.2872619629
0.0102996826
0.0061187744
-0.0007934570
0.0011138916
0.0040740967
-0.0031585693
0.0049438477
-0.0068969727
-0.0002746582
-0.0058288574
-0.0109100342
0.0027313232
-0.0045928955
0.0042877197
-0.0018005371
-0.0006256104
