-0.00122070312
-0.00442504883
0.0108642578
0.0036315918
-0.0047454834
0.0177612305
-0.00453186035
0.0100860596
-0.00619506836
-0.0148468018
0.00979614258
0.0149078369
-0.00396728516
-0.0110626221
0.00213623047
0.00566101074
0.00715637207
0.000915527344
-0.0183258057
0.0147705078
0.009765625
-0.00590515137
0.000686645508
-0.0139465332
-0.0131072998
0.0153961182
-0.011932373
-0.00537109375
0.012878418
0.0156555176
-0.0059967041
0.0122070312
-1.52587891e-05
-0.00157165527
-0.00144958496
-0.00556945801
1.52587891e-05
0.000625610352
0.00122070312
0.00354003906
0.0025177002
0.0051574707
-0.00218200684
0.0046081543
-0.00230407715
-0.00494384766
0.000701904297
-0.00244140625
0.00636291504
-0.00950622559
-0.00991821289
0.0269622803
-0.00337219238
-0.0065612793
0.0022277832
0.00123596191
-0.00810241699
0.0101928711
0.000564575195
0.00918579102
-0.00308227539
-0.0109405518
0.00122070312
-0.00695800781
0.00386047363
-0.010269165
0.00479125977
-0.00718688965
-0.00694274902
0.00523376465
-0.00105285645
0.00149536133
0.00321960449
0.00276184082
0.00518798828
-0.00143432617
0.00938415527
0.00357055664
-0.00149536133
0.00149536133
-0.00234985352
0.00984191895
0.00436401367
-0.00494384766
0.00956726074
0.0087890625
0.0105133057
0.00640869141
0.00112915039
0.000503540039
-0.0117797852
-0.00721740723
0.00486755371
0.0162506104
-0.00296020508
0.00379943848
0.00932312012
0.00300598145
-0.0235137939
0.00256347656
0.00453186035
-0.0158691406
0.00596618652
0.00120544434
0.000579833984
0.00862121582
-0.00981140137
0.0130767822
-0.00863647461
-0.00889587402
0.00718688965
-0.00581359863
-0.261734009
-0.297744751
0.116271973
-0.183258057
-0.25567627
0.183822632
-0.28843689
-0.242874146
-0.0807647705
0.306808472
-0.14151001
0.330368042
0.165359497
-0.313446045
-0.190811157
-0.233551025
-0.00354003906
-0.00355529785
-0.0133666992
-0.0104675293
0.0026550293
-0.0165405273
0.00708007812
0.00314331055
0.00163269043
-0.0222320557
-0.0155487061
0.00715637207
0.00100708008
0.00164794922
0.00115966797
-0.00814819336
-0.0127105713
0.00183105469
0.00146484375
-0.0202636719
-0.00714111328
0.01612854
0.0125427246
0.012512207
0.0172576904
-0.0093536377
0.0107879639
-0.0136260986
-0.0204315186
0.0146179199
-0.00311279297
0.0141143799
