-0.2594604492
-0.3169555664
0.2166748047
-0.2784423828
0.3391723633
-0.2431640625
-0.2248535156
0.0129394531
0.2544555664
-0.2288208008
0.3144531250
0.0979003906
-0.2398071289
-0.2196655273
-0.0447387695
0.2803344727
0.0143432617
-0.0051879883
0.0112915039
0.0045776367
0.0184326172
0.0056762695
-0.0021362305
-0.0222778320
-0.0030517578
0.0157470703
0.0130004883
-0.0062866211
-0.0034179688
0.0111083984
-0.0121459961
-0.0002441406
-0.0248413086
-0.0333251953
0.0074462891
0.0020141602
-0.0072021484
-0.0305175781
0.0178222656
0.0114135742
-0.0459594727
0.0004882812
0.0170288086
-0.0108032227
0.0106811523
-0.0145263672
0.0266113281
0.0286865234
-0.0607910156
0.1082153320
0.1477050781
-0.0485229492
0.1299438477
-0.0673217773
-0.0217895508
0.0999145508
-0.0480346680
-0.0762939453
-0.1268310547
-0.0343627930
0.1400756836
0.1109619141
-0.0875854492
0.1602783203
0.0322875977
0.0031738281
0.0366210938
-0.0394897461
0.0060424805
0.0205078125
-0.0020751953
0.0190429688
-0.0413818359
0.0537109375
0.0327148438
0.0323486328
0.0114746094
-0.0244140625
0.0245971680
0.0170898438
-0.0238647461
0.0018920898
0.1287841797
0.0036010742
-0.0570068359
0.0892944336
-0.0549316406
0.0225219727
0.0611572266
0.0155639648
0.0206909180
-0.0258178711
-0.0446777344
0.1018066406
0.0542602539
0.0715332031
-0.0399169922
0.0128784180
-0.0289916992
0.0421752930
-0.0281982422
-0.0117187500
0.0353393555
0.0294799805
-0.0183715820
0.0419921875
-0.0015869141
0.0240478516
-0.0183105469
-0.0213012695
0.0331420898
-0.0125122070
-0.0598754883
-0.0534057617
0.0319824219
-0.0147705078
-0.0629882812
0.0572509766
-0.0739135742
-0.0268554688
0.0352783203
0.0669555664
-0.0131835938
0.0158081055
0.0314941406
-0.0531005859
-0.0294799805
-0.0216064453
0.0043334961
0.0009155273
0.0301513672
0.0218505859
-0.0064697266
0.0332641602
-0.0001220703
0.0193481445
-0.0006103516
-0.0051879883
0.0219116211
-0.0017700195
0.0132446289
0.0328979492
-0.0245971680
0.0079956055
0.0201416016
0.0335083008
-0.0415649414
0.0388183594
0.0328369141
-0.0552978516
-0.0187988281
-0.0592041016
-0.0472412109
0.0446166992
0.0055541992
0.0369262695
0.0703735352
-0.0511474609
-0.0086669922
-0.0214233398
