-0.2407836914
-0.3070678711
0.2318115234
-0.2775268555
0.2705078125
-0.2160034180
-0.2487792969
0.0844726562
0.1592407227
-0.2193603516
0.3050537109
0.1772460938
-0.2794189453
-0.2451782227
0.0087890625
0.3389282227
-0.0101928711
-0.0008544922
0.0215454102
0.0211791992
0.0123291016
0.0148315430
-0.0036010742
-0.0182495117
-0.0212402344
0.0014648438
0.0374755859
0.0180664062
-0.0009155273
0.0173339844
0.0080566406
-0.0007934570
-0.0915527344
-0.0534667969
-0.0396118164
0.0037841797
0.0020141602
-0.0568237305
0.0893554688
-0.0548706055
-0.0686645508
-0.0592651367
-0.0017089844
-0.0156860352
0.0549926758
0.0518798828
0.0887451172
0.0819702148
-0.0836181641
0.0526733398
0.1270751953
-0.0913696289
0.1326293945
-0.0839843750
-0.0559692383
0.1364746094
-0.0786743164
-0.0595703125
-0.0880737305
-0.0499877930
0.0832519531
0.0660400391
-0.0727539062
0.1414184570
0.0297241211
0.0590209961
0.0661010742
-0.0073242188
0.0718994141
0.0401000977
-0.0327758789
-0.0123901367
-0.0227661133
0.0321655273
0.0463256836
0.0229492188
-0.0053710938
-0.0288696289
0.0228271484
0.0722045898
-0.0512695312
-0.1386718750
0.0252075195
0.1411132812
-0.0472412109
0.1458129883
-0.0877685547
0.1175537109
0.1553955078
-0.1173095703
0.1344604492
-0.1128540039
0.1488647461
0.0920410156
0.1482543945
0.2335815430
0.0193481445
0.0206298828
0.0019531250
0.0487060547
-0.0735473633
0.0247192383
0.0356445312
0.0505981445
0.0072021484
-0.0153198242
-0.0268554688
0.0216064453
0.0288696289
-0.0254516602
-0.0457763672
0.0032958984
-0.0876464844
-0.1442871094
0.0350341797
-0.0352783203
-0.1591796875
0.1428833008
-0.1745605469
-0.1311035156
0.0225830078
0.1464843750
-0.0498046875
0.1597290039
0.0264282227
-0.1617431641
-0.0940551758
-0.0848999023
-0.0478515625
0.0269165039
0.0161132812
-0.0128173828
-0.0221557617
0.0182495117
-0.0536499023
0.0267333984
-0.0192871094
-0.0052490234
-0.0001831055
0.0143432617
0.0492553711
-0.0162963867
0.0057373047
0.0195312500
0.1193237305
0.0064697266
-0.0667724609
0.1964111328
-0.0473022461
-0.1196289062
-0.1559448242
-0.1485595703
-0.1558837891
0.1413574219
-0.0553588867
0.1338500977
0.1273193359
-0.0412597656
0.0157470703
-0.1305541992
