0.0023803711
-0.0065917969
0.0317382812
-0.0136718750
0.0114135742
0.0153198242
-0.0144653320
-0.0043945312
-0.0130004883
-0.0202026367
0.0233764648
-0.0190429688
-0.0076293945
-0.0065917969
0.0051269531
0.0123901367
0.0425415039
-0.0488891602
0.0002441406
0.0483398438
0.0046997070
-0.0239868164
0.0021972656
-0.0532836914
-0.0240478516
-0.0089721680
0.0032958984
-0.0203247070
-0.0064697266
0.0245971680
-0.0286865234
-0.0040893555
-0.3638305664
-0.2100219727
-0.3278808594
-0.0709228516
-0.0838623047
-0.3381347656
0.3233032227
0.0017700195
-0.3709716797
-0.2826538086
-0.1136474609
-0.1886596680
-0.0173339844
-0.0850219727
0.1925659180
0.2976684570
-0.0541381836
0.1212768555
0.1312255859
-0.0437622070
0.1086425781
-0.1072998047
-0.0707397461
0.1103515625
-0.1090087891
-0.0872802734
-0.1218872070
-0.0571899414
0.0951538086
0.1196899414
-0.1771240234
0.0991210938
-0.0073852539
-0.0062255859
0.0008544922
0.0125122070
-0.0062866211
0.0104370117
-0.0059204102
-0.0110473633
0.0115356445
-0.0020751953
0.0002441406
0.0050048828
-0.0239868164
-0.0167846680
-0.0104370117
-0.0121459961
-0.0459594727
-0.0474853516
0.0677490234
0.0183715820
-0.0276489258
0.0350952148
-0.0307006836
0.0747680664
0.1013183594
0.0053710938
0.0330810547
-0.0330810547
0.0748901367
0.0674438477
0.0465698242
0.0592651367
0.0184936523
0.0257568359
0.0019531250
0.0168457031
-0.0051879883
0.0065917969
0.0312500000
0.0077514648
0.0490112305
0.0401000977
0.0040283203
0.0173339844
0.0005493164
0.0245971680
-0.0390625000
0.0054321289
-0.0835571289
-0.0814208984
0.0222778320
-0.0494995117
-0.0803833008
0.0682373047
-0.0740356445
-0.0651855469
0.0075683594
0.1102294922
-0.0039062500
0.0913085938
0.0147094727
-0.0842895508
-0.0004882812
-0.0762939453
0.0018310547
0.0012207031
0.0193481445
-0.0073242188
0.0051269531
-0.0162963867
-0.0076293945
-0.0005493164
0.0033569336
0.0040893555
-0.0073242188
-0.0102539062
-0.0045166016
0.0152587891
0.0280151367
-0.0026245117
0.0604858398
-0.0035400391
-0.0317382812
0.0382690430
0.0155639648
-0.0106811523
-0.0361328125
-0.0385742188
-0.0087890625
0.0274047852
-0.0336914062
0.0377197266
0.0145874023
-0.0293579102
-0.0081787109
-0.0507202148
