-0.0083618164
-0.0057983398
0.0609130859
-0.0449218750
0.0126342773
0.0491943359
-0.1004028320
-0.0548706055
-0.0157470703
-0.0852661133
0.0162963867
0.0202026367
-0.0504760742
-0.0299682617
0.0198364258
-0.0032348633
0.0353393555
-0.0112304688
-0.0060424805
0.0356445312
0.0274047852
-0.0079956055
-0.0267333984
-0.0428466797
-0.0430908203
-0.0209350586
0.0413818359
-0.0060424805
0.0205688477
0.0260620117
0.0031127930
-0.0274658203
-0.0272216797
-0.0388793945
-0.0021972656
0.0408935547
-0.0020141602
-0.0169067383
0.0292968750
-0.0643310547
0.0000000000
-0.0307006836
-0.0059814453
-0.0504150391
0.0307006836
-0.0120849609
0.0431518555
0.0396728516
-0.0976562500
0.0822143555
0.1659545898
-0.1480102539
0.2267456055
-0.1192626953
-0.1591186523
0.1780395508
-0.1129760742
-0.0935668945
-0.1067504883
-0.1088867188
0.1702270508
0.1258544922
-0.1168212891
0.1878662109
-0.1222534180
0.0668945312
-0.1127319336
0.0523071289
0.0732421875
-0.1307373047
0.1265869141
0.1299438477
0.1085205078
-0.1178588867
0.0292358398
-0.0631713867
0.0178833008
0.0592651367
0.0211181641
0.0169067383
-0.0965576172
-0.2053222656
0.0835571289
0.1443481445
-0.1865844727
0.2694702148
-0.2211303711
0.1822509766
0.2938232422
-0.1831665039
0.1895141602
-0.1904907227
0.1635742188
0.2649536133
0.2805786133
0.3472900391
0.0241699219
0.0008544922
0.0307006836
-0.0170898438
-0.0200805664
0.0170898438
0.0031127930
0.0180053711
0.0199584961
0.0234985352
0.0148925781
0.0303955078
0.0341186523
0.0008544922
-0.0437622070
-0.0148925781
-0.1734619141
-0.2679443359
0.0615844727
-0.0695190430
-0.1927490234
0.0865478516
-0.2537231445
-0.1175537109
0.0656127930
0.2531738281
-0.0802612305
0.2685546875
0.0857543945
-0.2759399414
-0.0421752930
-0.1978149414
-0.0244750977
0.0142211914
0.0332641602
-0.0122680664
0.0020751953
0.0326538086
-0.0139160156
-0.0036621094
-0.0061645508
0.0285644531
-0.0144042969
-0.0135498047
0.0328369141
-0.0239868164
0.0056762695
0.0060424805
0.2017822266
-0.0295410156
-0.2315063477
0.2918701172
0.0108642578
-0.2805175781
-0.2430419922
-0.2462768555
-0.2951660156
0.3240356445
-0.0722656250
0.2901000977
0.2967529297
0.0708618164
-0.0046386719
-0.2753295898
