-0.1274414062
-0.0847167969
0.0781860352
-0.0606079102
0.0197143555
-0.0185546875
-0.0967407227
-0.0388793945
0.0216064453
-0.1021118164
0.0762939453
0.0684204102
-0.0412597656
-0.0259399414
0.0150756836
0.0632934570
0.0358886719
-0.0299682617
0.0263061523
0.0346069336
0.0000000000
0.0063476562
0.0118408203
-0.0029296875
-0.0270385742
-0.0328369141
0.0024414062
0.0029907227
0.0102539062
0.0207519531
-0.0194702148
-0.0110473633
-0.0848388672
-0.0481567383
-0.0546875000
0.0210571289
0.0335693359
-0.0944824219
0.0507812500
-0.0519409180
-0.0654907227
-0.0667114258
0.0084228516
-0.0468750000
0.0341796875
0.0357055664
-0.0103759766
0.0873413086
-0.1122436523
0.1606445312
0.2520751953
-0.2708129883
0.2075195312
-0.1745605469
-0.2174072266
0.1809082031
-0.1410522461
-0.1945190430
-0.2088623047
-0.1631469727
0.1531982422
0.1619873047
-0.2208251953
0.1463012695
-0.0604858398
0.0078735352
-0.0659790039
0.0382690430
-0.0034179688
-0.0729980469
0.0593872070
0.0526733398
0.1118774414
-0.0598144531
-0.0635375977
-0.0261230469
0.0485229492
0.0286254883
0.0270996094
0.0095825195
-0.1143188477
-0.1433715820
0.0084838867
0.1683349609
-0.1461791992
0.2216796875
-0.0966796875
0.1687011719
0.2330322266
-0.1390991211
0.1665649414
-0.0772705078
0.2662353516
0.1101684570
0.2016601562
0.2969360352
-0.0617675781
0.3014526367
-0.0160522461
0.2932128906
-0.2881469727
-0.1954345703
0.3356323242
0.3259887695
0.0144042969
0.1931762695
-0.3238525391
0.0576782227
0.1527709961
-0.3516235352
0.0205688477
-0.3406372070
0.0204467773
-0.0050048828
-0.0020141602
0.0158691406
-0.0020751953
0.0087280273
-0.0347290039
-0.0152587891
0.0062866211
0.0299682617
0.0079956055
0.0084838867
0.0125732422
-0.0349121094
0.0141601562
0.0015869141
-0.0144653320
0.0048828125
0.0213623047
0.0217285156
-0.0095825195
0.0049438477
-0.0487670898
0.0422363281
-0.0058593750
0.0350952148
0.0220947266
0.0525512695
0.0241699219
0.0027465820
0.0650024414
0.0153808594
0.0348510742
0.0311889648
-0.0144042969
0.0166625977
-0.0155639648
0.0194091797
0.0123291016
0.0064086914
0.0105590820
0.0088500977
-0.0679931641
-0.0206909180
-0.0015869141
-0.0795288086
0.0227050781
0.0361328125
