0.0239868164
-0.0007324219
0.0504760742
-0.0157470703
0.0220336914
0.0054931641
-0.0346069336
-0.0250854492
0.0070190430
-0.0370483398
0.0199584961
-0.0450439453
-0.0458984375
-0.0451660156
0.0178833008
-0.0056762695
0.0092163086
0.0057373047
-0.0048828125
0.0064697266
0.0057983398
0.0073242188
-0.0040283203
-0.0072631836
0.0056152344
0.0072021484
-0.0068359375
-0.0024414062
-0.0121459961
-0.0014648438
0.0029296875
0.0068359375
-0.0899658203
-0.0085449219
-0.0624389648
-0.0267333984
-0.0020141602
-0.0433959961
0.0917358398
-0.0239257812
-0.0878295898
-0.0717163086
-0.0353393555
-0.0276489258
-0.0176391602
-0.0639038086
0.0042724609
0.0881347656
-0.0687866211
0.1535034180
0.2566528320
-0.1780395508
0.1962890625
-0.2010498047
-0.1796875000
0.1191406250
-0.1846313477
-0.2088623047
-0.1414794922
-0.2367553711
0.2308349609
0.1545410156
-0.2080688477
0.1740722656
-0.1133422852
0.0801391602
-0.1198120117
-0.1270751953
0.0388793945
-0.0549926758
0.1161499023
0.1036987305
0.1313476562
-0.0591430664
0.0871582031
-0.0812988281
0.0145263672
0.0217895508
0.0189819336
-0.0054931641
-0.0386962891
-0.1222534180
0.0281982422
0.0878906250
-0.0889892578
0.1588134766
-0.1134033203
0.1350097656
0.2052001953
-0.0335693359
0.1376953125
-0.1702880859
0.0951538086
0.1730346680
0.2000732422
0.1124267578
0.0169067383
0.0166625977
0.0639038086
-0.0094604492
0.0017700195
-0.0307617188
-0.0047607422
-0.0103149414
0.0428466797
-0.0034179688
0.0216674805
-0.0162353516
0.0539550781
-0.0006103516
-0.0358276367
-0.0118408203
-0.2315063477
-0.2597656250
0.1896362305
-0.2663574219
-0.2924194336
0.2490844727
-0.2927856445
-0.2593994141
-0.0170288086
0.2891235352
0.0309448242
0.3041381836
0.2011718750
-0.2941284180
-0.2235717773
-0.1269531250
0.0141601562
-0.0103759766
-0.0070800781
-0.0076904297
0.0025634766
-0.0223999023
-0.0364379883
-0.0150756836
0.0184326172
-0.0151977539
-0.0024414062
-0.0218505859
0.0054931641
-0.0136108398
0.0205078125
0.0031738281
0.1052246094
0.0576782227
-0.0989379883
0.1473999023
-0.0043945312
-0.0964355469
-0.1057128906
-0.0828857422
-0.0596923828
0.1076660156
-0.1148071289
0.0817871094
0.1307983398
0.0143432617
-0.0349731445
-0.1615600586
