-0.0105590820
-0.0346069336
0.0674438477
-0.0330200195
0.0547485352
-0.0249633789
-0.0660400391
0.0227661133
0.0064086914
-0.0539550781
0.0320434570
-0.0258178711
-0.0434570312
-0.0129394531
-0.0142822266
0.0327148438
0.0191650391
-0.0206909180
0.0072021484
0.0135498047
0.0217285156
0.0067138672
-0.0122070312
0.0050048828
-0.0023803711
-0.0123291016
0.0417480469
0.0071411133
-0.0100708008
-0.0130004883
-0.0111694336
0.0216674805
-0.1346435547
-0.0638427734
-0.0750122070
0.0073852539
0.0454101562
-0.1043701172
0.0902099609
-0.1020507812
-0.0647583008
-0.0868530273
-0.0286254883
-0.0950927734
0.0814819336
-0.0016479492
0.0458374023
0.1397094727
-0.1053466797
0.1898803711
0.2421264648
-0.2785034180
0.2982177734
-0.1758422852
-0.1821289062
0.1785278320
-0.1342773438
-0.1549682617
-0.1673583984
-0.2114257812
0.2615356445
0.2332153320
-0.2376708984
0.2142944336
-0.0230102539
-0.0232543945
-0.0097656250
0.0072631836
-0.0216064453
-0.0112304688
-0.0223999023
0.0256958008
0.0090942383
-0.0307617188
0.0476684570
0.0061645508
0.0138549805
-0.0023193359
-0.0190429688
0.0273437500
-0.1436157227
-0.2084350586
0.0463256836
0.1880493164
-0.2574462891
0.2954101562
-0.1607055664
0.1972656250
0.3261718750
-0.0251464844
0.2144165039
-0.2467041016
0.2453613281
0.2348632812
0.2928466797
0.4107666016
0.0339965820
0.0015258789
-0.0038452148
0.0006713867
-0.0159912109
0.0074462891
-0.0057983398
0.0020751953
0.0087890625
-0.0177612305
0.0017700195
-0.0276489258
0.0249633789
0.0046386719
-0.0038452148
0.0001831055
-0.1407470703
-0.2208862305
0.1183471680
-0.1010742188
-0.2319946289
0.1636962891
-0.2211914062
-0.1880493164
-0.0015258789
0.2482910156
-0.0532226562
0.2083129883
0.1044311523
-0.2273559570
-0.1980590820
-0.0900878906
0.0010986328
-0.0109252930
-0.0147705078
0.0565185547
-0.0084228516
-0.0183105469
-0.0313110352
0.0136108398
-0.0230712891
0.0081176758
0.0317382812
0.0315551758
0.0217895508
-0.0508422852
-0.0027465820
0.0227661133
0.1314697266
0.0656127930
-0.1424560547
0.2311401367
-0.0824584961
-0.1417236328
-0.1531982422
-0.1709594727
-0.1658935547
0.1939086914
-0.0454711914
0.1734619141
0.1821899414
-0.0569458008
-0.0177612305
-0.1463012695
