-0.0170288086
0.0151977539
0.0615844727
-0.0604858398
-0.0145263672
0.0390014648
-0.0581665039
-0.0164184570
0.0260620117
-0.0587768555
0.0062255859
-0.0016479492
-0.0053100586
0.0172729492
0.0273437500
-0.0055541992
0.0306396484
-0.0229492188
0.0122070312
0.0411987305
0.0478515625
-0.0000610352
-0.0069580078
-0.0410156250
-0.0507202148
-0.0090332031
0.0048217773
0.0280151367
-0.0424804688
0.0496826172
-0.0057373047
-0.0434570312
-0.1820678711
-0.0921020508
-0.1183471680
0.0167846680
-0.0575561523
-0.1596679688
0.1638183594
0.0209350586
-0.1246337891
-0.1618041992
-0.1087036133
-0.1109008789
0.0398559570
-0.0699462891
0.0374145508
0.1837768555
-0.1802978516
0.1748046875
0.2708740234
-0.2388305664
0.2880859375
-0.2182617188
-0.1702270508
0.1163940430
-0.1766357422
-0.1746215820
-0.2268066406
-0.1281738281
0.1861572266
0.2100219727
-0.1946411133
0.1773071289
-0.0230712891
0.0120849609
-0.0068969727
-0.0246582031
-0.0095825195
-0.0036010742
0.0076904297
-0.0001831055
0.0121459961
-0.0214233398
0.0018310547
0.0037841797
0.0181274414
-0.0020751953
-0.0053100586
0.0086059570
-0.1251831055
-0.2897338867
-0.0160522461
0.2496948242
-0.1831665039
0.2667236328
-0.1601562500
0.2440795898
0.2832031250
-0.2787475586
0.2554931641
-0.1784667969
0.2938232422
0.1948242188
0.2667846680
0.3930053711
-0.0036010742
-0.0101928711
0.0104980469
-0.0151367188
-0.0124511719
-0.0086669922
-0.0206298828
0.0088500977
0.0006103516
-0.0166625977
0.0133056641
0.0086059570
0.0158081055
0.0043334961
-0.0078735352
-0.0180053711
-0.1026000977
-0.1648559570
0.0788574219
-0.0197753906
-0.1663818359
0.1157836914
-0.1870117188
-0.1128540039
0.0248413086
0.1979370117
-0.0324707031
0.1767578125
0.0101318359
-0.1752929688
-0.0911254883
-0.1450195312
0.0222167969
0.0241088867
-0.0146484375
0.0169067383
0.0040283203
-0.0142822266
-0.0287475586
-0.0060424805
-0.0075073242
0.0251464844
0.0272827148
0.0066528320
-0.0002441406
-0.0219726562
0.0207519531
0.0053100586
0.0632324219
0.0087280273
0.0034790039
0.0473632812
0.0166015625
0.0353393555
0.0028076172
-0.0143432617
-0.0105590820
0.0311889648
-0.0907592773
-0.0153808594
0.0277709961
0.0029296875
0.0303344727
0.0198974609
