0.0006713867
-0.0154418945
0.0994873047
-0.0758666992
0.0769653320
-0.0725708008
-0.0794677734
-0.0133056641
0.0396118164
-0.1372070312
0.0895996094
-0.0039672852
-0.0610961914
-0.0799560547
0.0322875977
0.0268554688
-0.0027465820
-0.0152587891
-0.0185546875
0.0024414062
0.0015869141
0.0061645508
0.0096435547
-0.0014038086
-0.0039672852
0.0038452148
0.0070190430
-0.0005493164
-0.0217895508
0.0138549805
0.0173950195
-0.0022583008
-0.0311889648
-0.0462036133
0.0203247070
-0.0331420898
-0.0606079102
-0.0483398438
-0.0067138672
-0.0140991211
-0.0747680664
-0.0534057617
-0.0747070312
0.0223388672
0.0164794922
-0.0497436523
-0.0496215820
0.0222778320
-0.0215454102
0.1069946289
0.1734619141
-0.0828247070
0.0904541016
-0.0803222656
-0.0391235352
0.1458129883
-0.0747070312
-0.1066894531
-0.0883178711
-0.0912475586
0.0927124023
0.1666870117
-0.1112060547
0.0836791992
0.0582275391
0.1032104492
0.0601806641
-0.0684814453
0.0638427734
0.0749511719
-0.0386962891
-0.0398559570
-0.0429687500
0.0666503906
-0.0076293945
0.0444946289
-0.0869140625
-0.0650634766
0.0448608398
0.0850219727
-0.0925903320
-0.1447753906
0.0335083008
0.1308593750
-0.0330810547
0.1849365234
-0.1118774414
0.1650390625
0.2004394531
-0.1040649414
0.1662597656
-0.0803222656
0.1710205078
0.0754394531
0.1855468750
0.2107543945
0.0346069336
0.0371093750
0.0456542969
-0.0136108398
-0.0140380859
-0.0015869141
0.0005493164
0.0130004883
0.0253295898
-0.0103759766
0.0016479492
0.0058593750
0.0230712891
-0.0097656250
-0.0504760742
-0.0059204102
-0.2517700195
-0.2968750000
0.1887817383
-0.1118164062
-0.2579345703
0.2644653320
-0.2839355469
-0.2651977539
0.0979003906
0.2875976562
-0.1386718750
0.3010864258
0.1427001953
-0.2978515625
-0.2525634766
-0.2065429688
0.0104980469
0.0380859375
-0.0053100586
0.0427856445
-0.0409545898
0.0011596680
0.0018310547
0.0064697266
0.0238037109
0.0299682617
0.0226440430
-0.0118408203
0.0075683594
-0.0067138672
-0.0040283203
0.0457153320
0.0926513672
0.1287231445
-0.1193847656
0.1964111328
-0.0644531250
-0.2138061523
-0.0668334961
-0.2555541992
-0.1626586914
0.1293945312
-0.0245971680
0.1824340820
0.1981811523
-0.0028686523
-0.0285644531
-0.1965942383
