-0.2537231445
-0.3029785156
0.2510375977
-0.2539062500
0.2939453125
-0.2058105469
-0.2314453125
0.1064453125
0.1876220703
-0.2631225586
0.2975463867
0.1658325195
-0.2730712891
-0.2644042969
-0.0365600586
0.3088989258
0.0070190430
0.0057373047
0.0302734375
0.0202026367
0.0437011719
0.0260009766
-0.0155029297
-0.0205078125
-0.0206298828
0.0049438477
-0.0205688477
0.0421142578
0.0033569336
0.0079345703
0.0448608398
-0.0517578125
-0.0908203125
-0.0439453125
-0.0532836914
-0.0015258789
0.0239868164
-0.0624389648
0.1005249023
-0.0382690430
-0.0270385742
-0.0079956055
-0.0374755859
-0.0286865234
0.0574340820
0.0301513672
0.0743408203
0.0422363281
-0.1084594727
0.1199340820
0.2052612305
-0.2305297852
0.1575927734
-0.1201171875
-0.0838012695
0.1486206055
-0.1436767578
-0.1284790039
-0.1324462891
-0.1403198242
0.1664428711
0.1294555664
-0.1069335938
0.1727294922
0.0198364258
0.0042724609
0.0361328125
0.0147705078
0.0314941406
0.0248413086
0.0011596680
-0.0104980469
0.0073242188
0.0111083984
0.0178222656
-0.0152587891
-0.0037231445
0.0039672852
0.0121459961
0.0123291016
-0.0348510742
-0.0444946289
0.0790405273
0.0227661133
-0.0263061523
0.0640258789
-0.0283813477
0.0551147461
0.0514526367
-0.0179443359
0.0427246094
-0.0584106445
0.0410766602
0.0508422852
0.0791015625
0.0852661133
0.0258178711
0.0101318359
-0.0104980469
0.0380859375
-0.0646972656
0.0181274414
0.0468139648
0.0693359375
-0.0269775391
0.0332641602
-0.0236206055
0.0055541992
-0.0065307617
-0.0292968750
-0.0131835938
-0.0053100586
-0.1226196289
-0.1985473633
0.0479736328
-0.0107421875
-0.1502075195
0.1430664062
-0.2072143555
-0.1538696289
0.0130615234
0.1868286133
-0.0026855469
0.1684570312
0.0178222656
-0.2060546875
-0.1040649414
-0.0836181641
-0.0166625977
0.0153198242
0.0021972656
0.0088500977
-0.0001220703
0.0101928711
-0.0161132812
0.0081787109
-0.0094604492
0.0002441406
0.0076293945
0.0134277344
-0.0002441406
-0.0078125000
0.0021972656
0.0074462891
0.1109619141
-0.0477294922
-0.0629882812
0.1079711914
-0.0180053711
-0.0748901367
-0.1327514648
-0.1523437500
-0.1112060547
0.1692504883
-0.1067504883
0.1182250977
0.1525268555
-0.0142822266
-0.0014648438
-0.0639648438
