-0.1611328125
-0.1698608398
0.1550903320
-0.1357421875
0.1442260742
-0.1438598633
-0.1076660156
0.0496215820
0.1715087891
-0.1929931641
0.2416992188
0.1007080078
-0.1559448242
-0.1545410156
0.0093383789
0.1280517578
0.0064697266
-0.0007324219
0.0178833008
0.0118408203
0.0085449219
0.0051879883
-0.0029907227
-0.0039672852
-0.0151367188
-0.0170898438
0.0156250000
0.0004882812
-0.0203857422
0.0042724609
0.0000610352
-0.0012817383
-0.0965576172
-0.0331420898
-0.0664062500
0.0167236328
0.0280761719
-0.0737915039
0.0712890625
-0.0205078125
-0.0443115234
-0.0466308594
-0.0623168945
-0.0353393555
0.0241699219
-0.0692749023
0.0085449219
0.1024780273
-0.1580810547
0.1984252930
0.2944946289
-0.2841796875
0.2129516602
-0.1734008789
-0.1954956055
0.1982421875
-0.2122802734
-0.2365112305
-0.2271728516
-0.1743164062
0.2058715820
0.2020263672
-0.1975708008
0.1885986328
-0.0167236328
0.0230712891
-0.0045166016
-0.0078735352
0.0486450195
-0.0197143555
0.0198974609
0.0048217773
0.0247802734
-0.0159912109
0.0292968750
0.0086669922
-0.0275878906
0.0028076172
0.0173950195
0.0147094727
-0.0607910156
-0.1364746094
0.0509033203
0.1185302734
-0.1119995117
0.1457519531
-0.1458740234
0.1330566406
0.1596069336
-0.0862426758
0.1376953125
-0.1253662109
0.1472167969
0.1330566406
0.1436157227
0.1721801758
0.0946044922
0.0455322266
0.0791015625
0.0159301758
-0.0427856445
-0.0124511719
0.0411987305
0.0317993164
0.0178222656
0.0076293945
0.0039062500
0.0298461914
0.0595703125
-0.0584716797
-0.0725708008
-0.0785522461
-0.0227050781
-0.0822753906
0.0283813477
-0.0145874023
-0.0805053711
0.0472412109
-0.1039428711
-0.0432739258
-0.0102539062
0.0956420898
-0.0284423828
0.0737304688
0.0581665039
-0.0983886719
-0.0427246094
-0.0761108398
-0.3533325195
0.2766723633
0.0202026367
-0.0208129883
-0.3328857422
-0.0650024414
-0.0056152344
0.3208618164
-0.3695068359
-0.0353393555
-0.0504150391
0.3317260742
0.0653686523
-0.2354736328
0.0786132812
0.3115234375
0.1408081055
0.0100097656
-0.0180664062
0.0625610352
-0.0048217773
-0.0062255859
-0.0553588867
-0.0551757812
-0.0344848633
0.0162963867
-0.0659790039
0.0092163086
0.0437011719
-0.0325927734
0.0098266602
0.0219726562
