-0.0122680664
0.0023193359
0.0014648438
-0.0461425781
0.0183105469
-0.0179443359
-0.0400390625
0.0208740234
0.0043334961
-0.0073852539
0.0264282227
0.0087890625
0.0031738281
-0.0246582031
0.0185546875
0.0098876953
-0.0299072266
0.0180053711
0.0206909180
0.0122680664
0.0409545898
0.0110473633
-0.0092163086
-0.0034179688
-0.0178833008
-0.0273437500
0.0279541016
0.0069580078
-0.0166625977
-0.0097045898
0.0184326172
0.0040893555
-0.0673828125
-0.0139160156
-0.0641479492
0.0776367188
0.0814208984
-0.0859985352
0.0408325195
-0.0774536133
-0.0249023438
-0.1173706055
-0.0123291016
-0.0526123047
0.0444335938
-0.0182495117
-0.0029296875
0.1334838867
-0.0707397461
0.0690307617
0.1953735352
-0.1575317383
0.1793823242
-0.1346435547
-0.1030883789
0.1724243164
-0.1363525391
-0.0520629883
-0.1498413086
-0.0870971680
0.1871337891
0.1522827148
-0.0912475586
0.1047973633
-0.3233642578
-0.1367187500
-0.2900390625
0.0838012695
-0.1197509766
-0.3261108398
0.2868652344
0.2730102539
0.3214721680
-0.3369140625
-0.0787353516
-0.3057861328
0.1315307617
0.3018798828
-0.0293579102
-0.0459594727
-0.0973510742
-0.0902709961
0.1196899414
0.0729370117
-0.1208496094
0.2030029297
-0.0923461914
0.1420288086
0.2080078125
-0.0583496094
0.1309204102
-0.1181640625
0.1485595703
0.1572875977
0.1714477539
0.2511596680
-0.0319824219
-0.0120239258
0.0234985352
-0.0167846680
0.0018920898
-0.0004272461
-0.0111694336
-0.0188598633
-0.0008544922
-0.0054321289
0.0021362305
0.0139770508
0.0022583008
0.0197753906
0.0148925781
0.0265502930
-0.1220703125
-0.1813964844
0.0119018555
0.0235595703
-0.1293945312
0.0928344727
-0.1559448242
-0.0364990234
0.0487060547
0.0887451172
-0.1320190430
0.1815185547
0.0419921875
-0.1998901367
-0.0391845703
-0.0944824219
0.0070800781
-0.0119628906
-0.0072631836
0.0077514648
0.0044555664
0.0413208008
-0.0158081055
-0.0121459961
-0.0090332031
0.0392456055
0.0462036133
0.0137939453
0.0362548828
-0.0154418945
-0.0046386719
0.0223999023
0.0967407227
0.0288085938
-0.1350708008
0.0997924805
-0.0356445312
-0.0939331055
-0.0875854492
-0.1127319336
-0.1377563477
0.1193847656
-0.0512695312
0.1542358398
0.0890502930
0.0123901367
-0.0310668945
-0.1114501953
