-0.0130004883
-0.0294189453
0.0462036133
-0.0153808594
0.0447998047
-0.0090942383
-0.0515136719
0.0135498047
0.0102539062
-0.0338134766
0.0316772461
0.0429077148
-0.0075683594
-0.0268554688
0.0417480469
0.0371093750
-0.0043945312
0.0009765625
0.0053100586
-0.0058593750
-0.0016479492
0.0115966797
-0.0028076172
0.0020141602
0.0006103516
-0.0026245117
0.0079345703
-0.0104370117
-0.0068359375
0.0020141602
0.0036010742
-0.0085449219
-0.0465698242
-0.0490112305
0.0017089844
0.0258789062
0.0208740234
-0.0319824219
0.0401000977
-0.0165405273
0.0146484375
-0.0428466797
-0.0194702148
-0.0696411133
0.0197143555
0.0030517578
0.0585937500
0.0405883789
-0.0704345703
0.0783081055
0.2061767578
-0.1578979492
0.1553955078
-0.1156616211
-0.1090698242
0.2012939453
-0.1649780273
-0.0842895508
-0.1329956055
-0.1400756836
0.1455688477
0.1428222656
-0.0700073242
0.1394042969
-0.0156250000
-0.0060424805
-0.0017700195
0.0166015625
-0.0015869141
-0.0225830078
0.0424804688
0.0388183594
0.0454101562
-0.0330810547
0.0375976562
0.0028076172
-0.0382690430
-0.0047607422
-0.0059814453
0.0122070312
-0.0283813477
-0.1816406250
-0.0429077148
0.1522827148
-0.0554199219
0.1529541016
-0.0708618164
0.1533203125
0.1682739258
-0.0848388672
0.1496582031
-0.1401977539
0.2032470703
0.1266479492
0.1642456055
0.2500000000
0.0064086914
0.0396118164
-0.0031127930
0.0436401367
-0.0419311523
-0.0364379883
0.0208740234
0.0251464844
0.0023803711
0.0363159180
0.0023193359
0.0189208984
0.0406494141
-0.0037841797
-0.0526733398
-0.0220947266
-0.1467285156
-0.1229858398
0.0141601562
-0.0558471680
-0.1218872070
0.1248779297
-0.1406860352
-0.0822753906
0.0466918945
0.1390380859
-0.0373535156
0.1433105469
0.0521850586
-0.1835937500
-0.0236816406
-0.0955200195
-0.0651855469
0.0581665039
0.0202636719
-0.0200195312
-0.0448608398
0.0333251953
-0.0654296875
0.0507202148
-0.0410766602
0.0344238281
0.0245971680
0.0568847656
0.0583496094
-0.0795898438
0.0321044922
0.0620117188
0.2617797852
-0.0611572266
-0.2739257812
0.3177490234
-0.0097656250
-0.2747802734
-0.2926635742
-0.2871704102
-0.2656860352
0.2910766602
-0.1605834961
0.3034057617
0.3053588867
0.0134887695
0.0336914062
-0.2889404297
