-0.0650024414
-0.0538330078
0.0849609375
-0.0110473633
0.0718994141
0.0164184570
-0.0917968750
0.0224609375
0.0296020508
-0.0727539062
0.1040039062
-0.0071411133
-0.0362548828
-0.0184326172
-0.0279541016
0.0630493164
0.0174560547
-0.0191650391
0.0133056641
-0.0126953125
0.0065307617
0.0061035156
0.0370483398
-0.0089721680
-0.0011596680
0.0136718750
0.0052490234
0.0325317383
0.0103759766
-0.0065307617
-0.0083007812
0.0165405273
-0.3248901367
-0.0177001953
-0.3341064453
-0.1515502930
-0.0592041016
-0.3248901367
0.3595581055
0.0273437500
-0.3967895508
-0.2849121094
-0.1462402344
-0.0588378906
-0.0061645508
-0.1479492188
0.0933227539
0.3114624023
-0.0764770508
0.1315917969
0.2130126953
-0.1135253906
0.1102905273
-0.1748657227
-0.1088867188
0.1065673828
-0.1244506836
-0.1624145508
-0.1979980469
-0.0767211914
0.1614990234
0.1333618164
-0.1501464844
0.1785888672
0.0126342773
-0.0736694336
0.0200805664
0.0411987305
-0.0314331055
0.0023803711
-0.0051269531
-0.0366210938
-0.0139160156
0.0633544922
-0.0434570312
-0.0319213867
0.0370483398
-0.0030517578
-0.0151367188
-0.0410766602
-0.0247802734
-0.0624389648
0.0187988281
0.0346679688
-0.0456542969
0.0375366211
-0.0141601562
0.0377807617
0.0512084961
-0.0292358398
0.0089111328
0.0090942383
0.0406494141
0.0131225586
0.0353393555
0.0442504883
0.0128173828
-0.0015869141
0.0123291016
-0.0142211914
0.0028076172
-0.0113525391
-0.0117187500
-0.0265502930
0.0250854492
0.0335083008
0.0075073242
-0.0002441406
-0.0430908203
0.0269775391
0.0072021484
0.0342407227
-0.0695800781
-0.0477905273
0.0162963867
0.0011596680
-0.0733032227
0.0916137695
-0.0528564453
-0.0725097656
0.0117797852
0.0973510742
-0.0728759766
0.0755615234
0.0133056641
-0.0586547852
-0.0509033203
-0.0684204102
0.0043334961
-0.0233764648
0.0244140625
0.0330200195
-0.0003051758
0.0127563477
-0.0027465820
0.0008544922
0.0064086914
0.0282592773
0.0405883789
0.0126342773
0.0561523438
0.0299072266
0.0324096680
0.0070190430
0.0016479492
0.0258178711
-0.0001831055
0.0062866211
-0.0100708008
0.0025634766
0.0132446289
0.0075683594
-0.0029907227
0.0072631836
-0.0162963867
-0.0020141602
0.0049438477
-0.0145263672
-0.0100097656
-0.0067138672
