0.0178222656
-0.0090332031
0.0276489258
0.0015258789
0.0116577148
0.0094604492
-0.0046386719
-0.0152587891
0.0165405273
-0.0284423828
-0.0023803711
-0.0083618164
-0.0032958984
-0.0020141602
-0.0065917969
-0.0004272461
0.0047607422
0.0006713867
-0.0238647461
0.0162353516
0.0169067383
0.0222167969
0.0020141602
-0.0087890625
-0.0244750977
0.0312500000
0.0266723633
0.0278320312
0.0043945312
0.0173339844
-0.0309448242
-0.0417480469
-0.1926879883
-0.1207275391
-0.1373291016
0.0291748047
-0.0792846680
-0.1868896484
0.1357421875
-0.0511474609
-0.1188964844
-0.1962890625
0.0010375977
-0.1256713867
0.0844116211
-0.0651245117
0.0668334961
0.2377319336
-0.1559448242
0.2251586914
0.3125000000
-0.2376708984
0.2764892578
-0.2509155273
-0.1872558594
0.1705322266
-0.2325439453
-0.2211914062
-0.2262573242
-0.1540527344
0.2335205078
0.2199707031
-0.1658935547
0.1802978516
0.0039672852
-0.0077514648
0.0254516602
-0.0369262695
0.0207519531
0.0142822266
0.0006103516
-0.0105590820
-0.0387573242
0.0007934570
0.0250854492
0.0128173828
0.0055541992
-0.0040283203
0.0089721680
0.0239868164
-0.1121215820
-0.2962036133
-0.0905151367
0.3011474609
-0.1464843750
0.2288818359
-0.0703125000
0.2923583984
0.2185668945
-0.2874145508
0.2733154297
-0.1329345703
0.3065795898
0.1896362305
0.2185668945
0.4111938477
0.0026855469
-0.0023803711
0.0018920898
-0.0274047852
0.0117187500
-0.0076293945
-0.0098266602
0.0023193359
0.0096435547
0.0004882812
0.0160522461
0.0015258789
-0.0077514648
0.0073852539
-0.0077514648
-0.0119018555
-0.0556640625
-0.0603027344
0.0532226562
-0.0291748047
-0.1099243164
0.0815429688
-0.1158447266
-0.0752563477
0.0076904297
0.1337280273
-0.0111083984
0.0574951172
0.0128784180
-0.0933227539
-0.0229492188
-0.0848999023
0.0037231445
0.0226440430
0.0169067383
0.0024414062
0.0088500977
0.0056152344
-0.0142822266
-0.0086059570
-0.0051879883
0.0260620117
0.0353393555
-0.0006103516
-0.0004882812
0.0131225586
0.0097656250
0.0084838867
0.0080566406
-0.0109863281
-0.0081787109
0.0365600586
0.0238647461
-0.0083618164
0.0010375977
-0.0113525391
-0.0007324219
0.0043945312
-0.0480957031
-0.0045166016
0.0148925781
0.0042114258
0.0059814453
0.0037231445
