-0.0582275391
-0.0811157227
0.0662841797
-0.0742187500
0.0965576172
-0.0049438477
-0.0703125000
0.0419921875
0.0468750000
-0.0717163086
0.1346435547
0.0405883789
-0.1213989258
-0.0684814453
0.0749511719
0.1021118164
0.0513305664
-0.0301513672
0.0125122070
0.0643920898
0.0046997070
-0.0217285156
0.0020141602
-0.0770874023
-0.0733032227
0.0347900391
0.0260620117
-0.0017089844
0.0003051758
0.0759887695
0.0053710938
-0.0060424805
-0.3387451172
-0.0311889648
-0.2762451172
-0.0483398438
-0.0191040039
-0.2999267578
0.3537597656
-0.0238037109
-0.3897705078
-0.2932128906
-0.2395629883
-0.1301879883
-0.0148315430
-0.1425170898
0.1991577148
0.3073120117
-0.0780029297
0.0940551758
0.0590820312
-0.0999755859
0.0278930664
-0.0731201172
-0.0562133789
0.0942382812
-0.0885009766
-0.0661621094
-0.0567626953
0.0289916992
0.1466064453
0.1115722656
-0.0329589844
0.0867309570
0.0154418945
-0.0036621094
0.0354003906
0.0151367188
-0.0075073242
-0.0037841797
-0.0204467773
-0.0292358398
0.0061645508
0.0281982422
0.0234375000
-0.0020141602
0.0147094727
-0.0130615234
0.0068969727
0.0075683594
0.0023803711
-0.0416259766
0.0014038086
0.0029296875
-0.0364990234
0.0288696289
0.0180664062
0.0715942383
0.0329589844
-0.0142822266
0.0001220703
0.0001220703
0.0490112305
-0.0031738281
0.0162963867
0.0140991211
-0.0106811523
-0.0070800781
-0.0350952148
-0.0143432617
0.0049438477
0.0158081055
-0.0227661133
-0.0061035156
0.0018310547
0.0274658203
0.0376586914
0.0064697266
-0.0756225586
0.0192871094
0.0532226562
0.0256347656
-0.1932373047
-0.2406005859
0.0549926758
-0.0115356445
-0.1808471680
0.1528930664
-0.1947021484
-0.1524047852
0.0986938477
0.1757812500
-0.1499633789
0.2375488281
0.1269531250
-0.2230834961
-0.0941772461
-0.1972656250
0.0018310547
0.0303955078
-0.0014648438
0.0035400391
-0.0248413086
0.0212402344
0.0338134766
-0.0086059570
-0.0077514648
-0.0300292969
0.0105590820
-0.0188598633
0.0303344727
0.0034179688
0.0003662109
0.0087280273
0.0015258789
0.0133666992
0.0125732422
0.0054321289
-0.0054931641
0.0213623047
-0.0029296875
0.0162353516
0.0130615234
-0.0068969727
-0.0053100586
-0.0108032227
0.0080566406
0.0001831055
-0.0065917969
0.0035400391
