-0.0654296875
-0.0083007812
0.0671386719
-0.0363769531
0.0255737305
-0.0485839844
-0.0253906250
0.0009765625
0.0302124023
-0.0568237305
0.0289916992
-0.0090942383
-0.0119018555
-0.0183715820
0.0513305664
0.0398559570
-0.0092163086
-0.0021362305
0.0349121094
-0.0338745117
0.0363159180
0.0045166016
0.0150756836
0.0267944336
0.0276489258
-0.0122680664
-0.0093383789
-0.0075073242
-0.0144042969
-0.0276489258
0.0007324219
-0.0028686523
-0.0048217773
-0.0025634766
0.0037231445
-0.0081787109
-0.0149536133
-0.0126953125
0.0086059570
-0.0072021484
-0.0115966797
-0.0192871094
-0.0038452148
0.0022583008
0.0015869141
-0.0110473633
-0.0131225586
0.0333862305
-0.0802612305
0.1279907227
0.1671142578
-0.1453247070
0.1978759766
-0.1962890625
-0.1264038086
0.0529785156
-0.1306762695
-0.1514282227
-0.1343383789
-0.2138671875
0.1692504883
0.1409912109
-0.1286621094
0.1741333008
-0.1413574219
0.1099853516
-0.2023315430
-0.1090698242
0.1177368164
-0.1412353516
0.2019653320
0.1950683594
0.2344360352
-0.2008666992
0.0623168945
-0.1177978516
-0.1409912109
0.0882568359
0.0752563477
0.0227661133
-0.0127563477
-0.0625610352
0.0090942383
0.0465698242
-0.0757446289
0.0709838867
-0.0468750000
0.0409545898
0.0809936523
0.0001220703
0.0593872070
-0.1068725586
0.1160278320
0.0798950195
0.1323242188
0.0947265625
0.0281372070
-0.0051879883
0.0142822266
-0.0218505859
0.0312500000
-0.0041503906
-0.0088500977
-0.0130615234
-0.0021972656
-0.0098266602
0.0123901367
0.0170898438
-0.0085449219
0.0056762695
0.0039062500
0.0189819336
-0.2890625000
-0.2972412109
0.1113891602
-0.2100219727
-0.3034667969
0.2437133789
-0.3057250977
-0.2069702148
-0.0311889648
0.2814331055
-0.0711059570
0.2796630859
0.1778564453
-0.2996826172
-0.1618652344
-0.2335205078
0.0044555664
0.0173339844
-0.0283813477
0.0156860352
0.0026855469
-0.0316772461
-0.0722045898
0.0093383789
0.0084838867
-0.0032348633
0.0229492188
0.0109252930
0.0212402344
-0.0128173828
0.0044555664
0.0251464844
0.0876464844
-0.0152587891
-0.1451416016
0.1658935547
-0.0459594727
-0.1511230469
-0.1157226562
-0.1488647461
-0.1304931641
0.2239990234
-0.0490112305
0.1324462891
0.1982421875
0.1110229492
-0.0295410156
-0.1597290039
