-0.0682373047
-0.0722045898
0.0745849609
-0.1003417969
0.0627441406
0.0173950195
-0.0797119141
-0.0155639648
0.0347290039
-0.1004638672
0.0877075195
0.0349121094
-0.0754394531
-0.1047363281
-0.0642700195
0.0560913086
-0.0108032227
0.0195922852
-0.0302124023
-0.0046386719
0.0137939453
0.0104370117
0.0012817383
0.0138549805
-0.0202636719
0.0367431641
0.0077514648
0.0037231445
0.0281982422
0.0187377930
0.0378417969
-0.0438842773
-0.1023559570
-0.0332641602
0.0095825195
0.0799560547
0.0011596680
-0.0779418945
0.0878906250
-0.0354614258
-0.0487670898
-0.0540771484
-0.0243530273
-0.0322265625
0.0388793945
-0.0458374023
0.0377807617
0.1297607422
-0.1321411133
0.1726074219
0.1853027344
-0.1707153320
0.2281494141
-0.1693725586
-0.0828857422
0.1287231445
-0.1710815430
-0.1563110352
-0.1835937500
-0.1516113281
0.1934814453
0.1771240234
-0.1429443359
0.1876220703
-0.0065307617
0.0015869141
-0.0360717773
-0.0234985352
-0.0185546875
0.0168457031
0.0350341797
0.0355224609
0.0263671875
-0.0252685547
0.0870361328
-0.0039062500
0.0236816406
-0.0012817383
-0.0086669922
0.0376586914
0.0088500977
-0.1411132812
-0.0122070312
0.0979003906
-0.0299682617
0.0820922852
-0.0317382812
0.0706176758
0.1018676758
-0.1365966797
0.1444091797
-0.0699462891
0.1581420898
0.0014648438
0.1066894531
0.1145629883
0.0150756836
0.0150756836
-0.0056152344
0.0249633789
-0.0049438477
-0.0146484375
-0.0016479492
0.0356445312
-0.0172729492
0.0101318359
-0.0063476562
-0.0232543945
-0.0111083984
-0.0213012695
0.0021972656
0.0162963867
-0.2416992188
-0.2796630859
0.1907348633
-0.1165161133
-0.3210449219
0.2753295898
-0.2803344727
-0.2672119141
0.0333862305
0.2985229492
-0.1356811523
0.2281494141
0.1856689453
-0.2771606445
-0.2202148438
-0.2535400391
-0.0170898438
0.0074462891
-0.0065307617
-0.0031738281
-0.0226440430
-0.0014648438
-0.0031738281
0.0095825195
0.0003051758
0.0365600586
-0.0067749023
-0.0009155273
-0.0101928711
-0.0143432617
0.0007324219
0.0424194336
0.0278320312
0.0315551758
-0.0093994141
0.0619506836
0.0217895508
-0.0452270508
-0.0717773438
-0.0252685547
-0.0629272461
0.0531005859
-0.0675659180
0.0282592773
0.0817260742
0.0084228516
-0.0013427734
-0.0086669922
