-0.1884155273
-0.2612915039
0.2371826172
-0.1864624023
0.1667480469
-0.1353149414
-0.2261962891
0.0973510742
0.1020507812
-0.1942138672
0.2425537109
0.1145629883
-0.2178955078
-0.2029418945
0.0123901367
0.2736206055
0.0012207031
0.0184936523
-0.0045166016
0.0186157227
-0.0124511719
0.0220336914
-0.0317382812
-0.0338134766
-0.0401611328
-0.0682373047
-0.0171508789
0.0036621094
0.0307006836
0.0045776367
0.0083007812
-0.0414428711
-0.0608520508
-0.0358276367
-0.0135498047
0.0187377930
-0.0030517578
-0.0429687500
0.0270385742
0.0117797852
0.0042114258
-0.0437622070
-0.0186157227
0.0231933594
-0.0087280273
-0.0209960938
-0.0228271484
0.0869140625
-0.1585693359
0.1358032227
0.2265014648
-0.2376708984
0.2304077148
-0.1501464844
-0.1243286133
0.1637573242
-0.1574707031
-0.1800537109
-0.1903686523
-0.1297607422
0.1776123047
0.2232666016
-0.1250610352
0.1867065430
-0.0375366211
-0.0083007812
-0.0294189453
-0.0056762695
0.0106201172
-0.0175781250
0.0549926758
0.0179443359
0.0037231445
-0.0131835938
-0.0220336914
-0.0251464844
0.0182495117
0.0335693359
0.0042724609
0.0325317383
-0.0182495117
-0.1794433594
-0.0217285156
0.0941162109
-0.0685424805
0.1653442383
-0.0455322266
0.1657104492
0.1913452148
-0.0593872070
0.1505126953
-0.1355590820
0.1050415039
0.1002197266
0.1838378906
0.1879272461
0.1274414062
0.2613525391
0.3344116211
0.2272338867
-0.2744140625
-0.0947875977
0.2536621094
0.2727661133
0.1000366211
0.0814819336
-0.1829833984
-0.0961303711
0.1840209961
-0.2700195312
-0.2620849609
-0.2915039062
0.0325317383
-0.0601196289
0.0645141602
-0.0396728516
-0.0584716797
0.0366821289
-0.0933837891
-0.0571289062
0.0369262695
0.0762329102
0.0186767578
0.0625610352
0.0289916992
-0.0371093750
0.0004272461
0.0347900391
-0.0935058594
0.1603393555
0.0142211914
0.0172119141
-0.1314697266
0.0942993164
-0.0826416016
0.1367187500
-0.1326293945
0.0848999023
0.1416015625
0.0912475586
0.0888671875
-0.1068725586
0.0614013672
0.1477661133
-0.0016479492
0.0200805664
0.0021972656
0.0352172852
-0.0115356445
-0.0029907227
-0.0261230469
0.0089721680
-0.0057373047
0.0160522461
0.0215454102
0.0222167969
0.0273437500
-0.0041503906
0.0106201172
-0.0122680664
