-0.0672607422
-0.0489501953
0.0557250977
-0.0845336914
0.0434570312
-0.0059204102
-0.0549926758
-0.0661010742
0.0344848633
-0.0428466797
0.0277709961
-0.0493164062
0.0071411133
-0.0455322266
0.0362548828
0.0856933594
0.0678710938
-0.0554199219
0.0042724609
0.0535888672
-0.0161743164
-0.0294799805
-0.0032958984
-0.0635986328
-0.0794067383
-0.0379028320
0.0423583984
0.0236816406
-0.0518188477
0.0559692383
0.0234985352
-0.0023803711
-0.3212890625
-0.1350708008
-0.3175048828
-0.0094604492
-0.0393676758
-0.3030395508
0.3170776367
-0.1389160156
-0.2653808594
-0.3261108398
-0.0990600586
-0.2680053711
0.0427246094
-0.0406494141
0.2523193359
0.3322753906
-0.0160522461
0.1237792969
0.1627197266
0.0066528320
0.0663452148
-0.1209716797
-0.0692749023
0.1334228516
-0.0547485352
-0.0893554688
-0.1522216797
0.0161132812
0.1058349609
0.1221313477
-0.1040649414
0.1299438477
0.0810546875
0.0372924805
0.0967407227
-0.0253906250
-0.0128173828
0.0789794922
-0.0487060547
-0.0433349609
-0.0802001953
0.0802001953
0.0838623047
0.0681762695
0.0087280273
-0.1073608398
0.0178222656
0.0333251953
-0.0228881836
-0.1537475586
-0.0123901367
0.0585937500
-0.0996093750
0.1177978516
-0.1032714844
0.1787719727
0.1384277344
-0.1339721680
0.1248168945
-0.0045166016
0.1048583984
0.0733642578
0.1126708984
0.1875610352
0.0343017578
-0.0072021484
0.0191040039
-0.0082397461
-0.0041503906
0.0131835938
0.0298461914
0.0337524414
0.0724487305
0.0623168945
-0.0145263672
0.0197753906
-0.0446166992
0.0201416016
0.0374145508
0.0028076172
-0.0689697266
-0.0671997070
0.0053100586
-0.0191040039
-0.0702514648
0.0771484375
-0.0917968750
-0.0285034180
0.0188598633
0.0581054688
-0.0357055664
0.0578002930
0.0080566406
-0.0723876953
-0.0348510742
0.0011596680
0.0209350586
-0.0161132812
0.0684814453
-0.0063476562
0.0014038086
0.0037841797
0.0041503906
0.0075683594
0.0332031250
0.0021362305
0.0274658203
-0.0014648438
0.0159912109
0.0272216797
0.0401000977
0.0081787109
0.0233154297
0.0259399414
-0.0275268555
0.0415649414
0.0070800781
-0.0004272461
-0.0125122070
-0.0149536133
-0.0003662109
0.0538940430
-0.0319213867
0.0422363281
0.0430908203
-0.0331420898
-0.0322875977
-0.0535888672
