-0.0319824219
-0.0473022461
0.0973510742
-0.1095581055
0.0587158203
-0.0877685547
-0.0630493164
0.0409545898
0.0676879883
-0.1043090820
0.1160888672
0.0243530273
-0.0919799805
-0.0391235352
0.0677490234
0.0389404297
0.0197143555
-0.0151367188
0.0255737305
0.0364990234
0.0125732422
-0.0077514648
0.0061645508
-0.0072631836
-0.0175170898
0.0203857422
0.0050048828
-0.0176391602
-0.0346069336
0.0196533203
-0.0284423828
0.0363159180
-0.0897216797
-0.0720825195
-0.0441894531
-0.0486450195
-0.0218505859
-0.0921630859
0.0787353516
-0.0201416016
-0.0823364258
-0.0592651367
-0.0495605469
-0.0323486328
0.0299072266
-0.0493774414
-0.0438232422
0.1060180664
0.0288085938
0.0006103516
0.0248413086
-0.0156860352
0.0182495117
-0.0136108398
-0.0150146484
0.0402221680
0.0101928711
-0.0030517578
-0.0258178711
-0.0495605469
0.0293579102
0.0153198242
-0.0440673828
0.0450439453
-0.2766723633
-0.0600585938
-0.2639770508
0.0355224609
-0.1028442383
-0.2760620117
0.2261352539
0.2744750977
0.2786254883
-0.2981567383
0.0581665039
-0.2399291992
0.1534423828
0.2276000977
-0.0310058594
-0.1023559570
-0.0728149414
-0.0508422852
0.1378784180
0.0390625000
-0.1618041992
0.1311035156
-0.0773925781
0.0913696289
0.1361694336
0.0246582031
0.1000976562
-0.1333618164
0.0514526367
0.1112670898
0.1286010742
0.1256103516
-0.0010375977
0.0202026367
0.0505371094
0.0040893555
0.0068359375
0.0232543945
-0.0253906250
-0.0084838867
0.0366210938
-0.0230712891
-0.0111083984
-0.0018920898
0.0163574219
-0.0155029297
-0.0444335938
-0.0153198242
-0.1666870117
-0.2638549805
0.0702514648
-0.1655273438
-0.1576538086
0.1505737305
-0.2379760742
-0.1427001953
0.0593872070
0.1675415039
-0.1414184570
0.2761840820
0.0300292969
-0.2720336914
-0.1997680664
-0.1190795898
0.0245971680
-0.0199584961
-0.0084228516
0.0250244141
0.0304565430
0.0097045898
-0.0186767578
-0.0055541992
-0.0075683594
-0.0065307617
0.0249023438
-0.0069580078
0.0374145508
0.0076293945
-0.0108642578
-0.0027465820
0.2517700195
0.0503540039
-0.2789916992
0.2499389648
-0.1338500977
-0.2364501953
-0.2537231445
-0.2866210938
-0.2429199219
0.2636108398
-0.0679321289
0.2717285156
0.2650146484
-0.0908813477
0.0358886719
-0.2647705078
