-0.0844116211
-0.0545043945
0.0159301758
-0.0664062500
-0.0548095703
-0.0259399414
-0.0648193359
0.0680541992
-0.0209960938
-0.0524902344
0.0919189453
0.0327148438
-0.0014038086
-0.0704956055
0.0755615234
0.0416870117
-0.3276367188
0.3268432617
0.1328125000
-0.3616333008
0.0300903320
0.2797241211
-0.0934448242
0.3551635742
0.3546752930
0.0259399414
0.0759887695
0.0855102539
0.1843872070
-0.3660888672
-0.0760498047
0.0012207031
-0.0314331055
-0.0213623047
-0.0476684570
0.0233154297
0.0152587891
-0.0668945312
0.0277099609
-0.0514526367
-0.0441284180
-0.0784301758
-0.0059814453
-0.0441894531
0.0410156250
-0.0105590820
-0.0194091797
0.0643920898
-0.0318603516
0.0609130859
0.0828247070
-0.1245117188
0.0547485352
-0.0640869141
-0.0942993164
0.0286865234
-0.0878906250
-0.0989379883
-0.0867919922
-0.1210937500
0.0802612305
0.0818481445
-0.0684204102
0.0640258789
-0.1066284180
-0.0095825195
-0.0808715820
-0.0244750977
-0.0538940430
-0.1049804688
0.0792236328
0.0610961914
0.1397094727
-0.1534423828
0.0361328125
-0.0714111328
0.0513916016
0.0893554688
0.0247192383
-0.0514526367
-0.0230712891
-0.0173950195
0.0322875977
-0.0053100586
0.0054931641
0.0209350586
-0.0181274414
0.0277709961
0.0555419922
-0.0205688477
0.0322875977
-0.0285034180
-0.0010986328
0.0349731445
0.0177612305
-0.0133666992
0.0202026367
0.0070190430
0.0349121094
-0.0053710938
0.0038452148
-0.0054931641
0.0151367188
0.0035400391
-0.0138549805
0.0028076172
-0.0078125000
0.0018310547
0.0010375977
-0.0144042969
0.0001220703
0.0087890625
-0.1061401367
-0.1026000977
0.0441894531
0.0392456055
-0.1026611328
0.1013793945
-0.1315917969
-0.0668945312
-0.0360107422
0.0814208984
-0.0692749023
0.1021728516
0.0252685547
-0.1054077148
-0.0288696289
-0.0804443359
-0.0289306641
0.0240478516
0.0203857422
-0.0021972656
-0.0266723633
-0.0163574219
0.0024414062
0.0297241211
-0.0166015625
0.0255737305
0.0047607422
0.0615234375
0.0231933594
-0.0351562500
0.0011596680
0.0315551758
0.0244140625
-0.0252685547
-0.0316772461
0.0677490234
-0.0395507812
-0.0060424805
-0.0207519531
-0.0173950195
0.0026245117
0.0182495117
-0.0333862305
0.0415039062
0.0194091797
0.0008544922
-0.0051269531
-0.0370483398
