-0.0988769531
-0.0888061523
0.0803833008
-0.0663452148
0.0606689453
-0.0516967773
-0.0978393555
0.0112915039
0.0442504883
-0.0426635742
0.1115722656
0.0291137695
-0.0491333008
-0.0241699219
0.0454711914
0.0988769531
0.0376586914
-0.0349121094
0.0260009766
0.0365600586
0.0264892578
-0.0057373047
0.0120239258
-0.0357666016
-0.0262451172
-0.0261230469
-0.0018920898
-0.0071411133
0.0159301758
0.0206909180
-0.0270385742
-0.0216674805
-0.0632324219
0.0053100586
-0.0252075195
0.0567016602
0.0067749023
-0.0658569336
0.0358276367
-0.0727539062
-0.0200195312
-0.0526733398
0.0014038086
-0.0417480469
0.0231323242
-0.0023803711
-0.0327758789
0.0576171875
-0.1010131836
0.1522827148
0.2239990234
-0.2592163086
0.1953735352
-0.1513061523
-0.1784057617
0.1263427734
-0.0888671875
-0.1500854492
-0.1187133789
-0.1395874023
0.1550292969
0.1460571289
-0.1215209961
0.0966796875
-0.0346069336
0.0144042969
-0.0249633789
0.0043945312
0.0050659180
-0.0370483398
0.0433959961
0.0293579102
0.0626831055
-0.0192871094
-0.0179443359
0.0042724609
0.0146484375
0.0198974609
0.0217895508
0.0015258789
-0.1103515625
-0.1665649414
0.0745239258
0.1445922852
-0.1223144531
0.2694091797
-0.1537475586
0.1770019531
0.2606811523
-0.1127929688
0.1911010742
-0.1796875000
0.2052001953
0.1930541992
0.2915649414
0.3580932617
-0.0296630859
0.2947387695
0.0263061523
0.3056640625
-0.2736206055
-0.1816406250
0.3526000977
0.3270874023
-0.0052490234
0.1409912109
-0.3562622070
0.0964965820
0.0435791016
-0.3528442383
0.0878295898
-0.3459472656
-0.0261230469
-0.0994262695
0.0229492188
-0.0130615234
-0.0720214844
0.0792236328
-0.1578369141
-0.0502929688
0.0092163086
0.0883789062
-0.0631103516
0.0886840820
-0.0109252930
-0.1333007812
-0.0367431641
-0.0895996094
-0.0291137695
0.0461425781
-0.0093383789
0.0352783203
-0.0658569336
0.0569458008
-0.0488281250
0.0625000000
-0.0687866211
0.0481567383
0.1027221680
0.0830688477
0.0977172852
-0.0711669922
0.0458374023
0.0690917969
0.0395507812
-0.0062866211
-0.0230102539
0.0592651367
-0.0223999023
-0.0025634766
0.0065307617
-0.0253906250
-0.0162353516
0.0394897461
-0.0350952148
0.0098266602
0.0275878906
-0.0351562500
0.0003662109
0.0068969727
