-0.0019531250
0.0023193359
0.0029907227
-0.0638427734
0.0170898438
0.0038452148
0.0026855469
-0.0280151367
0.0195312500
-0.0565795898
0.0560913086
0.0123291016
-0.0141601562
-0.0411376953
0.0373535156
0.0290527344
0.0031127930
0.0239868164
-0.0122680664
-0.0328979492
0.0136718750
0.0296020508
0.0015258789
0.0128784180
0.0084228516
0.0256958008
0.0014648438
0.0213623047
0.0191650391
-0.0247802734
0.0236816406
-0.0087280273
-0.0665283203
-0.0010986328
0.0050659180
0.0200805664
-0.0067749023
-0.0411987305
0.0402832031
0.0256347656
-0.0190429688
-0.0532836914
-0.0040283203
-0.0104980469
0.0450439453
-0.0667724609
-0.0086059570
0.0556640625
-0.1658935547
0.1253051758
0.2119750977
-0.0881347656
0.2391967773
-0.2001342773
-0.0931396484
0.1161499023
-0.1547241211
-0.1469116211
-0.1910400391
-0.1407470703
0.2495117188
0.1586914062
-0.1499633789
0.1881713867
-0.0047607422
-0.0070800781
-0.0023193359
-0.0005493164
-0.0013427734
0.0031127930
-0.0067749023
0.0049438477
-0.0025634766
-0.0171508789
-0.0094604492
-0.0010375977
0.0067749023
0.0081787109
-0.0020141602
0.0085449219
0.0055541992
-0.1319580078
-0.0551757812
0.1169433594
0.0378417969
0.1034545898
-0.0582885742
0.0769653320
0.1196899414
-0.0947875977
0.1275024414
-0.0919799805
0.1384277344
0.0441894531
0.1325073242
0.1480712891
0.0042114258
0.0109863281
0.1021728516
0.0079956055
-0.0006103516
-0.0370483398
0.0207519531
0.0399169922
0.0420532227
0.0334472656
-0.0415649414
0.0075683594
0.0656738281
-0.0316772461
-0.0263061523
-0.0325927734
-0.2593994141
-0.2593994141
0.2132568359
-0.1992187500
-0.2886962891
0.2850341797
-0.2873535156
-0.2590942383
-0.0130615234
0.3048095703
-0.1204223633
0.2419433594
0.1751708984
-0.2777099609
-0.2590332031
-0.2037963867
0.0125732422
-0.0206909180
-0.0067749023
-0.0197143555
0.0292968750
-0.0216674805
-0.0053710938
-0.0222778320
0.0263061523
-0.0090332031
0.0250854492
0.0058593750
-0.0358886719
0.0090332031
-0.0132446289
-0.0018920898
0.0153198242
0.0511474609
0.0004882812
0.0255126953
0.0118408203
-0.0031127930
-0.0213012695
-0.0075683594
-0.0137939453
0.0274658203
0.0069580078
0.0003662109
0.0218505859
0.0399169922
0.0192260742
-0.0106201172
