-0.0168457031
-0.0469360352
0.0670166016
-0.0286254883
0.0339355469
-0.0015258789
-0.0482177734
0.0210571289
-0.0240478516
-0.0170898438
0.0728759766
-0.0127563477
-0.0480346680
-0.0032958984
0.0350952148
0.0355834961
0.0031127930
-0.0109863281
0.0129394531
0.0225219727
-0.0246582031
0.0122070312
-0.0009155273
-0.0138549805
-0.0150146484
-0.0026855469
0.0292358398
0.0050048828
0.0025024414
0.0177001953
0.0234375000
-0.0175781250
-0.0625610352
-0.0298461914
-0.0776367188
0.0094604492
0.0538940430
-0.0909423828
0.0515136719
-0.0036621094
-0.0103149414
-0.0199584961
-0.0551757812
-0.0074462891
0.0239257812
-0.0490722656
-0.0027465820
0.0909423828
-0.0762329102
0.1284790039
0.1694335938
-0.1780395508
0.1376342773
-0.1274414062
-0.1431884766
0.0742797852
-0.1297607422
-0.1644897461
-0.1610717773
-0.0316162109
0.1222534180
0.1678466797
-0.0770263672
0.1298828125
-0.0153198242
0.0178222656
0.0087280273
0.0179443359
-0.0031127930
0.0007934570
0.0013427734
0.0177612305
-0.0113525391
0.0094604492
-0.0270385742
-0.0043945312
0.0065917969
0.0012207031
0.0054931641
0.0000610352
-0.1192016602
-0.2327270508
-0.0213012695
0.1563110352
-0.1381835938
0.2382812500
-0.1499633789
0.1810913086
0.2479248047
-0.0984497070
0.1995239258
-0.1593017578
0.2177734375
0.2008056641
0.2630004883
0.2873535156
0.0150146484
-0.0014648438
0.0101928711
-0.0164184570
-0.0009765625
0.0014038086
-0.0025634766
-0.0068359375
0.0084838867
-0.0134277344
0.0091552734
0.0071411133
0.0031127930
0.0039672852
0.0001220703
-0.0034179688
-0.0230712891
-0.0234985352
0.0144042969
-0.0157470703
-0.0382080078
0.0025024414
-0.0279541016
-0.0292968750
-0.0087890625
0.0451049805
0.0196533203
0.0164794922
0.0118408203
-0.0264282227
0.0114746094
-0.0178222656
-0.3422851562
0.3057250977
0.0609130859
-0.0082397461
-0.3295288086
0.0722045898
-0.1800537109
0.3596191406
-0.3328247070
0.1644897461
0.1345214844
0.3103027344
0.0806274414
-0.2362060547
0.1763916016
0.3148193359
0.0635375977
0.0383300781
-0.0352783203
0.0462036133
0.0038452148
-0.0534057617
-0.0006713867
-0.0213012695
-0.0516357422
0.0349121094
-0.0331420898
0.0237426758
0.0559692383
-0.0354614258
-0.0427856445
-0.0317382812
