-0.0158081055
-0.0079956055
0.0332031250
-0.0155639648
0.0210571289
0.0081787109
-0.0338745117
0.0145874023
0.0033569336
-0.0175781250
0.0214843750
0.0153198242
-0.0197753906
0.0095214844
-0.0079956055
-0.0026245117
0.0233764648
-0.0333251953
0.0034790039
0.0558471680
0.0429077148
0.0076293945
-0.0126953125
-0.0355224609
-0.0619506836
-0.0344238281
0.0171508789
0.0312500000
-0.0375976562
0.0501098633
-0.0098266602
-0.0316772461
-0.0832519531
-0.0117797852
-0.0328979492
0.0422363281
-0.0128173828
-0.0685424805
0.0351562500
-0.0766601562
-0.0750732422
-0.0622558594
-0.0264892578
-0.0354003906
0.0573730469
-0.0300903320
0.0194091797
0.1016845703
-0.1803588867
0.1936035156
0.2525024414
-0.3078613281
0.2409667969
-0.1907958984
-0.1621704102
0.1522216797
-0.1478881836
-0.2054443359
-0.2330932617
-0.1545410156
0.2310180664
0.2167968750
-0.1981201172
0.1828613281
-0.0115966797
-0.0009155273
0.0043334961
-0.0044555664
0.0031127930
0.0025634766
-0.0031738281
0.0031127930
0.0191650391
-0.0035400391
-0.0039672852
0.0149536133
0.0092163086
-0.0068359375
-0.0015258789
0.0211181641
-0.1370849609
-0.2640991211
0.0512084961
0.2235717773
-0.2071533203
0.2951660156
-0.1614379883
0.2520751953
0.2686157227
-0.2108764648
0.2771606445
-0.1929931641
0.2527465820
0.1600341797
0.3102416992
0.4212036133
0.0345458984
0.0121459961
0.0278930664
0.0424804688
-0.0339355469
-0.0288696289
0.0250854492
0.0534057617
-0.0010986328
-0.0005493164
-0.0377197266
0.0193481445
0.0157470703
-0.0498657227
-0.0222167969
-0.0262451172
-0.0958251953
-0.2056274414
0.0660400391
-0.0710449219
-0.1984252930
0.1481933594
-0.2081909180
-0.1248168945
0.0288696289
0.1864624023
-0.1049194336
0.1680297852
0.0296020508
-0.2015991211
-0.1367797852
-0.1198730469
-0.0324096680
0.0240478516
-0.0164184570
0.0354003906
-0.0198974609
-0.0026245117
-0.0043334961
0.0250854492
-0.0084838867
-0.0062866211
0.0053100586
0.0245971680
0.0303344727
0.0039672852
0.0160522461
-0.0194091797
0.1118774414
0.0199584961
-0.0348510742
0.0715942383
0.0000000000
-0.0097045898
-0.0521240234
-0.0593261719
-0.0239257812
0.0554809570
-0.0378417969
0.0148925781
0.0518188477
-0.0277709961
-0.0068359375
-0.0269775391
