-0.0051879883
-0.0057983398
0.0429077148
-0.0482177734
0.0181274414
-0.0314941406
-0.0447998047
0.0057983398
0.0074462891
-0.0231323242
0.0234375000
-0.0041503906
-0.0438842773
-0.0128784180
0.0858764648
0.0322265625
-0.0167846680
0.0012207031
-0.0089111328
0.0122680664
0.0085449219
-0.0051269531
-0.0303955078
-0.0250244141
-0.0131835938
-0.0200805664
-0.0007324219
-0.0050048828
-0.0136718750
0.0268554688
0.0000610352
-0.0103759766
-0.0748291016
-0.0358276367
-0.0733642578
-0.0331420898
0.0903930664
-0.0798339844
0.0645751953
-0.1134643555
-0.0473632812
-0.1308593750
-0.0497436523
-0.0704956055
0.0274658203
-0.0809326172
0.0101928711
0.1286010742
-0.0894775391
0.0774536133
0.2272949219
-0.1443481445
0.1597290039
-0.1437377930
-0.1586914062
0.1880493164
-0.1423339844
-0.1352539062
-0.1098632812
-0.0914916992
0.1545410156
0.1493530273
-0.1362304688
0.1174316406
-0.3189697266
-0.0607299805
-0.2883300781
-0.0454711914
-0.0789184570
-0.3178710938
0.3285522461
0.2976074219
0.3516235352
-0.3095703125
-0.0601196289
-0.2993164062
0.0740966797
0.2801513672
-0.0080566406
-0.1404418945
-0.0761718750
-0.0902709961
0.0007324219
0.0623779297
-0.0592041016
0.1076049805
-0.0296020508
0.0665893555
0.1593017578
-0.0869140625
0.0792846680
-0.1031494141
0.0859375000
0.0953369141
0.0759277344
0.0976562500
0.0295410156
-0.0205078125
0.0119628906
-0.0224609375
-0.0013427734
0.0139160156
-0.0272827148
0.0038452148
0.0037841797
0.0173950195
0.0031738281
-0.0085449219
-0.0012817383
0.0134277344
-0.0347290039
0.0178222656
-0.0206298828
-0.0266723633
-0.0049438477
0.0143432617
-0.0145263672
0.0174560547
-0.0375366211
0.0065917969
0.0119018555
0.0047607422
-0.0431518555
0.0549316406
-0.0156250000
-0.0714721680
-0.0046997070
-0.0306396484
0.0166625977
0.0106201172
-0.0159301758
0.0133056641
0.0029907227
-0.0083007812
-0.0184936523
-0.0081176758
0.0178222656
-0.0122070312
0.0286254883
-0.0167236328
0.0377807617
-0.0225219727
-0.0067138672
0.0203857422
0.0998535156
0.0317382812
-0.0796508789
0.1221313477
-0.0458374023
-0.0217285156
-0.0633544922
-0.0899047852
-0.0333862305
0.0679321289
-0.0657958984
0.0858154297
0.0787963867
0.0188598633
-0.0095825195
-0.0697021484
