-0.0873413086
-0.0593261719
0.1298828125
-0.0388793945
0.0630493164
-0.0067138672
-0.0495605469
0.0357055664
-0.0007324219
-0.0662231445
0.0693969727
0.0194702148
-0.0498046875
0.0136108398
0.0188598633
0.0999145508
0.0333862305
-0.0362548828
0.0155639648
0.0350341797
0.0006103516
0.0097045898
0.0088500977
-0.0516357422
-0.0503540039
0.0114746094
0.0201416016
0.0428466797
0.0220947266
0.0422973633
0.0034790039
-0.0560302734
-0.2044677734
-0.0511474609
-0.1234741211
0.1022949219
0.0442504883
-0.1970214844
0.1530761719
-0.1706542969
-0.1879272461
-0.1483154297
-0.1270751953
-0.1221923828
0.1353759766
-0.0565185547
0.1214599609
0.1789550781
-0.2639770508
0.2004394531
0.2978515625
-0.2290649414
0.2982177734
-0.2423706055
-0.2194824219
0.1734008789
-0.2200317383
-0.2202148438
-0.2430419922
-0.2116699219
0.2785644531
0.2848510742
-0.2187500000
0.2307739258
-0.0224609375
0.0154418945
-0.0170288086
0.0090942383
-0.0075073242
-0.0067749023
0.0347290039
0.0172729492
0.0195312500
-0.0077514648
0.0404052734
-0.0109863281
0.0083007812
-0.0145874023
-0.0048217773
0.0471801758
-0.1140136719
-0.2067871094
0.0238037109
0.1315917969
-0.1129150391
0.2568359375
-0.1284179688
0.1841430664
0.2519531250
-0.1213989258
0.1742553711
-0.1677856445
0.2022094727
0.0434570312
0.2576293945
0.2750854492
0.0090942383
0.0170288086
0.0068359375
-0.0028076172
-0.0292358398
-0.0245361328
0.0100708008
0.0308227539
-0.0113525391
-0.0084228516
0.0100708008
0.0466918945
0.0215454102
-0.0191650391
-0.0057373047
-0.0350952148
0.0164794922
-0.0169677734
0.0127563477
0.0471801758
-0.0233764648
0.0068969727
-0.0301513672
0.0036621094
-0.0098876953
0.0228881836
0.0346069336
0.0253295898
0.0034179688
-0.0288696289
-0.0015869141
-0.0189819336
-0.0142211914
0.0275268555
-0.0268554688
0.0332031250
-0.0168457031
0.0262451172
-0.0120849609
0.0149536133
-0.0266113281
0.0092163086
0.0188598633
0.0231323242
0.0204467773
-0.0487670898
0.0024414062
0.0068969727
0.0596313477
0.0061035156
-0.0015869141
0.0253906250
-0.0163574219
-0.0200195312
-0.0196533203
-0.0567016602
-0.0338134766
0.0086669922
0.0068969727
0.0269775391
0.0304565430
0.0010375977
-0.0238037109
-0.0162963867
