-0.0901489258
-0.0529174805
0.0756225586
-0.0496826172
0.0612182617
-0.0233764648
-0.0642700195
0.0324096680
0.0292358398
-0.0367431641
0.0745849609
0.0050659180
-0.0278930664
-0.0531616211
0.0328979492
0.0678710938
0.0378417969
-0.0356445312
0.0307006836
0.0671997070
0.0515747070
-0.0231323242
0.0293579102
-0.0567016602
-0.0345458984
-0.0291137695
0.0089111328
0.0010986328
-0.0328979492
0.0260009766
0.0027465820
-0.0034179688
-0.0457153320
-0.0339355469
-0.0484008789
0.0402832031
0.0790405273
-0.0500488281
0.0291137695
-0.0501098633
-0.0306396484
-0.0531005859
0.0112915039
-0.0309448242
0.0301513672
-0.0258178711
-0.0174560547
0.0506591797
-0.1676025391
0.1525268555
0.2767333984
-0.2520751953
0.2436523438
-0.2225952148
-0.2285766602
0.1764526367
-0.1535034180
-0.2000732422
-0.2108154297
-0.1894531250
0.1818237305
0.1672973633
-0.1883544922
0.1214599609
-0.0255737305
-0.0007934570
-0.0274658203
0.0272827148
0.0056152344
-0.0289306641
0.0592651367
0.0401611328
0.0464477539
-0.0202636719
-0.0238647461
0.0124511719
0.0383300781
0.0563964844
0.0050048828
0.0191650391
-0.1224365234
-0.1461181641
0.0675659180
0.1420288086
-0.0910644531
0.2144165039
-0.1751098633
0.1406250000
0.2489013672
-0.0841674805
0.1557617188
-0.1254272461
0.1829833984
0.1899414062
0.2457275391
0.2823486328
-0.0578002930
0.3091430664
0.0131225586
0.2852172852
-0.2764892578
-0.2083740234
0.3583984375
0.3269653320
-0.0385131836
0.1838378906
-0.3322143555
0.0276489258
0.0316162109
-0.3412475586
-0.0055541992
-0.3455810547
-0.0639038086
-0.1162719727
0.0114746094
-0.0171508789
-0.0928955078
0.1118774414
-0.1371459961
-0.0607910156
0.0393676758
0.1382446289
-0.0606689453
0.0933227539
0.0109863281
-0.1029663086
0.0045166016
-0.0299072266
-0.0640258789
0.0361938477
0.0250854492
-0.0446166992
-0.0593872070
0.0421142578
-0.0008544922
0.0939941406
-0.0549926758
-0.0330810547
0.0042724609
0.0924072266
0.0350341797
-0.0249023438
0.0236206055
0.0414428711
0.0266723633
0.0313720703
-0.0322265625
0.0272216797
-0.0099487305
0.0022583008
0.0012817383
-0.0304565430
-0.0226440430
0.0294799805
-0.0474853516
0.0280151367
0.0342407227
0.0093994141
-0.0197753906
-0.0120239258
