-0.0312500000
-0.0329589844
0.0422363281
0.0019531250
0.0550537109
0.0253295898
-0.0154418945
0.0245971680
0.0405273438
-0.0277099609
0.0278320312
0.0734252930
-0.0298461914
0.0230102539
0.0314331055
0.0327148438
0.0324096680
-0.0411376953
0.0212402344
0.0493774414
0.0597534180
-0.0089721680
-0.0121459961
-0.0308227539
-0.0283813477
-0.0197753906
0.0009765625
0.0251464844
0.0061645508
0.0314331055
0.0263061523
-0.0692749023
-0.1603393555
-0.0936279297
-0.0336303711
0.0418701172
-0.0047607422
-0.1436157227
0.1056518555
-0.0576782227
-0.0850219727
-0.0609741211
-0.0543823242
-0.0104980469
0.0273437500
-0.0595703125
-0.0182495117
0.1230468750
-0.2573852539
0.1992797852
0.3107299805
-0.2174682617
0.2818603516
-0.2539062500
-0.2348022461
0.1405029297
-0.2269287109
-0.2294921875
-0.2661743164
-0.2075805664
0.2835693359
0.2110595703
-0.2628173828
0.2380371094
-0.0003662109
0.0133056641
0.0069580078
-0.0145874023
0.0111083984
0.0026855469
0.0036010742
-0.0139160156
0.0060424805
0.0039672852
-0.0040893555
0.0076904297
-0.0004882812
-0.0040893555
0.0067138672
0.0019531250
-0.1166992188
-0.2280883789
0.0687866211
0.1992187500
-0.1375732422
0.2919921875
-0.1879272461
0.1702880859
0.2839965820
-0.1041259766
0.2155151367
-0.2039184570
0.2410278320
0.2424926758
0.2375488281
0.3744506836
0.0243530273
0.0409545898
0.0391845703
-0.0084838867
-0.0075073242
-0.0189208984
0.0027465820
0.0000610352
-0.0071411133
-0.0061035156
0.0190429688
0.0075683594
0.0009155273
0.0217895508
0.0073242188
-0.0405883789
-0.0245361328
-0.0456542969
0.0621948242
-0.0075683594
-0.0779418945
0.0457763672
-0.0723266602
-0.0485229492
-0.0767822266
0.1056518555
0.0410156250
0.0396118164
0.0290527344
-0.0536499023
-0.0408935547
-0.0711669922
-0.0411376953
0.0608520508
-0.0207519531
0.0761718750
-0.0486450195
0.0447998047
-0.0736694336
0.0779418945
-0.0479736328
0.0182495117
-0.0002441406
0.1084594727
0.0461425781
-0.0659179688
0.0831298828
0.0295410156
0.0374755859
-0.0180053711
-0.0234375000
0.0338745117
-0.0283203125
-0.0152587891
-0.0005493164
-0.0183105469
-0.0109252930
0.0541992188
-0.0300903320
0.0218505859
0.0363159180
-0.0050659180
0.0202636719
-0.0267333984
