-0.0446777344
-0.0372314453
0.0169677734
-0.0255737305
0.0054931641
-0.0540161133
-0.0498657227
0.0350341797
-0.0274658203
-0.0194702148
0.0889892578
0.0223388672
-0.0325927734
-0.0735473633
0.0358276367
0.0387573242
-0.3287963867
0.3224487305
0.1333618164
-0.3575439453
0.0075073242
0.2585449219
-0.0592651367
0.3494873047
0.3516845703
-0.0625610352
0.1170654297
0.0404663086
0.1668090820
-0.3582763672
-0.1251831055
-0.0485229492
-0.1224365234
-0.0855102539
-0.1221313477
0.0207519531
0.0079956055
-0.1252441406
0.0665893555
-0.0391235352
-0.1140136719
-0.1229858398
-0.0546875000
-0.0812988281
0.0745239258
0.0171508789
0.0047607422
0.1348876953
-0.0140380859
0.0494384766
0.0703735352
-0.0615234375
0.0510253906
-0.0701904297
-0.0441894531
0.0474243164
-0.0065307617
-0.0501708984
-0.0603637695
-0.0569458008
0.0820312500
0.0297241211
-0.0383911133
0.0958862305
-0.0773925781
0.0548706055
-0.0481567383
-0.0305175781
-0.0232543945
-0.0494384766
0.0438842773
0.0614013672
0.0908203125
-0.0612182617
0.0806274414
-0.0571289062
0.0040893555
0.0612792969
-0.0174560547
-0.0029296875
-0.0501098633
-0.0131835938
0.0359497070
0.0155029297
-0.0188598633
0.0410766602
-0.0322875977
0.0504760742
0.0597534180
0.0557250977
0.0056152344
-0.0422363281
0.0230712891
0.0072631836
0.0534057617
0.0451049805
0.0003051758
-0.0144042969
0.0018920898
-0.0128173828
0.0056152344
0.0024414062
-0.0104980469
-0.0126953125
0.0083007812
-0.0037841797
0.0283203125
0.0463867188
0.0111694336
-0.0145874023
-0.0021362305
0.0270385742
-0.1394653320
-0.1378784180
-0.0169677734
-0.0121459961
-0.0927734375
0.1417236328
-0.0965576172
-0.1005249023
0.0139160156
0.0599975586
-0.0128784180
0.1295776367
0.0643310547
-0.0897827148
-0.0073242188
-0.0711059570
-0.0268554688
0.0567626953
0.0375366211
0.0566406250
-0.0127563477
0.0166015625
-0.0087280273
0.0517578125
-0.0509643555
0.0400390625
0.0619506836
0.0740356445
0.0553588867
-0.0433959961
0.0337524414
0.0351562500
0.0277709961
-0.0466308594
-0.0344848633
0.0438232422
-0.0736083984
0.0043945312
-0.0148315430
-0.0241088867
0.0236206055
0.0184326172
-0.0379638672
0.0032348633
0.0097656250
-0.0261230469
0.0269165039
-0.0123291016
