0.0057983398
0.0031738281
0.0023193359
-0.0012817383
0.0017700195
0.0029296875
0.0037231445
-0.0002441406
-0.0081176758
0.0003662109
-0.0072631836
0.0021362305
0.0011596680
0.0083007812
0.0041503906
-0.0019531250
-0.0021972656
0.0239257812
0.0182495117
-0.0192871094
0.0068359375
0.0202026367
0.0050048828
0.0153808594
0.0067138672
-0.0112915039
0.0255737305
-0.0107421875
-0.0054321289
-0.0108642578
-0.0045166016
-0.0064086914
-0.1842041016
-0.0414428711
-0.0567626953
-0.0565185547
0.0227050781
-0.1530761719
0.1378784180
-0.0815429688
-0.1029052734
-0.1485595703
-0.0801391602
-0.1016235352
0.0680541992
-0.0711059570
0.0114746094
0.1586914062
-0.0579833984
0.0818481445
0.1555786133
-0.1232910156
0.1050415039
-0.1546020508
-0.0820922852
0.1361083984
-0.1206665039
-0.1109619141
-0.1544799805
-0.1213378906
0.1330566406
0.1109619141
-0.1105346680
0.1173095703
-0.0785522461
0.0281982422
-0.0398559570
0.0049438477
0.0633544922
-0.0336914062
0.0539550781
0.0473632812
0.0948486328
-0.0494995117
0.0388183594
-0.0097656250
-0.0348510742
0.0404663086
0.0145263672
-0.0162353516
-0.0773315430
-0.1198120117
-0.0090942383
0.1777343750
-0.1268920898
0.1375732422
-0.0537719727
0.1508789062
0.1286010742
-0.0748901367
0.1553955078
-0.1411743164
0.1404418945
0.1096801758
0.1667480469
0.1741943359
0.0025024414
0.0279541016
0.0268554688
0.0026855469
-0.0045776367
-0.0055541992
-0.0006713867
-0.0027465820
0.0017700195
0.0233154297
0.0209960938
-0.0202026367
0.0267333984
-0.0045776367
-0.0341796875
-0.0069580078
-0.1737060547
-0.1389770508
0.0342407227
-0.0322875977
-0.1473388672
0.1248779297
-0.1761474609
-0.0802612305
0.0621948242
0.1236572266
0.0001220703
0.2167968750
0.0762329102
-0.2477416992
-0.0223999023
-0.1497802734
-0.0081176758
0.0280151367
0.0036621094
0.0043334961
-0.0124511719
-0.0101318359
-0.0150756836
0.0192871094
-0.0179443359
-0.0055541992
0.0007324219
0.0203857422
0.0212402344
-0.0250854492
-0.0229492188
0.0277709961
0.2078247070
0.0641479492
-0.2852172852
0.3016967773
-0.0707397461
-0.3037719727
-0.2816772461
-0.3069458008
-0.2885742188
0.2947387695
-0.0745239258
0.3211059570
0.3009033203
0.0584106445
-0.0371093750
-0.2993164062
