-0.1181640625
-0.0996093750
0.0965576172
-0.1066284180
0.0884399414
-0.1104125977
-0.1538085938
0.0455322266
0.0588378906
-0.1157226562
0.1475830078
0.0264282227
-0.1218261719
-0.1145019531
0.0330200195
0.0884399414
0.0206909180
-0.0120849609
0.0083618164
0.0319824219
0.0084228516
-0.0165405273
0.0247192383
-0.0381469727
-0.0466918945
-0.0077514648
0.0062866211
-0.0050659180
-0.0053100586
0.0321655273
-0.0002441406
-0.0272216797
-0.0275268555
0.0045776367
-0.0298461914
0.0521240234
0.0455322266
-0.0366210938
0.0152587891
-0.0592041016
-0.0197143555
-0.0267944336
0.0137329102
-0.0095825195
0.0019531250
-0.0153198242
-0.0003662109
0.0206909180
-0.0808715820
0.1578369141
0.2183227539
-0.2545166016
0.2398071289
-0.1492309570
-0.1929321289
0.1582641602
-0.1081542969
-0.1209716797
-0.1664428711
-0.1709594727
0.1613769531
0.1463012695
-0.1208496094
0.1404418945
-0.0437011719
0.0247192383
-0.0223999023
-0.0027465820
-0.0093383789
-0.0439453125
0.0501098633
0.0464477539
0.0504150391
-0.0281372070
0.0265502930
0.0133056641
0.0430908203
0.0094604492
0.0067138672
0.0505371094
-0.1167602539
-0.1599121094
0.0802001953
0.1333007812
-0.1353759766
0.2698364258
-0.1669311523
0.1833496094
0.2816772461
-0.0669555664
0.1858520508
-0.1611938477
0.1990966797
0.2012329102
0.2841186523
0.3521728516
-0.0162963867
0.3062744141
-0.0421142578
0.3231811523
-0.2405395508
-0.2088623047
0.3374023438
0.3044433594
0.0048828125
0.1416625977
-0.3411254883
0.0842895508
0.0330200195
-0.3292236328
0.1361694336
-0.3461303711
-0.0322875977
-0.0741577148
-0.0035400391
-0.0023803711
-0.0576782227
0.0288696289
-0.0910644531
-0.0371093750
0.0425415039
0.0779418945
-0.1145629883
0.0457153320
0.0052490234
-0.0811157227
-0.0191040039
-0.0031127930
-0.0890502930
0.1103515625
0.0241699219
0.0503540039
-0.1110839844
0.0368652344
-0.1195068359
0.1143188477
-0.1486206055
0.1107788086
0.1365966797
0.1264648438
0.1160278320
-0.0711059570
0.0867309570
0.0776977539
0.0591430664
0.0241699219
-0.0280151367
0.0444946289
-0.0628051758
-0.0111694336
-0.0007324219
-0.0412597656
-0.0317993164
0.0519409180
-0.0248413086
0.0253295898
0.0180664062
-0.0277099609
0.0043334961
-0.0131225586
