-0.1293334961
-0.1650390625
0.2214355469
-0.1077270508
0.0838623047
-0.1403808594
-0.1743164062
0.0777587891
0.0689697266
-0.1643676758
0.1793823242
-0.0008544922
-0.1243286133
-0.1149902344
-0.0344848633
0.1117553711
0.0016479492
-0.0117187500
0.0381469727
0.0255737305
0.0472412109
-0.0012817383
-0.0302124023
0.0031127930
-0.0319213867
-0.0244750977
0.0056152344
0.0243530273
-0.0117187500
0.0028686523
0.0261230469
-0.0263061523
-0.0451660156
-0.0186157227
-0.0097656250
0.0031127930
-0.0217895508
-0.0316772461
0.0288085938
-0.0017700195
-0.0129394531
-0.0209960938
-0.0062866211
-0.0031127930
-0.0015869141
-0.0130004883
-0.0045776367
0.0267333984
-0.0675048828
0.1266479492
0.2105712891
-0.1900024414
0.2485961914
-0.1655273438
-0.1591186523
0.1588745117
-0.1295776367
-0.1472778320
-0.1668701172
-0.1148681641
0.1586303711
0.1624755859
-0.1160278320
0.1156616211
-0.0830078125
0.0112915039
-0.0403442383
0.0379638672
0.0296630859
-0.1005859375
0.1002807617
0.0522460938
0.1014404297
-0.1015014648
-0.0108642578
-0.0753173828
0.0556030273
0.0827026367
0.0303955078
-0.0032958984
-0.0836791992
-0.1110229492
0.0928344727
0.0921020508
-0.0937500000
0.1752319336
-0.0167236328
0.1053466797
0.1406860352
0.0090332031
0.0733642578
-0.1384887695
0.0908203125
0.2190551758
0.1577758789
0.1986694336
0.0434570312
0.3106079102
0.1973876953
0.2401733398
-0.2845458984
-0.1754150391
0.2782592773
0.2812500000
0.0661621094
0.1384277344
-0.2001342773
-0.1054077148
0.2978515625
-0.3003540039
-0.2875366211
-0.3204345703
-0.0106201172
-0.0618896484
0.0205688477
-0.0214843750
-0.0383300781
0.0369262695
-0.0781250000
-0.0925292969
0.0451049805
0.0802001953
-0.0703125000
0.0852050781
-0.0222167969
-0.0593261719
0.0030517578
0.0122070312
-0.0632324219
0.1020507812
0.0759887695
0.0889282227
-0.0759277344
0.0543823242
-0.0589599609
0.1182861328
-0.1179199219
0.0181884766
0.1218261719
0.0899658203
0.0823364258
-0.1024169922
0.0838012695
0.1013793945
-0.0028076172
0.0193481445
-0.0140380859
-0.0003662109
-0.0145874023
0.0073852539
0.0098266602
-0.0006103516
0.0058593750
0.0032958984
-0.0214233398
0.0016479492
0.0073242188
0.0053100586
0.0408935547
0.0031127930
