-0.0206909180
-0.0262451172
0.0667114258
-0.0395507812
0.0366210938
-0.0327148438
-0.0646362305
0.0039672852
0.0180053711
-0.0720825195
0.0848999023
0.0341186523
-0.0296020508
-0.0195312500
0.0529785156
0.0165405273
0.0031738281
-0.0054931641
-0.0007934570
0.0023803711
-0.0093994141
-0.0023803711
-0.0018920898
-0.0034179688
-0.0022583008
-0.0113525391
0.0214843750
-0.0031127930
-0.0142211914
0.0092773438
0.0034790039
-0.0064697266
-0.1467895508
-0.1032104492
-0.0546875000
0.0208129883
0.0190429688
-0.1564941406
0.1102905273
-0.0776977539
-0.0582885742
-0.1416625977
-0.0161132812
-0.1104736328
0.0656127930
-0.0440063477
0.0374755859
0.2009887695
0.0268554688
0.0166625977
0.0737304688
-0.0565185547
0.0632324219
-0.0471191406
-0.0540771484
0.1154785156
-0.0521850586
-0.0058593750
-0.0505371094
-0.0517578125
0.0865478516
0.0310668945
-0.0562133789
0.0630493164
-0.3215332031
-0.1781616211
-0.3110351562
0.0679931641
-0.1183471680
-0.3099975586
0.2524414062
0.3114624023
0.3110961914
-0.3438720703
-0.0367431641
-0.2713623047
0.1011352539
0.2295532227
-0.0164184570
-0.1243896484
-0.0620727539
-0.1027832031
0.0777587891
0.0488281250
-0.1537475586
0.1375732422
-0.1098632812
0.1431274414
0.1477661133
-0.0101928711
0.1326293945
-0.1447753906
0.1328735352
0.1154174805
0.1370239258
0.2050170898
0.0037231445
0.0117797852
0.0051269531
-0.0081176758
-0.0029296875
-0.0070800781
0.0131835938
0.0053710938
0.0081176758
0.0042114258
-0.0021972656
-0.0063476562
0.0068969727
0.0019531250
-0.0134277344
-0.0049438477
-0.1368408203
-0.2056274414
0.1348876953
-0.1212768555
-0.1615600586
0.1257324219
-0.2205200195
-0.0822143555
0.0129394531
0.1065673828
-0.0337524414
0.2328491211
0.1129760742
-0.2583618164
-0.1107177734
-0.1214599609
-0.0074462891
0.0346069336
0.0139770508
0.0523071289
0.0061035156
-0.0009155273
-0.0861206055
0.0315551758
-0.0505371094
0.0366210938
0.0653076172
0.0239868164
0.0626831055
-0.0974731445
0.0345458984
0.0620727539
0.1644897461
0.0676269531
-0.1954345703
0.1383666992
-0.0390625000
-0.1683349609
-0.1519775391
-0.1765747070
-0.1790161133
0.2056274414
0.0991821289
0.1914062500
0.1688842773
0.0864868164
-0.0264892578
-0.1631469727
