-0.0101318359
0.0030517578
0.0327758789
-0.0203857422
-0.0029296875
0.0196533203
-0.0225219727
-0.0047607422
0.0241699219
-0.0263671875
0.0059204102
0.0238647461
-0.0065307617
0.0017700195
-0.0003662109
0.0308227539
0.0294799805
-0.0410156250
0.0068359375
0.0493774414
0.0440673828
-0.0108642578
-0.0070800781
-0.0552368164
-0.0708618164
-0.0491333008
0.0294189453
0.0213012695
0.0065917969
0.0602416992
0.0207519531
-0.0866699219
-0.1022338867
-0.0336914062
0.0046997070
0.0363159180
0.0309448242
-0.0865478516
0.1126098633
-0.0872802734
-0.0689697266
-0.0648193359
-0.0732421875
-0.0419311523
0.0593872070
-0.0770874023
0.0351562500
0.1083374023
-0.2135009766
0.2135009766
0.2960205078
-0.2956542969
0.2900390625
-0.2304077148
-0.2283325195
0.1222534180
-0.2047119141
-0.2604370117
-0.2526855469
-0.2031860352
0.2754516602
0.2446899414
-0.2435302734
0.2572021484
-0.0288696289
-0.0014038086
-0.0021972656
0.0159912109
0.0080566406
0.0064697266
0.0231323242
0.0324707031
0.0330810547
-0.0051269531
0.0234375000
0.0241088867
0.0205078125
0.0045776367
-0.0172119141
0.0210571289
-0.1001586914
-0.2092895508
0.1041870117
0.1168823242
-0.1458129883
0.2896728516
-0.1340942383
0.1517944336
0.2760009766
-0.0884399414
0.1786499023
-0.2390136719
0.1889038086
0.1563720703
0.2570800781
0.2871093750
0.0051269531
0.0043334961
0.0190429688
0.0012817383
-0.0101928711
-0.0119628906
0.0030517578
0.0195312500
-0.0026245117
-0.0034790039
0.0136718750
0.0083007812
0.0047607422
-0.0028076172
0.0223999023
-0.0065307617
-0.0178833008
-0.0223388672
-0.0025024414
0.0135498047
-0.0410156250
-0.0095825195
-0.0463867188
-0.0114746094
-0.0380859375
0.0411987305
-0.0045166016
0.0300292969
-0.0055541992
-0.0522460938
-0.0254516602
-0.0416870117
-0.0117187500
0.0269775391
0.0410156250
0.0181274414
-0.0172729492
0.0299682617
-0.0282592773
0.0078735352
-0.0318603516
0.0050048828
-0.0250244141
0.0142822266
0.0193481445
-0.0135498047
0.0181884766
0.0227661133
0.1025390625
0.0733032227
-0.1100463867
0.1354980469
-0.0513305664
-0.1459960938
-0.1287841797
-0.1280517578
-0.1312866211
0.1748046875
-0.0280761719
0.1350708008
0.1788940430
0.0294189453
0.0068969727
-0.1164550781
