-0.2559814453
-0.2976074219
0.2241210938
-0.2756347656
0.2572631836
-0.2666015625
-0.2369384766
0.0188598633
0.1510620117
-0.2266845703
0.2765502930
0.1166381836
-0.2918701172
-0.2570190430
-0.0341186523
0.3417358398
-0.0170898438
0.0221557617
0.0308227539
0.0006713867
-0.0098266602
0.0304565430
-0.0238647461
-0.0134277344
0.0067749023
-0.0199584961
0.0297241211
0.0142211914
0.0147094727
-0.0083007812
-0.0388183594
0.0076904297
-0.0581054688
-0.0468139648
-0.0250244141
-0.0140991211
0.0010986328
-0.0249023438
0.0583496094
0.0024414062
-0.0199584961
-0.0208129883
-0.0061645508
0.0029907227
0.0004272461
0.0189819336
0.0183105469
0.0262451172
-0.1572875977
0.1452636719
0.1655883789
-0.1801147461
0.2081298828
-0.1680297852
-0.1337280273
0.1383666992
-0.1547241211
-0.1364135742
-0.1794433594
-0.0800170898
0.1572265625
0.1734008789
-0.1195678711
0.1738891602
0.0208129883
0.0579833984
0.0292968750
-0.0411376953
0.0040893555
0.0168457031
-0.0137329102
-0.0127563477
-0.0059814453
0.0122680664
0.0493164062
0.0049438477
0.0761108398
-0.0290527344
0.0101928711
0.0023803711
-0.0053100586
-0.0125122070
0.0467529297
-0.0304565430
0.0178833008
0.0413818359
-0.0080566406
0.0094604492
0.0481567383
0.0033569336
-0.0019531250
-0.0322875977
-0.0109863281
0.0074462891
0.0331420898
0.0381469727
-0.0134887695
0.0475463867
0.0333251953
0.1343994141
-0.1011962891
0.0214843750
0.1033935547
0.0587158203
-0.0671386719
0.0574340820
-0.1022949219
-0.0073852539
0.0191040039
-0.0595703125
0.0090942383
-0.0183105469
-0.1427612305
-0.1770629883
0.1096191406
-0.0988159180
-0.1964721680
0.1233520508
-0.1930541992
-0.1166992188
0.0681762695
0.2248535156
-0.0896606445
0.1814575195
0.1520996094
-0.1902465820
-0.0707397461
-0.1772460938
-0.0263671875
0.0294799805
0.0010375977
0.0017700195
-0.0343627930
0.0234985352
-0.0199584961
0.0252685547
-0.0158081055
-0.0177612305
0.0138549805
0.0087280273
0.0369873047
-0.0295410156
-0.0059814453
0.0213623047
0.0890502930
0.0093994141
-0.1154174805
0.1300659180
0.0154418945
-0.0986328125
-0.1039428711
-0.1101074219
-0.1122436523
0.1152343750
-0.0118408203
0.1472167969
0.1234130859
0.0026855469
-0.0143432617
-0.0676879883
