-0.0858764648
-0.0989379883
0.0835571289
-0.0740356445
0.0619506836
0.0430908203
-0.1351928711
-0.0425415039
0.0057373047
-0.0232543945
0.1138305664
0.0280761719
-0.0872192383
-0.0632934570
0.0361328125
0.0809936523
0.0100708008
-0.0061035156
-0.0014038086
0.0142822266
-0.0009155273
0.0031127930
-0.0030517578
-0.0168457031
-0.0088500977
0.0070190430
0.0160522461
0.0027465820
0.0017700195
0.0170898438
0.0021362305
0.0024414062
-0.2802734375
-0.0275268555
-0.2554931641
-0.0264892578
0.0743408203
-0.2962646484
0.2582397461
-0.0652465820
-0.3543090820
-0.2736816406
-0.1034545898
-0.1932373047
0.0702514648
-0.1428222656
0.1619262695
0.2509765625
-0.1465454102
0.1649169922
0.1989746094
-0.2094116211
0.1474609375
-0.2346191406
-0.1384277344
0.1705932617
-0.1375732422
-0.1976928711
-0.2396240234
-0.1451416016
0.2269897461
0.1953735352
-0.1510620117
0.2035522461
-0.0000610352
0.0125732422
0.0032958984
0.0135498047
0.0078125000
-0.0054321289
0.0007934570
0.0045776367
0.0049438477
0.0040283203
0.0019531250
-0.0071411133
-0.0043945312
-0.0031127930
0.0166625977
-0.0001831055
-0.0538940430
-0.1447753906
-0.0212402344
0.1156616211
-0.0376586914
0.1721191406
-0.0525512695
0.1605834961
0.1230468750
-0.1228637695
0.0497436523
-0.0404052734
0.1968383789
0.0385742188
0.1520385742
0.1493530273
0.0333251953
-0.0079345703
0.0238037109
0.0000000000
-0.0029907227
0.0235595703
-0.0341186523
-0.0158081055
-0.0065917969
0.0317382812
0.0054321289
-0.0145263672
-0.0129394531
0.0260009766
-0.0105590820
0.0302734375
-0.1184082031
-0.1708374023
0.0226440430
-0.0269775391
-0.1182250977
0.1823120117
-0.1473999023
-0.1187133789
-0.0382690430
0.1517944336
-0.1175537109
0.1737060547
0.0708618164
-0.1765747070
-0.0618286133
-0.0668945312
-0.0767822266
0.1468505859
0.0466918945
0.0736694336
-0.0963745117
0.0862426758
-0.0960083008
0.0586547852
-0.0376586914
0.1787109375
0.1626586914
0.0956420898
0.0817260742
-0.0541992188
0.0554809570
0.1237182617
-0.0016479492
0.0802612305
-0.0188598633
0.0437622070
-0.0063476562
0.0043334961
-0.0283813477
-0.0090942383
0.0180664062
-0.0083007812
-0.0243530273
-0.0050659180
0.0027465820
0.0129394531
-0.0446166992
-0.0227661133
