-0.0015869141
0.0020751953
0.0178833008
0.0291748047
-0.0075683594
0.0297241211
-0.0275878906
0.0125732422
-0.0180664062
0.0124511719
-0.0098266602
-0.0099487305
0.0000610352
0.0408935547
0.0698852539
0.0028076172
0.0282592773
-0.0253295898
0.0081176758
0.0063476562
0.0450439453
0.0267333984
0.0117797852
-0.0133666992
-0.0251464844
0.0178833008
0.0222778320
0.0183715820
0.0072021484
0.0064697266
0.0032958984
-0.0684204102
-0.1041259766
-0.0112915039
-0.0139770508
-0.0064086914
-0.0738525391
-0.0634765625
0.0917358398
0.0320434570
-0.0316162109
-0.0086669922
-0.0751953125
0.0073242188
-0.0061035156
-0.0498046875
-0.0396728516
0.1087036133
-0.2238159180
0.2115478516
0.3096923828
-0.2777099609
0.3111572266
-0.2329101562
-0.2348022461
0.0728149414
-0.2443847656
-0.2819824219
-0.2629394531
-0.1438598633
0.2480468750
0.2591552734
-0.2196655273
0.2295532227
0.0109863281
-0.0255126953
0.0108642578
0.0263671875
0.0382080078
-0.0014038086
-0.0013427734
0.0003051758
0.0004272461
0.0015869141
0.0249023438
0.0202636719
0.0014648438
-0.0187377930
-0.0133666992
-0.0039672852
-0.1088256836
-0.2028198242
0.0755615234
0.1311645508
-0.2147216797
0.2860107422
-0.2188110352
0.1905517578
0.2626342773
-0.1290893555
0.1866455078
-0.1755371094
0.1734619141
0.1679687500
0.2584838867
0.3487548828
0.0351562500
0.0379638672
0.0609130859
0.0478515625
0.0013427734
-0.0058593750
0.0183715820
0.0273437500
0.0095825195
-0.0074462891
-0.0299072266
0.0297241211
0.0194702148
-0.0144653320
0.0109863281
-0.0488891602
-0.0856933594
-0.0772705078
0.0374145508
-0.0645751953
-0.1484375000
0.1021118164
-0.1174316406
-0.1348266602
-0.0674438477
0.1571655273
-0.0236816406
0.0932617188
0.0544433594
-0.0948486328
-0.0789794922
-0.1591796875
0.0149536133
0.0099487305
0.0224609375
0.0190429688
0.0093383789
-0.0042114258
-0.0298461914
0.0104980469
-0.0097656250
0.0087280273
0.0276489258
-0.0101318359
0.0482177734
-0.0211181641
0.0160522461
0.0018310547
0.0851440430
-0.0093383789
0.0169067383
0.0314331055
-0.0218505859
0.0209350586
0.0188598633
0.0067749023
0.0117797852
0.0108642578
-0.0725708008
-0.0483398438
0.0245361328
-0.0529785156
0.0318603516
0.0314331055
