-0.2342529297
-0.2752685547
0.2744750977
-0.2654418945
0.2299804688
-0.1826171875
-0.3037109375
0.0489501953
0.1716918945
-0.3536987305
0.3046875000
0.0573730469
-0.2952270508
-0.2570190430
0.0590820312
0.2316284180
0.0184936523
-0.0312500000
0.0141601562
0.0056152344
0.0192871094
0.0048828125
0.0190429688
-0.0012207031
-0.0128173828
0.0062866211
0.0302124023
-0.0170288086
-0.0130004883
0.0042724609
-0.0127563477
-0.0122680664
-0.1476440430
-0.0671386719
-0.1335449219
-0.0062866211
-0.0228271484
-0.1285400391
0.1166992188
-0.0912475586
-0.0773925781
-0.1517944336
0.0030517578
-0.0934448242
0.0575561523
-0.0531616211
-0.0336303711
0.1708984375
-0.1325073242
0.1945800781
0.3040771484
-0.2230834961
0.2304077148
-0.1630859375
-0.1605834961
0.2504272461
-0.1537475586
-0.1276245117
-0.1697387695
-0.1925048828
0.2064819336
0.1523437500
-0.2426757812
0.1787719727
-0.0119628906
-0.0051269531
0.0179443359
-0.0489501953
-0.0360107422
-0.0069580078
0.0117797852
0.0170898438
0.0048828125
0.0013427734
-0.0006713867
-0.0102539062
0.0097656250
0.0015869141
0.0220336914
0.0297851562
-0.0547485352
-0.0903320312
-0.0998535156
0.0772094727
-0.0845336914
0.1702270508
-0.0599365234
0.1613769531
0.1516113281
-0.0501098633
0.0782470703
-0.1213378906
0.1369628906
0.1052856445
0.1193237305
0.2187500000
0.0278320312
0.0484008789
0.0106811523
0.0582885742
-0.0673828125
-0.0216674805
0.0363769531
0.0551147461
0.0349731445
0.0087890625
-0.0217895508
0.0191650391
0.0636596680
-0.0238037109
-0.0273437500
-0.0417480469
-0.0421142578
-0.1149291992
0.0850219727
-0.0901489258
-0.1354980469
0.0813598633
-0.1246948242
-0.0600585938
0.0363159180
0.1374511719
-0.0430297852
0.0781860352
0.0204467773
-0.1320800781
-0.0509643555
-0.0404052734
0.0015258789
-0.0048217773
0.0488891602
0.0509033203
0.0012207031
-0.0164794922
-0.0086059570
0.0214843750
-0.0389404297
0.0225830078
0.0224609375
0.0309448242
0.0206298828
-0.0504760742
0.0250244141
0.0253295898
0.2628173828
-0.0415649414
-0.1776733398
0.3064575195
-0.0183715820
-0.1570434570
-0.2277832031
-0.2210693359
-0.1429443359
0.2113647461
-0.1243286133
0.1739501953
0.2340698242
-0.0881958008
0.0874633789
-0.1223754883
