0.0046997070
0.0043945312
0.0056152344
-0.0074462891
0.0329589844
0.0245361328
-0.0316162109
0.0003662109
0.0264282227
-0.0374145508
0.0048217773
-0.0312500000
-0.0047607422
0.0103759766
-0.0110473633
-0.0079956055
0.0180053711
-0.0184326172
-0.0128784180
0.0172729492
0.0087890625
0.0077514648
0.0003051758
-0.0029296875
-0.0045166016
-0.0090942383
0.0094604492
-0.0100097656
0.0117187500
0.0124511719
0.0063476562
0.0082397461
-0.1271362305
-0.0817260742
-0.0587768555
0.0975952148
0.0123291016
-0.0904541016
0.0496215820
-0.0905151367
-0.0840454102
-0.0636596680
-0.0674438477
-0.0132446289
0.0341796875
-0.0204467773
0.0375976562
0.0529785156
-0.1910400391
0.2081298828
0.3015747070
-0.2778320312
0.2608642578
-0.2306518555
-0.1990356445
0.2225952148
-0.2283935547
-0.2133789062
-0.2678833008
-0.1526489258
0.2562255859
0.3007812500
-0.2424926758
0.2532958984
0.0090332031
-0.0062255859
0.0210571289
0.0050048828
-0.0020141602
0.0000610352
-0.0055541992
-0.0042114258
-0.0133056641
0.0015258789
0.0063476562
-0.0020751953
0.0116577148
0.0022583008
-0.0095214844
-0.0007324219
-0.1195068359
-0.1577148438
0.0110473633
0.0982055664
-0.1693115234
0.2229614258
-0.1384887695
0.1574707031
0.2277221680
-0.0550537109
0.1516723633
-0.1187744141
0.1609497070
0.0952758789
0.2241821289
0.2677001953
0.0495605469
-0.0296630859
0.0072631836
0.0015258789
-0.0190429688
0.0056762695
0.0155639648
0.0153198242
-0.0225219727
-0.0012817383
0.0026245117
0.0112304688
0.0360717773
0.0106201172
0.0198364258
0.0020141602
-0.0631713867
-0.1349487305
0.0479736328
-0.0345458984
-0.1275024414
0.1136474609
-0.1471557617
-0.1326293945
0.0186767578
0.1893310547
-0.0751953125
0.1428222656
0.0634765625
-0.1885986328
-0.1207275391
-0.0989379883
-0.0058593750
0.0278320312
0.0000000000
0.0434570312
-0.0126342773
-0.0153808594
0.0150756836
0.0115966797
-0.0426635742
0.0042114258
0.0473632812
0.0198364258
-0.0091552734
-0.0311889648
-0.0161132812
0.0291748047
0.0557250977
0.0231933594
-0.0593872070
0.1133422852
-0.0369262695
-0.0834960938
-0.0328369141
-0.1065673828
-0.0585937500
0.0657348633
0.0073852539
0.0728759766
0.0907592773
-0.0130004883
-0.0099487305
-0.0938110352
