-0.2143554688
-0.1869506836
0.1904907227
-0.1608886719
0.0867919922
-0.0822753906
-0.1644287109
-0.0006103516
0.1254272461
-0.1931152344
0.1911010742
0.0936279297
-0.1840209961
-0.1159667969
0.0024414062
0.2069702148
0.0006713867
-0.0159912109
0.0421752930
-0.0023193359
0.0445556641
0.0092773438
0.0057373047
-0.0020141602
-0.0125732422
-0.0357055664
0.0206298828
-0.0024414062
-0.0246582031
-0.0073242188
-0.0048217773
0.0069580078
-0.1376342773
-0.0233764648
-0.0811157227
0.0283203125
-0.0040283203
-0.1447143555
0.1145629883
-0.1032104492
-0.1319580078
-0.0898437500
0.0060424805
-0.0773315430
0.0546875000
-0.0333251953
0.0228271484
0.0988769531
-0.1334228516
0.1060180664
0.2016601562
-0.1841430664
0.1638183594
-0.1340332031
-0.1563110352
0.1395263672
-0.0867309570
-0.1500244141
-0.1585083008
-0.1439208984
0.1545410156
0.1005249023
-0.1444702148
0.0928344727
0.0064086914
-0.0066528320
0.0028686523
0.0067138672
-0.0057373047
-0.0004272461
-0.0008544922
0.0069580078
0.0050659180
-0.0081787109
0.0018310547
0.0073852539
0.0067749023
0.0020141602
0.0079345703
0.0081787109
-0.1300659180
-0.1926879883
0.0701904297
0.1630249023
-0.1419067383
0.2736816406
-0.1624755859
0.1746826172
0.2617187500
-0.1271972656
0.2203369141
-0.1669921875
0.2572631836
0.1766967773
0.2427978516
0.3898315430
-0.0787353516
0.2854614258
0.0336303711
0.3345336914
-0.2943725586
-0.1350097656
0.3062744141
0.3122558594
-0.0325317383
0.1302490234
-0.3852539062
0.1124877930
0.0455932617
-0.3462524414
0.0858764648
-0.3063354492
-0.0043334961
-0.0297241211
-0.0389404297
0.0047607422
-0.0338745117
0.0244750977
-0.0469970703
-0.0211791992
0.0147705078
0.0379028320
0.0264892578
0.0180664062
-0.0167236328
-0.0260009766
0.0256958008
-0.0035400391
-0.1054687500
0.0924682617
0.0015258789
-0.0414428711
-0.0992431641
-0.0007324219
-0.0739135742
0.1398315430
-0.1217041016
-0.0154418945
-0.0032348633
0.1427001953
0.0864868164
-0.0501098633
-0.0045166016
0.0499877930
-0.0100708008
-0.0111694336
-0.0711669922
0.0580444336
-0.0381469727
-0.0068969727
0.0046386719
-0.0817871094
-0.0269775391
0.0484619141
0.0167236328
0.0447387695
0.0260009766
-0.0574951172
0.0094604492
-0.0379028320
