-0.0675659180
-0.0735473633
0.0497436523
-0.0648803711
-0.0210571289
-0.0023803711
-0.0782470703
0.0063476562
-0.0150146484
-0.1163940430
0.0695800781
-0.0123291016
-0.0335693359
-0.0772094727
-0.0212402344
0.0348510742
-0.0836181641
0.0757446289
-0.0328979492
-0.0773315430
-0.0388183594
0.0906372070
0.0371704102
0.0762939453
0.0897827148
0.0758056641
0.0657958984
-0.0029907227
0.1175537109
-0.0872802734
-0.0383300781
-0.0087280273
-0.0827636719
-0.0343017578
-0.0543823242
0.0151367188
0.0159301758
-0.0955810547
0.0952148438
-0.0097656250
-0.0657348633
-0.0839233398
-0.0645141602
-0.0201416016
0.0114746094
-0.0558471680
-0.0006103516
0.1064453125
-0.0256347656
0.0198974609
0.0206298828
-0.0164184570
0.0396118164
-0.0386352539
0.0146484375
0.0140991211
-0.0205688477
-0.0225830078
-0.0314331055
-0.0656738281
0.0733032227
0.0498046875
-0.0040893555
0.0563354492
-0.0274658203
-0.0218505859
-0.0325317383
0.0238037109
-0.0187988281
-0.0399780273
0.0180664062
0.0374145508
0.0543823242
-0.0526123047
0.0115966797
-0.0549316406
-0.0023193359
0.0348510742
0.0025024414
0.0187988281
0.0138549805
-0.1138916016
-0.0640869141
0.1065063477
-0.0032958984
0.0345458984
-0.0330200195
0.1197509766
0.0678100586
-0.1089477539
0.0914916992
-0.0108642578
0.1106567383
0.0003662109
0.0854492188
0.0453491211
0.0269775391
0.0113525391
0.0258789062
0.0022583008
-0.0081787109
-0.0053710938
0.0006713867
-0.0062255859
0.0258789062
0.0012817383
0.0199584961
0.0105590820
-0.0032348633
-0.0051879883
-0.0111694336
-0.0039062500
-0.3106079102
-0.2848510742
0.1101074219
-0.1159667969
-0.3073730469
0.2681274414
-0.2700195312
-0.2289428711
0.0167236328
0.2756958008
-0.1620483398
0.2768554688
0.1973266602
-0.3079833984
-0.1394653320
-0.2821044922
0.0171508789
0.0003662109
0.0239868164
-0.0043945312
0.0015258789
0.0116577148
-0.0025634766
-0.0076904297
0.0191650391
0.0125732422
0.0228881836
0.0021362305
0.0269165039
0.0012207031
0.0093383789
0.0061035156
0.0639038086
0.0231323242
-0.1053466797
0.0957641602
-0.0150756836
-0.0865478516
-0.1217041016
-0.0718383789
-0.0461425781
0.0859375000
-0.0638427734
0.0874023438
0.1239624023
0.0434570312
-0.0800170898
-0.1022338867
