-0.0701293945
-0.0596923828
0.0216674805
-0.0833129883
-0.0034179688
0.0029907227
-0.0507812500
0.0278320312
-0.0238647461
-0.0377807617
0.0464477539
0.0093383789
-0.0216064453
-0.0592651367
0.0012817383
0.0697631836
-0.3349609375
0.3410644531
0.1239624023
-0.3486938477
0.0383300781
0.2678222656
-0.0477294922
0.3295898438
0.3400268555
0.1164550781
0.0649414062
0.0945434570
0.1937255859
-0.3530273438
0.0063476562
0.0288085938
-0.0868530273
-0.0336914062
-0.0348510742
0.0569458008
0.0275268555
-0.0798950195
0.0435791016
-0.0719604492
-0.0932617188
-0.0982055664
-0.0375976562
-0.0091552734
0.0402221680
-0.0338134766
-0.0007934570
0.1154174805
-0.0181884766
0.1087036133
0.1329345703
-0.1780395508
0.0728759766
-0.0906372070
-0.0811767578
0.1031494141
-0.1063232422
-0.1373901367
-0.1392211914
-0.1092529297
0.1596679688
0.1360473633
-0.0797119141
0.0971069336
-0.1318359375
-0.0191650391
-0.1151123047
0.0222778320
-0.0035400391
-0.1044921875
0.1054687500
0.0300292969
0.0928344727
-0.0998535156
0.0332641602
-0.1037597656
0.0557250977
0.0855102539
0.0434570312
0.0214233398
-0.0108032227
-0.0269775391
0.0258789062
0.0015258789
0.0148315430
0.0264282227
-0.0075683594
0.0361938477
0.0411376953
0.0080566406
0.0284423828
-0.0244750977
0.0125732422
0.0120239258
0.0291137695
-0.0003662109
0.0560302734
-0.0253295898
0.0200805664
-0.0343017578
0.0236206055
0.0007934570
-0.0283813477
-0.0255737305
0.0104980469
-0.0305786133
0.0428466797
0.0033569336
0.0214843750
0.0015258789
0.0147705078
0.0487060547
-0.0848999023
-0.1070556641
0.0155639648
0.0159301758
-0.1152954102
0.1062011719
-0.1268920898
-0.0343017578
0.0159301758
0.0750732422
-0.0793457031
0.1283569336
0.0043334961
-0.1326293945
0.0186767578
-0.0587158203
-0.0703735352
0.0326538086
0.0358886719
-0.0302734375
-0.0571289062
0.0109863281
0.0723876953
0.0537109375
-0.0389404297
0.0003051758
0.0006103516
0.0408935547
-0.0270385742
-0.0302124023
-0.0191650391
0.0178833008
0.0111694336
0.0144042969
-0.0102539062
0.0183105469
-0.0421752930
0.0093383789
-0.0093994141
0.0045776367
0.0024414062
-0.0098876953
-0.0099487305
0.0319213867
-0.0271606445
0.0088500977
-0.0302734375
-0.0368652344
