-0.0535888672
-0.0377197266
0.0937500000
-0.0269165039
0.0291748047
0.0226440430
-0.0766601562
0.0258178711
0.0556640625
-0.0770263672
0.0424194336
-0.0010986328
-0.0930175781
-0.0274047852
-0.0062255859
0.0423583984
0.0059814453
-0.0111083984
0.0042724609
0.0003051758
0.0209960938
0.0203857422
-0.0112304688
0.0034790039
0.0058593750
-0.0050659180
-0.0021972656
0.0086669922
0.0120239258
-0.0004272461
0.0049438477
-0.0300903320
-0.1148071289
-0.0327758789
-0.0574340820
0.0862426758
-0.0406494141
-0.0924682617
0.0846557617
-0.0413818359
-0.0861816406
-0.0894165039
-0.0518798828
-0.0463256836
0.0936889648
-0.0213012695
0.0244750977
0.1251220703
-0.2431640625
0.2043457031
0.2938232422
-0.2522583008
0.3064575195
-0.2626342773
-0.2385864258
0.1469116211
-0.2706298828
-0.2479858398
-0.2386474609
-0.1760253906
0.2625122070
0.2606201172
-0.1857910156
0.2193603516
-0.0250244141
-0.0103759766
-0.0020751953
0.0316772461
-0.0058593750
-0.0235595703
0.0007934570
0.0133666992
-0.0010375977
-0.0081787109
-0.0250244141
0.0142211914
-0.0152587891
0.0340576172
-0.0269775391
-0.0232543945
-0.0981445312
-0.2407836914
0.0463256836
0.1763305664
-0.1583862305
0.2370605469
-0.1333007812
0.2011718750
0.2570190430
-0.1500854492
0.1716918945
-0.1597290039
0.2404785156
0.2339477539
0.2331542969
0.3281250000
0.0332031250
0.0018920898
-0.0009765625
0.0082397461
-0.0068969727
0.0054931641
0.0220336914
0.0275878906
-0.0077514648
0.0229492188
-0.0006103516
0.0057983398
0.0107421875
-0.0142211914
0.0122070312
-0.0430908203
-0.0684814453
-0.1068725586
0.0570068359
-0.1040649414
-0.1527709961
0.0871582031
-0.1068725586
-0.1118774414
-0.0153808594
0.1426391602
0.0296020508
0.1182250977
0.0411987305
-0.1210327148
-0.0589599609
-0.0770263672
0.0069580078
0.0093994141
0.0101928711
0.0027465820
-0.0072631836
0.0053100586
-0.0076904297
-0.0056152344
0.0012817383
-0.0084228516
0.0278320312
-0.0069580078
0.0221557617
-0.0016479492
0.0146484375
0.0070800781
0.0127563477
-0.0050048828
-0.0060424805
0.0438232422
0.0142211914
-0.0101318359
-0.0015869141
-0.0302124023
-0.0192871094
0.0210571289
-0.0336914062
-0.0044555664
0.0441894531
0.0098266602
0.0011596680
0.0001831055
