-0.0137329102
-0.0272216797
0.0599365234
-0.0382690430
0.0358886719
0.0154418945
-0.0260620117
-0.0091552734
0.0053710938
-0.0419311523
0.0482177734
0.0119628906
-0.0453491211
-0.0293579102
-0.0021972656
0.0324707031
0.0366821289
-0.0614013672
0.0355834961
0.0932006836
0.0048217773
-0.0036010742
-0.0067749023
-0.1114501953
-0.1025390625
-0.0256347656
0.0473632812
0.0261840820
-0.0076904297
0.0909423828
0.0007934570
-0.0943603516
-0.1602172852
-0.0294799805
-0.0910644531
-0.0151977539
-0.0079956055
-0.1455078125
0.0794677734
-0.0368041992
-0.0962524414
-0.0712280273
-0.0994873047
-0.0277099609
-0.0016479492
-0.0599365234
0.0335693359
0.1265258789
-0.1820678711
0.1575317383
0.2548828125
-0.2662353516
0.2623901367
-0.2109375000
-0.1864013672
0.1865844727
-0.1358032227
-0.1726074219
-0.2404174805
-0.1658935547
0.2868041992
0.2169189453
-0.2019653320
0.1768188477
-0.0052490234
-0.0050659180
0.0025634766
0.0029296875
-0.0016479492
0.0018920898
-0.0029907227
-0.0075073242
0.0162963867
-0.0151977539
0.0059814453
0.0120849609
0.0056762695
0.0191650391
0.0175781250
0.0100097656
-0.1606445312
-0.1915283203
0.1582641602
0.1608276367
-0.1964111328
0.3007812500
-0.2409667969
0.1621093750
0.2990722656
-0.1616821289
0.2642822266
-0.2346801758
0.1708984375
0.2599487305
0.3302001953
0.4317016602
0.0005493164
0.0010986328
0.0184326172
0.0045166016
-0.0155639648
-0.0288696289
0.0047607422
0.0266723633
-0.0099487305
-0.0130615234
0.0002441406
0.0106811523
0.0209960938
-0.0060424805
-0.0046386719
-0.0316772461
-0.1096801758
-0.1489257812
0.0351562500
-0.0599975586
-0.1202392578
0.1275024414
-0.1682739258
-0.0753173828
-0.0368652344
0.1562500000
-0.0630493164
0.1060791016
0.0312500000
-0.1342773438
-0.1193237305
-0.1064453125
-0.0006103516
0.0103759766
0.0125732422
0.0139770508
-0.0197753906
-0.0025024414
-0.0246582031
0.0048828125
-0.0108032227
0.0112304688
0.0139770508
0.0037841797
0.0148315430
-0.0056762695
0.0056762695
0.0034179688
0.0396728516
0.0336303711
-0.0668945312
0.0767211914
-0.0112915039
-0.0816040039
-0.0326538086
-0.1282348633
-0.0728149414
0.1021118164
-0.0320434570
0.1021728516
0.0577392578
0.0515136719
-0.0214843750
-0.0924072266
