0.0095825195
0.0034179688
0.0252075195
-0.0011596680
0.0203247070
-0.0103759766
-0.0011596680
0.0197753906
0.0014648438
-0.0156250000
0.0115356445
0.0280151367
0.0159912109
-0.0040283203
-0.0089111328
0.0094604492
0.0007324219
-0.0001831055
-0.0147094727
0.0009155273
0.0118408203
-0.0023803711
0.0040283203
0.0075073242
-0.0037841797
0.0019531250
-0.0031127930
0.0050048828
-0.0035400391
0.0050048828
0.0059204102
0.0017700195
-0.0630493164
-0.0202636719
-0.0518798828
0.0178222656
0.0266113281
-0.0864257812
0.0586547852
-0.0761108398
-0.0328979492
-0.1013183594
-0.0429077148
-0.0269775391
0.0482788086
-0.0306396484
0.0134887695
0.1237182617
-0.0401611328
0.0806274414
0.1352539062
-0.1736450195
0.1619873047
-0.1190795898
-0.0723876953
0.0997924805
-0.1231689453
-0.1206054688
-0.1103515625
-0.1596679688
0.1099853516
0.0524902344
-0.0963134766
0.0772705078
-0.2893676758
0.0252075195
-0.3396606445
-0.0562744141
0.0506591797
-0.2913208008
0.2748413086
0.3287963867
0.3408203125
-0.3159790039
0.0657348633
-0.2117919922
-0.0504150391
0.1660766602
0.1129150391
-0.0203247070
-0.0244750977
-0.1724853516
0.0393676758
0.1346435547
-0.0944824219
0.1583251953
-0.0799560547
0.1253662109
0.1284790039
-0.0393676758
0.1130981445
-0.1423950195
0.1893310547
0.1335449219
0.1318969727
0.1762695312
0.0107421875
0.0021972656
0.0183715820
-0.0218505859
-0.0083007812
-0.0077514648
-0.0018310547
0.0122070312
-0.0083007812
0.0057983398
0.0109252930
-0.0209350586
0.0181274414
-0.0119018555
-0.0241699219
-0.0052490234
-0.1883544922
-0.2219238281
0.0716552734
-0.1035156250
-0.2082519531
0.1604003906
-0.2231445312
-0.1995849609
-0.1036987305
0.2007446289
-0.0798339844
0.2116088867
0.0986328125
-0.2410278320
-0.1151733398
-0.1912841797
0.0192260742
0.0095825195
0.0056762695
0.0106811523
0.0189208984
-0.0259399414
-0.0162353516
0.0175781250
-0.0124511719
-0.0007324219
0.0086059570
0.0290527344
0.0217895508
-0.0380859375
0.0170898438
0.0176391602
0.1232910156
-0.0108032227
-0.2116088867
0.2778320312
-0.0888671875
-0.2424316406
-0.2618408203
-0.2578735352
-0.2279663086
0.2852783203
-0.0360107422
0.2680664062
0.3034057617
0.0720214844
0.0260620117
-0.2569580078
