0.0019531250
-0.0183105469
0.0406494141
-0.0253906250
-0.0137939453
-0.0357666016
-0.0426025391
0.0149536133
-0.0158081055
-0.0374755859
0.0173339844
0.0283813477
-0.0294189453
-0.0290527344
0.0214233398
0.0018920898
-0.0073242188
0.0008544922
0.0020141602
-0.0147094727
0.0194702148
-0.0007934570
-0.0128173828
-0.0051879883
-0.0039672852
-0.0070190430
0.0149536133
0.0039062500
0.0019531250
-0.0010375977
-0.0062866211
-0.0234375000
-0.0761108398
-0.0457153320
0.0210571289
-0.0136108398
0.0306396484
-0.0519409180
0.0683593750
-0.0756835938
-0.0165405273
-0.0711059570
-0.0191040039
-0.0443115234
0.0535278320
-0.0730590820
0.0515136719
0.0775146484
-0.0633544922
0.0809326172
0.1459350586
-0.1838378906
0.1611328125
-0.1171875000
-0.1063842773
0.1349487305
-0.1221923828
-0.1055297852
-0.1215209961
-0.0959472656
0.1338500977
0.1314086914
-0.0599365234
0.1153564453
-0.0520019531
0.0016479492
-0.0381469727
0.0035400391
0.0174560547
-0.0295410156
0.0465087891
0.1052856445
0.0717773438
-0.0445556641
-0.0067749023
0.0005493164
0.0135498047
0.0256958008
0.0274658203
-0.0005493164
-0.0518188477
-0.1712036133
-0.0388183594
0.1347045898
-0.0477294922
0.1695556641
-0.0695190430
0.1737060547
0.1606445312
-0.0872192383
0.1552734375
-0.1633911133
0.1608886719
0.1337890625
0.2123413086
0.1751708984
0.0137329102
0.0124511719
0.0003662109
0.0011596680
-0.0077514648
-0.0166015625
-0.0098876953
-0.0055541992
0.0172119141
0.0086059570
0.0070800781
0.0112915039
0.0315551758
-0.0131225586
-0.0266723633
-0.0115966797
-0.2359619141
-0.2326049805
0.0421752930
-0.0784912109
-0.1671752930
0.1616821289
-0.2291870117
-0.1243286133
0.0675659180
0.2185668945
-0.0712890625
0.2426757812
0.0552368164
-0.2715454102
-0.0595703125
-0.1868896484
0.0109252930
0.0072021484
-0.0086059570
-0.0037231445
-0.0013427734
-0.0197753906
-0.0079956055
-0.0068359375
-0.0018310547
-0.0114746094
-0.0097656250
-0.0206298828
0.0224609375
-0.0090942383
0.0015869141
0.0053710938
0.1644287109
-0.0202026367
-0.2678833008
0.2855224609
-0.0286254883
-0.3058471680
-0.2613525391
-0.2950439453
-0.2915039062
0.3059082031
-0.0830688477
0.3314819336
0.3177490234
0.0792236328
0.0020141602
-0.3350830078
