-0.1038818359
-0.1425170898
0.1355590820
-0.1058349609
0.0996704102
-0.1300659180
-0.1027221680
0.0012207031
0.0502929688
-0.1676025391
0.1720581055
0.0718994141
-0.1062622070
-0.1312866211
0.0257568359
0.1049194336
0.0050659180
-0.0032958984
0.0401000977
0.0239257812
0.0206298828
0.0143432617
-0.0165405273
-0.0021972656
-0.0366210938
-0.0142211914
0.0198974609
-0.0004882812
0.0051269531
0.0076904297
0.0001220703
-0.0010986328
-0.0368652344
-0.0178222656
-0.0081176758
0.0048217773
0.0275878906
-0.0329589844
0.0187377930
-0.0056762695
-0.0033569336
-0.0108032227
-0.0209960938
0.0076293945
-0.0012817383
0.0106201172
-0.0206909180
0.0559692383
-0.0802612305
0.1156005859
0.1513061523
-0.1462402344
0.1602783203
-0.1404418945
-0.1201171875
0.1589355469
-0.0761718750
-0.0993041992
-0.0975952148
-0.0458984375
0.1215209961
0.1609497070
-0.1055908203
0.0695800781
-0.0580444336
-0.0001220703
-0.0390625000
-0.0099487305
0.0643920898
-0.0747070312
0.0554199219
0.0572509766
0.0943603516
-0.0490722656
-0.0105590820
-0.0189208984
0.0208129883
0.0475463867
0.0440673828
-0.0155029297
-0.0648193359
-0.1467285156
-0.0051879883
0.1007690430
-0.0501098633
0.1006469727
-0.0561523438
0.0835571289
0.1309814453
-0.0704345703
0.0817871094
-0.1047973633
0.1417236328
0.0662841797
0.1265258789
0.1306152344
0.0010986328
0.3446044922
0.0798950195
0.2921142578
-0.2720947266
-0.2343750000
0.3052368164
0.2551269531
0.0337524414
0.1005249023
-0.2687377930
-0.1113891602
0.2129516602
-0.3471679688
-0.1744384766
-0.3653564453
-0.0214233398
-0.0438232422
0.0158081055
-0.0017089844
-0.0261840820
0.0591430664
-0.0426635742
-0.0536499023
0.0535888672
0.0716552734
0.0020141602
0.0476074219
0.0015258789
-0.0639648438
0.0172729492
-0.0090332031
0.0126953125
0.0252685547
0.0336914062
-0.0183715820
-0.0077514648
0.0258789062
-0.0872802734
0.0119628906
-0.0485229492
0.0281982422
0.0683593750
0.0277709961
0.0158691406
-0.0586547852
0.0202636719
0.0256347656
-0.0116577148
-0.0008544922
-0.0281372070
0.0050659180
-0.0379028320
-0.0004882812
0.0369873047
-0.0014648438
0.0047607422
-0.0137939453
-0.0254516602
0.0280151367
-0.0166625977
-0.0278320312
0.0231323242
-0.0110473633
