-0.0698852539
-0.0209350586
0.1080322266
-0.0430297852
0.0074462891
-0.0313720703
-0.0941772461
-0.0059204102
0.0018310547
-0.1221923828
0.0166015625
0.0095825195
-0.0695800781
-0.0936889648
0.0188598633
0.0416870117
0.0122070312
-0.0063476562
-0.0052490234
0.0058593750
0.0233154297
-0.0006713867
-0.0062866211
-0.0071411133
-0.0070190430
0.0052490234
0.0045776367
0.0159301758
0.0141601562
0.0138549805
0.0084228516
-0.0222778320
-0.1316528320
-0.0624389648
-0.0133056641
0.0157470703
0.0146484375
-0.0969848633
0.1109008789
-0.1621704102
-0.0736694336
-0.1400146484
-0.0087890625
-0.1165771484
0.0101928711
-0.0675048828
0.0441894531
0.1582641602
-0.0348510742
0.0501098633
0.1297607422
-0.0937500000
0.1425781250
-0.0742187500
-0.0946655273
0.0446166992
-0.0669555664
-0.0775756836
-0.0650024414
-0.0748901367
0.1034545898
0.0598754883
-0.0933837891
0.0988769531
-0.3085937500
0.0312500000
-0.3196411133
-0.0472412109
0.0895385742
-0.3215332031
0.3505859375
0.3074340820
0.3700561523
-0.2914428711
0.0211791992
-0.2401733398
0.0476684570
0.2897949219
-0.0119018555
-0.1475219727
-0.0030517578
-0.0626220703
0.0057373047
0.0328369141
-0.0758056641
0.0860595703
-0.0828247070
0.0814208984
0.0974731445
-0.0656738281
0.0502319336
-0.0877075195
0.0740966797
0.1510620117
0.0566406250
0.0704345703
0.0002441406
0.0006103516
-0.0042724609
0.0056762695
-0.0001831055
-0.0127563477
-0.0006713867
-0.0029296875
0.0025024414
0.0072021484
-0.0021362305
-0.0059204102
-0.0082397461
-0.0020141602
0.0019531250
0.0107421875
-0.1295166016
-0.1972045898
0.0417480469
-0.0949096680
-0.1093139648
0.1115112305
-0.1703491211
-0.1044311523
-0.0044555664
0.1754150391
-0.0561523438
0.2121582031
0.0256347656
-0.2231445312
-0.0956420898
-0.1422729492
0.0028076172
-0.0212402344
0.0021972656
0.0001220703
0.0133056641
-0.0031127930
-0.0187377930
0.0115356445
-0.0181884766
0.0451660156
0.0336303711
-0.0148925781
0.0294189453
-0.0103759766
0.0056762695
0.0485839844
0.0208740234
0.0130004883
-0.0372314453
0.0024414062
-0.0247192383
-0.0147094727
-0.0299682617
-0.0007934570
-0.0206298828
0.0151367188
-0.0148925781
0.0220947266
0.0164184570
0.0426635742
0.0093383789
-0.0296020508
