0.0051879883
-0.0166015625
0.0357055664
-0.0452270508
0.0447998047
-0.0177612305
-0.0126953125
-0.0392456055
-0.0054931641
0.0126342773
0.0346069336
-0.0307006836
-0.0293579102
-0.0476684570
-0.0051269531
0.0116577148
-0.0224609375
0.0419311523
0.0093994141
-0.0263671875
0.0776977539
0.0167236328
0.0456542969
0.0201416016
0.0382690430
-0.0301513672
0.0392456055
-0.0123901367
0.0285034180
-0.0420532227
-0.0494995117
-0.0795288086
-0.0375366211
-0.0272827148
-0.0139160156
-0.0050048828
-0.0180053711
-0.0169067383
0.0071411133
-0.0385131836
0.0263061523
-0.0336303711
0.0079956055
-0.0130004883
0.0216674805
0.0160522461
0.0153198242
0.0338134766
-0.1083984375
0.1083374023
0.1477050781
-0.1934814453
0.1732788086
-0.1475219727
-0.1328125000
0.1351318359
-0.1043701172
-0.1389770508
-0.1750488281
-0.0911865234
0.2189941406
0.1481323242
-0.1394653320
0.1428222656
-0.0474243164
-0.0081176758
-0.0130004883
-0.0316772461
-0.0428466797
-0.0208129883
0.0231323242
0.0346679688
0.0473632812
-0.0445556641
0.0066528320
-0.0290527344
0.0197753906
0.0378417969
0.0230712891
0.0108642578
-0.1552734375
-0.2037353516
0.1314086914
0.1515502930
-0.1290893555
0.3265380859
-0.2451171875
0.1452026367
0.2944335938
-0.1293334961
0.2485351562
-0.2295532227
0.1901855469
0.2194213867
0.3342895508
0.4392089844
0.0108642578
0.0038452148
0.0112915039
0.0095825195
-0.0039672852
-0.0009155273
0.0101318359
0.0034790039
0.0165405273
-0.0186157227
0.0003051758
0.0117797852
0.0170898438
-0.0213623047
-0.0056152344
0.0006713867
-0.2751464844
-0.2919921875
0.0120849609
-0.0684814453
-0.2543334961
0.2204589844
-0.2492065430
-0.2139892578
0.0437622070
0.2462158203
-0.1296386719
0.2576904297
0.0731201172
-0.2565917969
-0.0836181641
-0.1930541992
-0.0494384766
0.0545043945
0.0427246094
-0.0213623047
-0.0640258789
0.0870361328
-0.0227050781
0.0832519531
-0.0217285156
0.0224609375
0.0354003906
0.0442504883
0.0121459961
-0.0023193359
0.0017700195
0.0319824219
0.1005859375
0.0918579102
-0.1137695312
0.0719604492
-0.0288696289
-0.1469116211
-0.0897216797
-0.1647338867
-0.0955200195
0.1098022461
0.0314941406
0.1434936523
0.1080932617
0.1413574219
-0.0446777344
-0.1644897461
