-0.0287475586
-0.0562133789
0.0732421875
-0.0034790039
-0.0052490234
0.0190429688
-0.0560913086
-0.0202026367
0.0245361328
-0.0573730469
0.0448608398
0.0171508789
-0.0104370117
0.0206298828
0.0377197266
0.0404052734
0.0197753906
-0.0364990234
0.0303344727
0.0268554688
0.0427246094
-0.0015258789
-0.0068969727
-0.0316162109
-0.0279541016
-0.0280151367
0.0191040039
0.0285644531
0.0265502930
-0.0043945312
0.0023803711
-0.0103149414
-0.0793457031
-0.0410766602
-0.0461425781
0.0007324219
0.0274047852
-0.0633544922
0.0692749023
-0.0066528320
-0.0181884766
-0.0216064453
-0.0142822266
-0.0051879883
-0.0404663086
0.0211181641
-0.0050048828
0.0505371094
-0.1917114258
0.1146240234
0.2152709961
-0.1403198242
0.1893310547
-0.1854248047
-0.1412353516
0.1235351562
-0.0648803711
-0.1245117188
-0.1593017578
-0.1140136719
0.1362915039
0.1652221680
-0.1203613281
0.0765991211
-0.0231323242
0.0365600586
-0.0458374023
0.0031738281
0.0426025391
-0.0299072266
0.0673217773
0.0266113281
0.0407714844
-0.0364379883
-0.0235595703
-0.0230712891
0.0386352539
0.0241088867
-0.0056152344
-0.0075683594
-0.0812377930
-0.1263427734
0.0417480469
0.1405029297
-0.1122436523
0.1800537109
-0.0939941406
0.1459350586
0.2471313477
-0.1233520508
0.1047363281
-0.0696411133
0.1743164062
0.2005615234
0.1984252930
0.2156982422
-0.0623168945
0.3201293945
0.0873413086
0.3037719727
-0.2965087891
-0.2160034180
0.3424682617
0.3163452148
-0.0115966797
0.1898803711
-0.3099975586
-0.0352783203
0.1397705078
-0.3465576172
-0.0153198242
-0.3281250000
-0.0062866211
-0.0588378906
0.0123291016
0.0120239258
-0.0398559570
0.0564575195
-0.0686035156
-0.0596313477
0.0735473633
0.0723266602
-0.0202636719
0.0676879883
-0.0189819336
-0.0501098633
0.0455932617
-0.0787963867
-0.0108642578
-0.0171508789
0.0416259766
0.0112304688
0.0071411133
0.0305175781
-0.0628051758
0.0036621094
-0.0042724609
0.0424804688
0.0208129883
-0.0126953125
0.0111083984
0.0152587891
0.0043334961
-0.0133666992
0.0410766602
0.0293579102
0.0064086914
0.0280151367
0.0147705078
0.0303955078
0.0032348633
-0.0102539062
0.0012817383
0.0311279297
-0.0770874023
-0.0109863281
0.0156860352
-0.0171508789
0.0264892578
0.0252075195
