-0.0589599609
-0.0956420898
0.0815429688
-0.0339965820
0.0457153320
-0.0295410156
-0.0714721680
0.0087890625
0.0381469727
-0.0844726562
0.0755615234
0.0009765625
-0.0477905273
-0.0261840820
0.0623779297
0.0383911133
-0.0127563477
-0.0046386719
0.0298461914
0.0196533203
0.0161132812
0.0128784180
-0.0125122070
-0.0069580078
-0.0165405273
-0.0302734375
0.0123901367
0.0112304688
-0.0014648438
0.0060424805
0.0085449219
0.0099487305
-0.0974121094
-0.0371093750
-0.0554809570
-0.0071411133
0.0134277344
-0.0792846680
0.0935058594
0.0111694336
-0.0584106445
-0.0540771484
0.0133666992
-0.0037231445
-0.0145874023
-0.0289916992
-0.0109863281
0.0741577148
-0.1390991211
0.1527709961
0.2302856445
-0.2429809570
0.2267456055
-0.1800537109
-0.1586914062
0.1627197266
-0.1316528320
-0.1593627930
-0.1826782227
-0.1416015625
0.1931152344
0.2001342773
-0.1915893555
0.0977783203
-0.0447998047
0.0105590820
-0.0430908203
-0.0214843750
-0.0120239258
-0.0468139648
0.0510864258
0.0643920898
0.0590209961
-0.0403442383
0.0209960938
-0.0705566406
0.0145263672
0.0105590820
-0.0215454102
-0.0418701172
-0.1295776367
-0.2131958008
-0.0020751953
0.2086791992
-0.1097412109
0.2481689453
-0.0699462891
0.1706542969
0.2179565430
-0.1368408203
0.1975708008
-0.1439819336
0.2699584961
0.1047973633
0.2174682617
0.2736206055
0.0036621094
0.3302612305
0.0764770508
0.3089599609
-0.2943115234
-0.1964111328
0.3141479492
0.2973632812
-0.0010986328
0.1142578125
-0.3466186523
-0.0440063477
0.1493530273
-0.3505859375
-0.0700683594
-0.3468627930
-0.0593872070
-0.1212158203
0.0500488281
0.0271606445
-0.1125488281
0.1361083984
-0.1357421875
-0.1418457031
0.0972290039
0.1353149414
-0.0784912109
0.1185913086
0.0217285156
-0.1172485352
-0.0408935547
-0.0709838867
0.0037841797
0.0054931641
0.0418090820
-0.0502319336
-0.0124511719
0.0349121094
-0.0652465820
0.0097656250
-0.0659179688
0.0355834961
0.0609130859
0.0269165039
0.0542602539
-0.0803222656
0.0417480469
0.0308837891
0.0056152344
0.0182495117
-0.0819091797
0.0507202148
-0.0059814453
-0.0452880859
-0.0123901367
-0.0786743164
-0.0637817383
0.0150756836
0.0014038086
0.0936279297
0.0376586914
-0.0033569336
-0.0347900391
-0.0615234375
