-0.0062255859
-0.0401000977
0.0386962891
0.0026855469
-0.0081787109
0.0045166016
-0.0392456055
0.0203247070
0.0010986328
-0.0128784180
0.0742797852
-0.0112915039
-0.0160522461
-0.0243530273
0.0352783203
0.0486450195
0.0044555664
0.0008544922
0.0083618164
-0.0020141602
0.0000000000
0.0008544922
-0.0173950195
-0.0077514648
-0.0033569336
-0.0030517578
0.0065917969
0.0045166016
0.0032348633
0.0045776367
-0.0169067383
-0.0096435547
-0.3428344727
-0.2097167969
-0.3392333984
-0.0742187500
-0.0477905273
-0.3280639648
0.3001098633
-0.0524291992
-0.3458251953
-0.2927856445
-0.1909179688
-0.1858520508
0.0122070312
-0.1068115234
0.1886596680
0.2948608398
-0.1173706055
0.1267089844
0.1900634766
-0.0726928711
0.1156005859
-0.1600952148
-0.0557250977
0.1170043945
-0.1087646484
-0.1108398438
-0.1466674805
-0.0137329102
0.1802368164
0.1444091797
-0.1228637695
0.1420898438
0.0077514648
0.0211181641
0.0302734375
0.0165405273
-0.0186767578
0.0095214844
-0.0048828125
-0.0147705078
0.0020751953
0.0173339844
0.0179443359
0.0104980469
-0.0121459961
-0.0089721680
-0.0250854492
-0.0128784180
-0.0604858398
-0.0887451172
0.0331420898
0.0100097656
-0.0309448242
0.0634765625
-0.0609130859
0.0942993164
0.0844726562
-0.0468750000
0.0764770508
0.0031127930
0.0802612305
0.0286865234
0.0640258789
0.0929565430
0.0242309570
-0.0220947266
0.0197753906
-0.0363769531
0.0202636719
0.0101318359
-0.0106811523
-0.0252685547
0.0015258789
0.0190429688
0.0078735352
0.0209960938
-0.0067749023
0.0314941406
-0.0106201172
0.0223999023
-0.1843261719
-0.1876220703
0.0784912109
-0.0763549805
-0.1795043945
0.1838989258
-0.1821899414
-0.1289672852
-0.0103149414
0.1691284180
-0.0812377930
0.1536865234
0.0643920898
-0.1627197266
-0.0871582031
-0.1668701172
0.0194702148
-0.0096435547
-0.0217895508
0.0298461914
0.0347290039
0.0120239258
-0.0518798828
-0.0221557617
0.0180664062
0.0097045898
0.0230102539
-0.0001831055
-0.0029296875
0.0219116211
0.0436401367
-0.0407104492
0.0214233398
0.0146484375
-0.0149536133
-0.0014648438
0.0062255859
0.0152587891
-0.0007324219
0.0109252930
0.0159301758
-0.0030517578
-0.0023803711
-0.0147094727
-0.0028686523
-0.0062255859
-0.0076904297
0.0034790039
