-0.0296630859
-0.0801391602
0.0914306641
-0.0349731445
0.0337524414
-0.0302734375
-0.0400390625
0.0222778320
0.0328979492
-0.0421752930
0.0976562500
-0.0009155273
-0.0241699219
-0.0391845703
0.0219726562
0.0800781250
0.0306396484
-0.0523681641
-0.0019531250
0.0434570312
-0.0351562500
0.0160522461
0.0089721680
-0.0578002930
-0.0512695312
-0.0199584961
0.0281372070
0.0270996094
-0.0422973633
0.0524902344
-0.0045776367
0.0009155273
-0.3292236328
-0.1921386719
-0.3287963867
-0.0924682617
-0.0545043945
-0.3329467773
0.3039550781
-0.0781250000
-0.2840576172
-0.3067016602
-0.0722045898
-0.1994628906
0.0758666992
-0.0843505859
0.1754760742
0.3278808594
-0.0185546875
0.0330200195
0.0824584961
-0.0363769531
0.0304565430
-0.0130004883
0.0026245117
0.0756225586
-0.0252075195
-0.0224609375
-0.0382080078
0.0226440430
0.0438232422
0.0421752930
-0.0650024414
0.0455932617
0.0170288086
0.0253906250
0.0311889648
0.0043334961
0.0171508789
0.0089721680
-0.0189208984
-0.0024414062
-0.0245361328
0.0159301758
0.0113525391
0.0389404297
-0.0166015625
-0.0305175781
0.0098876953
0.0039062500
-0.0451049805
-0.1414794922
0.0104980469
0.0886840820
-0.0185546875
0.1633911133
-0.0328979492
0.1243896484
0.1138305664
-0.0247192383
0.1064453125
-0.0768432617
0.1273193359
0.0501098633
0.1271362305
0.1594238281
0.0046386719
0.0144653320
0.0211181641
0.0272216797
-0.0328369141
0.0109863281
0.0096435547
0.0481567383
0.0042724609
0.0030517578
0.0328369141
0.0010986328
0.0033569336
-0.0118408203
0.0078735352
-0.0092163086
-0.2162475586
-0.2029418945
0.1015625000
-0.1246337891
-0.2012939453
0.1874389648
-0.2081909180
-0.1636962891
0.0154418945
0.2400512695
-0.0043945312
0.1549072266
0.0686035156
-0.2127685547
-0.1491088867
-0.1228637695
0.0255126953
0.0099487305
0.0726318359
0.0343627930
-0.0278320312
-0.0543823242
-0.0167846680
0.0365600586
-0.0032348633
0.0845947266
0.0761108398
0.0230712891
0.0025634766
-0.0041503906
0.0418090820
0.0469360352
0.0730590820
0.0592651367
-0.0115966797
0.0345458984
0.0124511719
0.0149536133
-0.0151977539
-0.0003662109
0.0151367188
0.0047607422
-0.0120849609
-0.0086059570
0.0028686523
-0.0498657227
-0.0117797852
0.0017089844
