0.0003051758
-0.0202026367
0.0175170898
-0.0625610352
0.0448608398
-0.0193481445
-0.0090332031
-0.0286865234
0.0029907227
-0.0025634766
0.0383911133
0.0117797852
-0.0052490234
-0.0136108398
0.0115356445
-0.0026855469
0.0050048828
-0.0030517578
-0.0018920898
0.0078125000
-0.0126953125
0.0104980469
-0.0069580078
-0.0100708008
-0.0111694336
0.0025634766
0.0228881836
0.0026855469
0.0051269531
0.0052490234
0.0128784180
-0.0186157227
-0.0899658203
-0.0665893555
-0.0508422852
0.0239257812
0.0494995117
-0.1077270508
0.0809326172
-0.1223754883
-0.0769653320
-0.0731811523
-0.0299682617
-0.1400756836
0.1013793945
-0.0098876953
0.0701904297
0.0719604492
-0.0529785156
0.1001586914
0.2035522461
-0.1395874023
0.1334228516
-0.1220092773
-0.0888671875
0.1595458984
-0.1126708984
-0.1102294922
-0.1157836914
-0.0748291016
0.1389160156
0.1198730469
-0.1388549805
0.1181640625
-0.0518798828
0.0838012695
-0.0583496094
0.0125122070
-0.0106811523
-0.0414428711
0.0469970703
0.0529174805
0.0593261719
-0.0387573242
0.1120605469
-0.0069580078
0.0734863281
0.0002441406
-0.0235595703
0.0327148438
-0.0713500977
-0.1083984375
0.0373535156
0.0705566406
-0.0346069336
0.1406860352
-0.0709838867
0.0981445312
0.1416625977
-0.0463867188
0.1362304688
-0.0988769531
0.1494750977
0.0644531250
0.1710205078
0.1223754883
-0.0095214844
0.0068969727
0.0203247070
0.0131225586
-0.0005493164
-0.0017700195
0.0037841797
0.0114746094
0.0044555664
0.0134887695
-0.0010986328
0.0042724609
0.0125732422
-0.0001831055
-0.0017700195
0.0025024414
-0.1061401367
-0.1337890625
0.0198974609
-0.0192871094
-0.0928344727
0.0846557617
-0.1167602539
-0.0602416992
0.0019531250
0.0833129883
0.0210571289
0.1610717773
0.0188598633
-0.1569824219
-0.0712280273
-0.0778198242
-0.0673828125
0.1309204102
0.0603637695
0.0822753906
-0.1602172852
0.0415649414
-0.0831298828
0.1054687500
-0.1687622070
0.0842285156
0.1194458008
0.1034545898
0.1168823242
-0.1068115234
-0.0446777344
0.1673583984
0.1784667969
0.0739135742
-0.2759399414
0.2655029297
-0.1419677734
-0.3040771484
-0.2188720703
-0.3207397461
-0.3037719727
0.2650146484
-0.1007080078
0.3314208984
0.2710571289
-0.0457763672
-0.0126953125
-0.3242797852
