-0.2683105469
-0.3269042969
0.2297973633
-0.2650756836
0.2676391602
-0.2828979492
-0.1835937500
0.0509033203
0.2753295898
-0.2334594727
0.3057861328
0.1502075195
-0.2352294922
-0.1924438477
0.0252685547
0.2932128906
-0.0157470703
-0.0131225586
0.0465087891
-0.0199584961
-0.0294799805
0.0397949219
0.0097656250
0.0037231445
0.0213012695
-0.0178222656
0.0469970703
0.0421142578
-0.0198974609
-0.0159301758
-0.0021972656
0.0148925781
-0.1010742188
-0.0654296875
-0.0272827148
-0.0346679688
-0.0561523438
-0.0247192383
0.0743408203
0.0028076172
-0.0807495117
-0.0230712891
0.0296020508
-0.0647583008
0.0587768555
0.0555419922
0.0267944336
0.0449829102
-0.0596313477
0.0811767578
0.0942382812
-0.0748901367
0.0607299805
-0.0397949219
-0.0314941406
0.0828857422
-0.0604248047
-0.0910644531
-0.0972900391
-0.0343017578
0.0369262695
0.0690917969
-0.0606079102
0.1349487305
0.0354003906
-0.0366210938
0.0495605469
-0.0568847656
0.0386352539
0.0269775391
0.0050048828
-0.0139770508
-0.0306396484
0.0520629883
0.0068969727
0.0132446289
-0.0050048828
-0.0435791016
0.0635375977
-0.0072021484
-0.0170898438
-0.0549926758
0.0214233398
0.0393676758
-0.0059204102
0.0947265625
-0.0133666992
0.0321655273
0.0767211914
-0.0340576172
0.0394897461
-0.0540161133
0.0487060547
0.0697631836
0.0372924805
0.0460815430
0.0120849609
0.0718383789
-0.0160522461
0.0850830078
-0.0654296875
0.0042114258
0.0692749023
0.1002807617
-0.0354003906
0.0455932617
-0.0171508789
0.0425415039
0.0110473633
-0.0894775391
0.0192260742
-0.0557250977
-0.0488281250
-0.0796508789
0.0562133789
-0.0274047852
-0.0494995117
0.0918579102
-0.0929565430
-0.0549926758
-0.0231323242
0.0969238281
-0.0745239258
0.0471801758
0.0346069336
-0.1031494141
-0.0360717773
0.0130615234
-0.0149536133
0.0123901367
0.0116577148
-0.0077514648
-0.0162353516
0.0111694336
-0.0117797852
0.0150756836
-0.0014648438
0.0194702148
0.0252685547
0.0198364258
0.0001220703
0.0292968750
-0.0179443359
0.0084838867
0.0599975586
0.0071411133
-0.1055297852
0.1044311523
-0.0092163086
-0.0786132812
-0.1044311523
-0.0996093750
-0.0767822266
0.1360473633
-0.0383300781
0.0886230469
0.1083984375
-0.0851440430
0.0324096680
-0.1080322266
