-0.0914916992
-0.0779418945
0.0033569336
-0.1308593750
-0.0581665039
-0.0018920898
-0.1018676758
0.0043945312
-0.0386352539
-0.0455932617
0.0781860352
0.0485839844
-0.0558471680
-0.1025390625
0.0381469727
0.0414428711
-0.3322143555
0.3347167969
0.1286621094
-0.3451538086
-0.0300903320
0.2912597656
-0.0725708008
0.3410034180
0.3616943359
0.0704345703
0.0610961914
0.0767822266
0.2105712891
-0.3639526367
-0.0745849609
-0.0029907227
-0.0762329102
-0.0478515625
-0.0847167969
-0.0025024414
-0.0012207031
-0.1060180664
0.0658569336
-0.0498657227
-0.0645141602
-0.1008911133
-0.0618286133
-0.0549316406
0.0639648438
-0.0256958008
-0.0005493164
0.0889282227
0.0178833008
0.0270385742
0.0543212891
-0.0546264648
0.0134887695
-0.0231933594
-0.0289916992
0.0134277344
-0.0344848633
-0.0541992188
-0.0449829102
-0.0724487305
0.0312500000
0.0385742188
-0.0475463867
0.0130615234
-0.0682983398
0.0407714844
-0.0322265625
0.0288696289
-0.0253295898
-0.0541992188
0.0415649414
0.0151367188
0.0590820312
-0.0676269531
0.0299682617
-0.0302734375
-0.0118408203
0.0352783203
0.0138549805
0.0028076172
-0.0119018555
-0.0155639648
0.0156250000
0.0084228516
0.0155639648
0.0220947266
-0.0043334961
0.0418701172
0.0436401367
0.0147705078
-0.0024414062
-0.0230712891
0.0129394531
0.0291137695
0.0070800781
-0.0310058594
0.0115356445
0.0085449219
0.0076904297
-0.0163574219
0.0059814453
-0.0033569336
0.0086059570
-0.0125732422
0.0089721680
-0.0073242188
0.0043334961
0.0079345703
0.0291748047
-0.0159301758
-0.0104370117
0.0178222656
-0.1287841797
-0.1727905273
0.0026855469
0.0342407227
-0.1613769531
0.1464233398
-0.1535034180
-0.0861816406
-0.0243530273
0.0871582031
-0.0261230469
0.1344604492
0.0390014648
-0.1325683594
-0.0055541992
-0.0787963867
-0.0950927734
0.0318603516
0.0087280273
-0.0301513672
-0.0263671875
0.0043334961
-0.0059204102
0.0704956055
-0.0476684570
0.0311889648
0.0073242188
0.0641479492
0.0067749023
-0.0373535156
-0.0042724609
0.0426025391
0.0034790039
-0.0125122070
-0.0544433594
0.0563964844
-0.0527343750
-0.0302124023
-0.0262451172
-0.0523681641
-0.0043945312
-0.0071411133
-0.0108642578
0.0462646484
0.0121459961
0.0383300781
-0.0458374023
-0.0402221680
