-0.0182495117
-0.0496826172
0.0811767578
-0.0874633789
0.0458374023
-0.0086059570
-0.0453491211
-0.0188598633
0.0200805664
-0.0417480469
0.0729980469
-0.0319824219
-0.0521240234
-0.1137695312
-0.0049438477
0.0220947266
-0.0008544922
0.0170898438
-0.0386962891
0.0209960938
0.0072631836
0.0145874023
0.0313110352
-0.0034790039
-0.0420532227
0.0212402344
0.0139160156
-0.0194091797
0.0084228516
0.0229492188
-0.0015869141
-0.0274047852
-0.1755981445
-0.0511474609
-0.0652465820
-0.0054321289
0.0049438477
-0.1259155273
0.1316528320
0.0157470703
-0.1060791016
-0.1253662109
-0.0590820312
-0.0341186523
0.0372314453
-0.1217041016
-0.0084228516
0.1590576172
-0.0318603516
0.0900878906
0.1944580078
-0.1132812500
0.1138916016
-0.1269531250
-0.0889892578
0.0708618164
-0.0858154297
-0.1493530273
-0.1264038086
-0.1735229492
0.1537475586
0.1528930664
-0.0701904297
0.1625366211
-0.0424804688
0.0416259766
-0.0418090820
-0.0323486328
-0.0186767578
-0.0390625000
0.0560302734
0.0487670898
0.0787353516
-0.0242309570
0.0109863281
-0.0133666992
0.0010986328
-0.0263671875
0.0185546875
0.0334472656
-0.0486450195
-0.2583618164
-0.0319824219
0.1985473633
-0.0243530273
0.1767578125
-0.0744018555
0.2066650391
0.2119750977
-0.1441650391
0.1662597656
-0.1663208008
0.1904296875
0.1159667969
0.1868896484
0.2097167969
0.0126342773
0.0183715820
0.0292968750
-0.0192260742
0.0008544922
-0.0266723633
-0.0161743164
-0.0195312500
0.0059814453
-0.0107421875
0.0137939453
0.0108032227
0.0477294922
0.0096435547
0.0062866211
-0.0125732422
-0.2785034180
-0.2789306641
0.1271362305
-0.1975097656
-0.2862548828
0.2527465820
-0.2838134766
-0.2474975586
0.0137939453
0.3001708984
-0.1246948242
0.3092041016
0.1823730469
-0.3173217773
-0.1842651367
-0.2159423828
0.0144653320
0.0033569336
-0.0051879883
-0.0094604492
0.0095214844
0.0039672852
0.0391845703
-0.0194702148
0.0223388672
-0.0203247070
-0.0147705078
0.0041503906
-0.0255126953
0.0220947266
-0.0169067383
-0.0194091797
0.1362915039
0.0277709961
-0.1471557617
0.1939086914
-0.0312500000
-0.1428222656
-0.1371459961
-0.1572875977
-0.1152954102
0.1304931641
-0.1105346680
0.1391601562
0.1231079102
0.0441894531
-0.0338134766
-0.1495971680
