-0.1279296875
-0.1281127930
0.1062011719
-0.1119384766
0.0585327148
-0.0812377930
-0.1024780273
-0.0446777344
0.0773315430
-0.1494750977
0.1204833984
0.0592651367
-0.0610961914
-0.0256958008
0.0406494141
0.1358642578
0.0236206055
-0.0228271484
0.0319824219
0.0412597656
-0.0391845703
0.0065307617
0.0046997070
-0.0227661133
-0.0595703125
-0.0537719727
-0.0181274414
0.0062866211
0.0037231445
0.0288085938
-0.0614624023
0.0302124023
-0.2580566406
-0.0811157227
-0.1475830078
-0.0004882812
0.0521850586
-0.2277221680
0.2049560547
-0.1399536133
-0.2279052734
-0.1511840820
-0.0446166992
-0.1169433594
0.0727539062
-0.0206298828
0.0043334961
0.1677246094
-0.1177978516
0.1498413086
0.2189331055
-0.1477050781
0.1673583984
-0.1046752930
-0.1413574219
0.0958251953
-0.0557250977
-0.1083374023
-0.1047363281
-0.1088867188
0.1083984375
0.1084594727
-0.1443481445
0.1006469727
-0.0125122070
-0.0256347656
-0.0128173828
-0.0115966797
-0.0090942383
-0.0282592773
0.0021972656
0.0170898438
0.0370483398
-0.0204467773
0.0063476562
0.0184326172
0.0067138672
-0.0043334961
0.0110473633
0.0008544922
-0.1159057617
-0.1317749023
0.0377197266
0.1578369141
-0.1203002930
0.2311401367
-0.1632690430
0.1571044922
0.2226562500
-0.0738525391
0.2128906250
-0.1222534180
0.2390136719
0.1370849609
0.2308959961
0.3056640625
-0.0785522461
0.2818603516
-0.0714721680
0.3217773438
-0.2708129883
-0.1481933594
0.3284301758
0.3332519531
0.0219726562
0.1189575195
-0.3724365234
0.2097167969
0.0786743164
-0.3179931641
0.1248168945
-0.2883300781
0.0110473633
-0.0376586914
0.0070190430
0.0052490234
-0.0254516602
0.0309448242
-0.0609130859
0.0088500977
0.0050659180
0.0192260742
-0.0289916992
0.0138549805
0.0007934570
-0.0593261719
-0.0097045898
-0.0335083008
-0.0225219727
0.0195922852
-0.0134887695
0.0325927734
-0.0270996094
-0.0003051758
-0.0156250000
0.0401000977
-0.0513916016
0.0317382812
0.0179443359
0.0579223633
0.0070800781
0.0127563477
-0.0140991211
-0.0027465820
0.0558471680
-0.0059814453
-0.0628662109
0.0571289062
-0.0325927734
-0.0046386719
-0.0118408203
-0.0557861328
-0.0366821289
0.0473022461
-0.0397338867
0.0274658203
0.0457153320
-0.0307006836
-0.0087890625
-0.0010986328
