-0.0029296875
-0.0140380859
0.0204467773
-0.0067749023
-0.0181274414
-0.0106201172
-0.0492553711
0.0067749023
-0.0019531250
0.0094604492
0.0520629883
-0.0156860352
-0.0097045898
-0.0163574219
0.0164184570
0.0106811523
0.0089111328
-0.0203247070
0.0158081055
0.0028686523
-0.0037841797
0.0133056641
0.0126953125
-0.0139770508
0.0039672852
0.0289306641
0.0479125977
0.0072021484
0.0139160156
0.0140991211
-0.0131835938
-0.0063476562
-0.3417968750
-0.0768432617
-0.2902832031
-0.0498046875
-0.0096435547
-0.3105468750
0.3453369141
-0.0974731445
-0.3190917969
-0.3317871094
-0.1973876953
-0.2002563477
0.0438842773
-0.1087646484
0.1556396484
0.3497314453
-0.0640869141
0.0474243164
0.0592651367
-0.0541381836
0.0443725586
-0.0720214844
-0.0425415039
0.1062011719
-0.0418090820
-0.0625610352
-0.0755004883
0.0310668945
0.1215209961
0.0897827148
-0.0545043945
0.0833740234
0.0137329102
0.0000000000
0.0195922852
0.0076904297
-0.0280761719
0.0084838867
-0.0098876953
0.0018920898
-0.0073852539
0.0204467773
0.0053100586
0.0007324219
0.0110473633
-0.0155029297
0.0010375977
0.0032348633
-0.0447998047
-0.1431274414
-0.0137939453
0.0691528320
-0.0421142578
0.0891723633
-0.0166015625
0.1437377930
0.0591430664
-0.1204223633
0.0525512695
-0.0101318359
0.1121826172
0.0206298828
0.0811767578
0.1485595703
0.0160522461
-0.0333862305
0.0179443359
-0.0342407227
-0.0072631836
0.0261230469
-0.0298461914
-0.0012207031
0.0099487305
0.0183105469
0.0275268555
-0.0025024414
-0.0198974609
0.0364379883
-0.0102539062
0.0312500000
-0.1348876953
-0.1409301758
0.0475463867
-0.0638427734
-0.1362915039
0.1381225586
-0.1302490234
-0.1289672852
0.0317993164
0.1442871094
-0.0164794922
0.1540527344
0.0638427734
-0.1307983398
-0.0211181641
-0.0797729492
0.0468139648
0.0263061523
0.0562133789
0.0162353516
-0.0234985352
0.0114746094
0.0509033203
-0.0397949219
0.0151367188
0.0407104492
0.0226440430
-0.0323486328
0.0335693359
0.0181274414
0.0299072266
0.0245971680
0.0190429688
0.0337524414
-0.0224609375
0.0407104492
0.0068969727
0.0147094727
-0.0148315430
-0.0004272461
0.0259399414
0.0128784180
-0.0360107422
-0.0221557617
0.0328369141
-0.0114135742
-0.0164184570
0.0067749023
