-0.0008544922
-0.0175170898
0.0643310547
-0.0183715820
0.0188598633
-0.0210571289
-0.0365600586
0.0323486328
0.0414428711
-0.0784301758
0.0355834961
0.0028076172
-0.0200805664
-0.0044555664
0.0295410156
0.0427246094
0.0360717773
-0.0475463867
-0.0048828125
0.0615234375
0.0466918945
-0.0131225586
-0.0274658203
-0.0400390625
-0.0452270508
-0.0367431641
0.0198974609
-0.0288085938
-0.0231933594
0.0321044922
0.0041503906
-0.0095214844
-0.3511962891
-0.2325439453
-0.2896118164
-0.0239257812
-0.0752563477
-0.3444824219
0.3031005859
-0.0134277344
-0.3668823242
-0.3332519531
-0.2335205078
-0.1252441406
-0.0202026367
-0.1090698242
0.1557006836
0.2990722656
-0.0958862305
0.1072387695
0.1510620117
-0.0711669922
0.1017456055
-0.0913085938
-0.0555419922
0.1113281250
-0.0960083008
-0.0580444336
-0.0997314453
-0.0388793945
0.1350708008
0.1130981445
-0.1393432617
0.1577758789
-0.0012207031
0.0068969727
0.0055541992
0.0002441406
-0.0110473633
-0.0071411133
0.0109252930
0.0056762695
0.0037841797
-0.0001220703
0.0127563477
-0.0045166016
0.0086059570
-0.0071411133
0.0009765625
-0.0006103516
-0.0960693359
-0.1176757812
0.0315551758
0.0238647461
-0.0758666992
0.1236572266
-0.1072998047
0.1161499023
0.1498413086
-0.0418701172
0.0936279297
-0.0427856445
0.0767211914
0.0859985352
0.1131591797
0.2073364258
-0.0088500977
-0.0184326172
0.0235595703
0.0010375977
-0.0011596680
0.0064697266
0.0118408203
0.0059204102
0.0242919922
0.0487670898
0.0015869141
0.0384521484
-0.0148315430
0.0147705078
0.0346069336
0.0131835938
-0.1033325195
-0.1239013672
0.0982055664
-0.0465087891
-0.0875244141
0.0805053711
-0.0994873047
-0.0566406250
0.0147705078
0.1027221680
-0.0562744141
0.0973510742
0.0566406250
-0.1381225586
-0.0947265625
-0.0603027344
0.0137939453
-0.0128784180
-0.0161132812
0.0390625000
0.0453491211
0.0032958984
-0.0009155273
-0.0098266602
-0.0054931641
-0.0137329102
0.0458374023
0.0021972656
-0.0122680664
-0.0024414062
0.0176391602
-0.0219116211
0.0048828125
-0.0045776367
-0.0278320312
0.0203857422
-0.0037841797
-0.0058593750
0.0008544922
-0.0349731445
-0.0142822266
0.0173339844
-0.0275878906
0.0122680664
0.0130004883
-0.0087890625
-0.0001831055
-0.0101318359
