0.0218353271 0.0058441162 0.0135192871 0.0355529785 0.0121765137 0.0209503174 0.0322570801 0.9437713623 0.0112915039 0.0069732666
0.0207214355 0.0660400391 0.9497528076 0.0805664062 0.0255889893 0.0532531738 0.0406188965 0.0510406494 0.0110473633 0.0350341797
0.0510711670 0.9258117676 0.0573577881 0.0413970947 0.0306854248 0.0282135010 0.0388183594 0.0404968262 0.0164031982 0.0651397705
0.9315948486 0.0134887695 0.0381774902 0.0357360840 0.0661468506 0.0634155273 0.0612640381 0.0245208740 0.0527648926 0.0487670898
0.0857543945 0.0371398926 0.0107116699 0.0289764404 0.9432830811 0.0221710205 0.0431213379 0.0352020264 0.0307464600 0.0180358887
0.0346679688 0.9378509521 0.0698547363 0.0410461426 0.0312500000 0.0205078125 0.0450744629 0.0307312012 0.0252685547 0.0246429443
0.0287170410 0.0170135498 0.0274810791 0.0343170166 0.9326477051 0.0327606201 0.0874786377 0.0341491699 0.0168609619 0.0409851074
0.0464630127 0.0126495361 0.0507049561 0.0529632568 0.0365905762 0.0845947266 0.0432891846 0.0288543701 0.0542144775 0.9261474609
0.0581970215 0.0197143555 0.0335388184 0.0308837891 0.0417175293 0.8967437744 0.0576629639 0.0246734619 0.2379150391 0.0442199707
0.0602722168 0.0380096436 0.0115051270 0.0083465576 0.0397338867 0.0360565186 0.0369873047 0.0431671143 0.0415344238 0.9350128174
0.9447479248 0.0060729980 0.0254364014 0.0429077148 0.0479736328 0.0425720215 0.0360565186 0.0164947510 0.0248870850 0.0125732422
0.0406494141 0.0220489502 0.0406494141 0.0412445068 0.0437774658 0.0492858887 0.9475708008 0.0564727783 0.0298614502 0.0314331055
0.0312347412 0.0119628906 0.0404205322 0.0136413574 0.0085296631 0.0170288086 0.0389099121 0.0306396484 0.0076751709 0.9477233887
0.9298553467 0.0099182129 0.0423736572 0.0262451172 0.0251770020 0.0088348389 0.0496520996 0.0288391113 0.0236816406 0.0240478516
0.0607452393 0.9429931641 0.0301208496 0.0240783691 0.0610046387 0.0506591797 0.0312805176 0.0320892334 0.0236663818 0.0108184814
0.0730438232 0.0282135010 0.0345764160 0.0886230469 0.0112915039 0.9345092773 0.0212860107 0.0132904053 0.0359191895 0.0303497314
0.0464324951 0.0113220215 0.0124053955 0.0159606934 0.1083221436 0.0267333984 0.0505981445 0.0399932861 0.0303497314 0.9553985596
0.0241241455 0.0364532471 0.0267028809 0.0432586670 0.0107879639 0.0747985840 0.0234375000 0.9335479736 0.0144348145 0.0127563477
0.0577545166 0.0057525635 0.0889129639 0.7045440674 0.0688781738 0.1807556152 0.0233306885 0.0777130127 0.1149749756 0.4268646240
0.0185852051 0.0079803467 0.0200500488 0.0239868164 0.9601898193 0.0355072021 0.0110321045 0.0406494141 0.0316314697 0.0304718018
0.0304412842 0.0129394531 0.0340270996 0.0117340088 0.0099945068 0.0300750732 0.0194091797 0.0412139893 0.0388641357 0.9364776611
0.0181884766 0.0265960693 0.0435180664 0.0153961182 0.0144042969 0.0329437256 0.9479675293 0.0373840332 0.0311737061 0.0224761963
0.0191040039 0.0379180908 0.0410156250 0.0222015381 0.0199127197 0.0410156250 0.9348602295 0.0212402344 0.0729522705 0.0237274170
0.0117492676 0.0127716064 0.0223541260 0.0629577637 0.0378570557 0.9524230957 0.0236358643 0.0176391602 0.0266113281 0.0315856934
0.0674743652 0.0145721436 0.0179748535 0.0271606445 0.9404296875 0.0245819092 0.0183868408 0.0348815918 0.0330200195 0.0267486572
0.9236450195 0.0160064697 0.0799407959 0.0317077637 0.0150909424 0.0516967773 0.0263977051 0.0328063965 0.0667877197 0.0447082520
0.0254516602 0.0678405762 0.0150299072 0.0445251465 0.0255889893 0.0398559570 0.0283966064 0.9196472168 0.0222015381 0.0298309326
0.0234527588 0.0125732422 0.0274047852 0.0216827393 0.9525909424 0.0168151855 0.0133209229 0.0160675049 0.0114288330 0.0208435059
0.9354553223 0.0339508057 0.0390167236 0.0452117920 0.0135803223 0.0215148926 0.0267028809 0.0376892090 0.0103607178 0.0274658203
0.0298004150 0.9296417236 0.0145263672 0.0242767334 0.0257263184 0.0610351562 0.0185699463 0.0299377441 0.0224914551 0.0328979492
0.0160522461 0.0666503906 0.0739746094 0.9543457031 0.0241699219 0.0372772217 0.0217742920 0.0642547607 0.0408782959 0.0201721191
0.0382690430 0.9332427979 0.0080413818 0.0506896973 0.0402069092 0.0294952393 0.0175781250 0.0225524902 0.0632476807 0.0167694092
0.0160369873 0.0097808838 0.0350189209 0.9491577148 0.0090637207 0.0516357422 0.0353851318 0.0560150146 0.0313262939 0.0122070312
0.2060699463 0.0283966064 0.0972442627 0.0257415771 0.9134521484 0.0436248779 0.0592651367 0.0242462158 0.0482025146 0.0938873291
0.0252380371 0.0214080811 0.0597381592 0.0299072266 0.0730438232 0.0274658203 0.0290222168 0.9439239502 0.0524597168 0.0125732422
0.0247955322 0.0242919922 0.9470977783 0.0734863281 0.0440063477 0.0436248779 0.0452880859 0.0612030029 0.0648345947 0.0280456543
0.0256500244 0.0653686523 0.0723724365 0.0869750977 0.0285339355 0.0454254150 0.0420837402 0.9237670898 0.0418243408 0.0174560547
0.0759735107 0.9484252930 0.0093994141 0.0464019775 0.0244598389 0.0400543213 0.0226135254 0.0140686035 0.0278625488 0.0188903809
0.0471038818 0.0361480713 0.9475708008 0.1068725586 0.0237274170 0.0615234375 0.0375213623 0.0526428223 0.0529327393 0.0442199707
0.0614776611 0.9384765625 0.0271453857 0.0144042969 0.0426483154 0.0282897949 0.0364227295 0.0285491943 0.0275573730 0.0177764893
0.0743713379 0.9177703857 0.0171813965 0.0431671143 0.0643463135 0.0421447754 0.0214080811 0.0481262207 0.0086975098 0.0212402344
0.0542602539 0.0646362305 0.0603332520 0.0299835205 0.0176544189 0.0287017822 0.0291137695 0.8382415771 0.0135498047 0.0152130127
0.0400695801 0.0347595215 0.0510559082 0.0630493164 0.9380798340 0.0681152344 0.0241394043 0.0216217041 0.0185241699 0.0497436523
0.0341491699 0.0716552734 0.7795715332 0.0482025146 0.0834503174 0.0307617188 0.0302886963 0.0197143555 0.0158691406 0.0337677002
0.0239715576 0.0140380859 0.0705718994 0.9218750000 0.0153350830 0.0417175293 0.0170898438 0.1122894287 0.0374908447 0.0248260498
0.0523986816 0.0185699463 0.0212097168 0.0293731689 0.0204925537 0.9492645264 0.0372314453 0.0234069824 0.0311889648 0.0479583740
0.0679473877 0.9331054688 0.0541687012 0.0727233887 0.0412445068 0.0856170654 0.0269165039 0.0265808105 0.0546264648 0.0303344727
0.0212554932 0.0377655029 0.9637908936 0.0911254883 0.0217590332 0.0240936279 0.0492706299 0.0150604248 0.0291290283 0.0218811035
0.0247497559 0.0255584717 0.0264739990 0.0775604248 0.9411773682 0.0296173096 0.0129852295 0.0118255615 0.0120849609 0.0411376953
0.0436706543 0.0304565430 0.0246734619 0.0291595459 0.9467773438 0.0265808105 0.0303344727 0.0300750732 0.0281219482 0.0283660889
