-0.0017242432
-0.0029754639
0.0010528564
-0.0003814697
0.0012817383
0.0040435791
-0.0037536621
0.0019226074
-0.0037689209
0.0017242432
0.0011749268
0.0043182373
0.0020599365
0.0013580322
-0.0014495850
0.0004119873
0.0035095215
-0.0018005371
-0.0036315918
0.0046234131
-0.0031127930
-0.0022735596
-0.0046539307
-0.0043182373
-0.0049591064
-0.0019226074
-0.0011291504
-0.0004119873
-0.0023803711
0.0048370361
0.0023498535
0.0029449463
0.0003356934
0.0159301758
0.0025329590
-0.0108947754
0.0120239258
0.0063323975
-0.0051422119
0.0094909668
0.0052795410
0.0160217285
0.0025939941
0.0029449463
-0.0048217773
0.0053710938
-0.0076141357
-0.0108642578
-0.0009765625
0.0013580322
-0.0020751953
0.0090332031
0.0045013428
0.0057220459
0.0001678467
-0.0048828125
0.0185089111
0.0059051514
0.0093994141
0.0030212402
-0.0072174072
-0.0052490234
-0.0061035156
-0.0086669922
0.0086975098
0.0007781982
-0.0032043457
0.0080413818
-0.0049743652
0.0027008057
-0.0140686035
-0.0066070557
0.0018615723
-0.0010681152
0.0188293457
0.0146789551
-0.0044708252
-0.0205688477
-0.0012969971
-0.0086669922
-0.1613311768
-0.2339782715
0.0505371094
0.1812591553
-0.2614898682
0.2741088867
-0.2498474121
0.1435394287
0.2835388184
-0.1628723145
0.2441406250
-0.2098693848
0.2350463867
0.1858062744
0.2718353271
0.4291229248
0.0181274414
-0.0071868896
-0.0089111328
0.0009460449
0.0042266846
0.0096130371
-0.0136260986
-0.0130310059
-0.0038604736
-0.0158386230
0.0060272217
-0.0052795410
0.0197448730
0.0064086914
-0.0124053955
0.0102233887
0.0039978027
-0.0031890869
0.0143432617
-0.0003967285
-0.0011444092
0.0005950928
-0.0084686279
0.0115966797
-0.0130615234
-0.0066833496
0.0058135986
-0.0109100342
0.0032653809
0.0038452148
-0.0042724609
0.0069427490
0.0018005371
-0.0137176514
-0.0026702881
0.0112457275
0.0115051270
-0.0095062256
0.0249786377
0.0134124756
-0.0160522461
0.0085296631
-0.0015563965
0.0272827148
-0.0009155273
-0.0086364746
0.0105285645
0.0053710938
0.0090484619
0.0016937256
-0.0024871826
0.0043334961
-0.0002899170
0.0003204346
-0.0059661865
0.0029754639
-0.0010986328
0.0039215088
0.0075073242
-0.0023498535
0.0013885498
-0.0074157715
-0.0015563965
0.0064392090
