-0.0005950928
0.0022430420
-0.0035552979
-0.0071258545
0.0128326416
-0.0061187744
-0.0002593994
-0.0094909668
0.0003967285
0.0012969971
-0.0021362305
-0.0012512207
-0.0003356934
-0.0000762939
0.0022277832
-0.0016326904
-0.0014648438
0.0023651123
-0.0021667480
-0.0001068115
0.0030212402
0.0016632080
-0.0036010742
0.0010833740
0.0020904541
0.0029602051
0.0016326904
-0.0045471191
0.0053253174
-0.0002746582
-0.0026855469
0.0016784668
-0.0097808838
-0.0095520020
0.0028076172
-0.0058898926
0.0080261230
0.0012054443
0.0057830811
0.0020904541
0.0053710938
0.0051727295
-0.0070037842
0.0012359619
0.0030975342
-0.0175628662
0.0009918213
-0.0007171631
0.0025177002
-0.0142669678
-0.0135498047
0.0014190674
0.0094604492
0.0022735596
0.0088043213
0.0087280273
0.0007171631
-0.0037536621
-0.0104675293
0.0105438232
-0.0028991699
0.0069122314
0.0078735352
0.0028686523
-0.0033721924
0.0073852539
-0.0042877197
-0.0050964355
-0.0048522949
-0.0039825439
0.0086059570
0.0119171143
0.0097961426
0.0002288818
-0.0117034912
0.0005950928
-0.0096130371
0.0087280273
0.0043182373
-0.0026245117
-0.0024261475
0.0069732666
-0.0000610352
0.0019378662
0.0046386719
0.0010375977
0.0058288574
-0.0096893311
0.0063781738
0.0031127930
-0.0052032471
0.0023803711
0.0032348633
0.0055999756
0.0041809082
-0.0004425049
0.0010223389
0.0089874268
-0.0133972168
0.0068817139
0.0015411377
-0.0081939697
-0.0042266846
0.0002899170
0.0014648438
0.0199432373
-0.0048370361
0.0088653564
-0.0057983398
0.0011901855
0.0061492920
0.0039825439
0.0037841797
0.0273590088
-0.0183868408
-0.0030059814
0.0355224609
-0.0011138916
0.0289154053
0.0176086426
0.0045471191
-0.0260162354
0.0072174072
-0.0043792725
-0.0077972412
0.0142517090
0.0389251709
0.0093078613
0.0047454834
0.0002288818
-0.0022277832
-0.0094604492
0.0079650879
0.0009460449
-0.0072479248
-0.0111389160
0.0170135498
-0.0099029541
0.0038146973
-0.0123901367
0.0000915527
0.0114746094
-0.0081481934
-0.0089416504
0.2434387207
-0.0263671875
-0.2741088867
0.3104095459
-0.0579223633
-0.2717285156
-0.2825622559
-0.2792358398
-0.2510833740
0.2846221924
-0.1697998047
0.2943267822
0.3006439209
0.0255584717
0.0182495117
-0.3122253418
