-0.0034790039
0.0059204102
-0.0265197754
0.0017395020
-0.0152435303
0.0104980469
0.0068054199
0.0111389160
-0.0114440918
0.0048828125
-0.0005950928
0.0141601562
0.0201568604
-0.0019683838
0.0047302246
-0.0081787109
-0.3226623535
0.3265228271
0.1299133301
-0.3443603516
-0.0423431396
0.2727050781
-0.0674133301
0.3320770264
0.3565979004
0.0260620117
0.1027679443
0.0771484375
0.1927032471
-0.3580627441
-0.0821990967
-0.0782318115
0.0054321289
-0.0223388672
-0.0121765137
0.0021209717
-0.0133209229
-0.0004730225
-0.0009613037
-0.0024566650
0.0230407715
0.0124206543
0.0151519775
-0.0135955811
-0.0003204346
0.0155639648
-0.0144653320
-0.0049285889
0.0021820068
-0.0005340576
0.0024719238
-0.0063171387
-0.0000762939
0.0084533691
-0.0010528564
-0.0042114258
-0.0009307861
-0.0047302246
0.0061035156
0.0082550049
-0.0036010742
-0.0036926270
0.0006713867
-0.0074310303
-0.0021057129
0.0128021240
0.0004119873
0.0045013428
-0.0317382812
-0.0005187988
0.0008087158
-0.0143890381
0.0121765137
-0.0100860596
-0.0060577393
-0.0117797852
0.0204315186
-0.0085754395
-0.0111083984
0.0073394775
0.0027618408
0.0080413818
-0.0070037842
-0.0180053711
0.0057067871
-0.0037841797
-0.0028686523
-0.0065612793
-0.0018310547
0.0155944824
-0.0146331787
-0.0039062500
-0.0195617676
-0.0135192871
-0.0032958984
-0.0265197754
0.0053405762
0.0059051514
0.0051116943
-0.0014343262
-0.0014343262
-0.0122528076
0.0027770996
0.0048065186
0.0021209717
0.0126647949
0.0023956299
0.0000152588
-0.0074615479
-0.0019989014
-0.0079803467
-0.0013427734
0.0075531006
-0.0032043457
0.0063018799
0.0152740479
-0.0071716309
0.0231018066
-0.0059051514
-0.0102539062
0.0001831055
0.0045166016
-0.0008697510
-0.0062103271
-0.0064086914
0.0043945312
0.0093231201
0.0001678467
-0.0061798096
0.0009765625
-0.0028228760
0.0043945312
-0.0024414062
-0.0041961670
0.0057067871
0.0079956055
-0.0078582764
-0.0096130371
-0.0010986328
0.0115356445
0.0020904541
-0.0113372803
0.0068817139
0.0044403076
-0.0209197998
-0.0104370117
0.0022277832
-0.0039672852
-0.0087127686
-0.0115509033
0.0075988770
-0.0058441162
-0.0055389404
-0.0028076172
-0.0031585693
0.0083312988
-0.0002441406
-0.0164184570
0.0118255615
-0.0065917969
