-0.0035858154
-0.0013427734
0.0041351318
0.0046234131
0.0014953613
0.0061798096
-0.0048828125
0.0142059326
-0.0017852783
0.0017242432
-0.0174407959
0.0016937256
0.0069885254
0.0179595947
0.0038299561
-0.0019836426
-0.0074615479
0.0104064941
0.0052337646
-0.0084075928
0.0000152588
0.0064239502
0.0043182373
0.0079498291
0.0099029541
0.0089416504
0.0037841797
0.0060882568
0.0089416504
-0.0089874268
-0.0049133301
0.0083618164
0.0180664062
0.0271911621
-0.0057067871
0.0192108154
0.0019683838
0.0092468262
-0.0187377930
0.0030670166
-0.0121459961
0.0171203613
0.0153961182
-0.0079193115
-0.0040130615
-0.0055694580
0.0182342529
-0.0146789551
-0.0075378418
-0.0055999756
0.0007171631
0.0064544678
-0.0079345703
0.0046539307
-0.0044250488
-0.0018615723
-0.0077972412
0.0017700195
0.0068664551
-0.0019073486
-0.0087280273
-0.0151824951
0.0116271973
-0.0170593262
0.0111389160
-0.0027008057
0.0103302002
-0.0037078857
-0.0226440430
0.0141143799
-0.0090637207
0.0030364990
-0.0023956299
0.0113372803
0.0059051514
0.0136413574
-0.0015106201
-0.0104370117
-0.0066986084
-0.0041503906
0.0295867920
0.0471954346
0.0061798096
-0.0436706543
0.0145568848
-0.0136718750
0.0039520264
-0.0418548584
-0.0199432373
0.0086669922
-0.0327301025
0.0612945557
-0.0112304688
-0.0097808838
-0.0409240723
-0.0134887695
-0.1298675537
0.2350311279
0.0118560791
0.2532806396
-0.2560424805
-0.0983276367
0.3123016357
0.3295745850
-0.0645904541
0.2329101562
-0.4385070801
0.0201263428
0.0770416260
-0.3394622803
0.0144348145
-0.2741394043
-0.0044555664
-0.0014038086
-0.0031738281
-0.0021362305
-0.0021820068
0.0067596436
0.0010681152
0.0027465820
0.0006256104
-0.0025634766
-0.0010070801
-0.0034942627
-0.0027923584
0.0013275146
0.0012664795
-0.0011596680
-0.0109863281
0.0061798096
0.0025482178
0.0012359619
-0.0115966797
-0.0010986328
-0.0144195557
0.0229034424
-0.0071411133
-0.0039520264
0.0194396973
0.0255889893
0.0135192871
-0.0071716309
0.0095520020
0.0158843994
0.0000762939
-0.0060577393
-0.0034332275
-0.0000610352
0.0061035156
-0.0009918213
0.0005798340
-0.0025329590
-0.0005645752
-0.0007476807
0.0054626465
0.0018463135
-0.0012359619
-0.0024108887
0.0016479492
-0.0035858154
