-0.0052642822
0.0048828125
-0.0173339844
-0.0110778809
0.0114593506
-0.0129241943
-0.0055541992
-0.0044403076
-0.0187835693
-0.0049285889
0.0028991699
-0.0045471191
-0.0088043213
-0.0240631104
0.0211029053
0.0018005371
0.0128021240
-0.0138702393
-0.0358734131
0.0332489014
0.0157928467
-0.0240173340
0.0332336426
-0.0279541016
-0.0205841064
0.0026092529
0.0056610107
-0.0618591309
0.0176849365
0.0321350098
-0.0493316650
-0.0097503662
-0.0041351318
0.0028228760
-0.0039367676
-0.0018157959
0.0131530762
-0.0028533936
0.0041046143
0.0042572021
0.0032958984
0.0015869141
-0.0031280518
0.0006866455
0.0068206787
-0.0146484375
0.0100402832
0.0016632080
0.0089111328
-0.0071105957
-0.0124359131
-0.0045776367
0.0037536621
0.0010375977
0.0021362305
0.0041503906
-0.0030822754
0.0023956299
0.0044860840
0.0004272461
-0.0098114014
-0.0009613037
-0.0088348389
0.0030975342
-0.0313720703
0.0307312012
-0.0248413086
-0.0031280518
-0.0256652832
-0.0329132080
0.0375823975
0.0314636230
0.0328063965
-0.0261688232
-0.0216674805
-0.0308227539
0.0129699707
0.0309448242
0.0161437988
0.0036926270
-0.0001373291
0.0063171387
0.0157623291
0.0045013428
0.0057983398
0.0021057129
0.0050048828
0.0015411377
-0.0034637451
0.0011138916
-0.0092315674
0.0087890625
-0.0074157715
0.0155487061
0.0003509521
0.0034942627
-0.0121917725
0.0140228271
0.0077056885
-0.0106201172
0.0022430420
-0.0187835693
-0.0144653320
-0.0096740723
0.0345611572
0.0215301514
0.0371246338
0.0074157715
0.0342712402
0.0093841553
-0.0211029053
0.0011901855
-0.0282287598
0.0192108154
-0.0324401855
0.0208435059
0.0208740234
0.0074005127
0.0165710449
0.0118560791
-0.0018615723
-0.0242919922
0.0145874023
0.0173492432
-0.0050659180
-0.0113067627
0.0336914062
-0.0099639893
-0.0148773193
0.0365905762
0.0444641113
0.0363311768
-0.0284271240
0.0526275635
-0.0127716064
-0.0074920654
0.0028533936
0.0052032471
0.0034179688
-0.0187683105
-0.0020751953
0.0098724365
-0.0095367432
0.0113220215
0.0140838623
0.0780334473
-0.2661132812
0.1928100586
-0.1407012939
-0.3129577637
-0.1517486572
-0.3133697510
-0.2619018555
0.2211303711
0.0196838379
0.3270263672
0.2206420898
0.1382141113
-0.1054687500
-0.3419952393
