0.0039825439
0.0035858154
0.0008697510
0.0090637207
-0.0159912109
0.0159454346
0.0041809082
-0.0024719238
-0.0048522949
0.0038299561
-0.0151977539
0.0062713623
0.0071411133
0.0155181885
-0.0132598877
-0.0057525635
-0.0009155273
-0.0004119873
0.0019836426
-0.0018768311
0.0013580322
0.0004730225
-0.0036163330
0.0020294189
0.0020599365
-0.0084686279
0.0009613037
-0.0004882812
-0.0050201416
-0.0019683838
-0.0004730225
0.0004577637
-0.0096130371
-0.0020751953
-0.0227661133
-0.0016632080
-0.0051574707
-0.0024414062
-0.0037841797
0.0102081299
0.0065002441
-0.0023040771
0.0016326904
0.0153656006
-0.0227355957
-0.0227355957
-0.0011291504
0.0106201172
-0.0012817383
-0.0120849609
-0.0364074707
-0.0028381348
-0.0050811768
-0.0083465576
0.0309906006
-0.0090789795
0.0075073242
-0.0010986328
-0.0186462402
0.0057067871
-0.0105133057
0.0103607178
0.0107879639
-0.0191497803
-0.0023040771
-0.0124511719
-0.0021667480
0.0015258789
0.0030517578
-0.0031433105
-0.0030212402
0.0003967285
0.0025634766
-0.0058746338
-0.0029144287
-0.0020599365
0.0015716553
0.0032806396
-0.0064086914
-0.0019531250
0.0063629150
-0.0070343018
-0.0012054443
0.0095672607
-0.0116577148
0.0070343018
0.0028228760
-0.0010223389
0.0025482178
0.0058746338
0.0038757324
0.0027923584
0.0084838867
0.0057067871
0.0028839111
0.0200958252
0.0031585693
0.0113525391
0.0059661865
0.0067443848
0.0005950928
-0.0057983398
-0.0043182373
-0.0005950928
0.0027008057
0.0055389404
-0.0026245117
0.0012054443
0.0024261475
-0.0042572021
-0.0005645752
-0.0018310547
-0.0021972656
0.0020141602
0.0028686523
-0.0012359619
-0.0072937012
0.0008544922
-0.0020599365
-0.0117187500
-0.0134582520
0.0079193115
0.0005950928
-0.0054016113
0.0122070312
0.0057525635
-0.0014190674
0.0040130615
-0.3272399902
0.3354949951
0.0623779297
0.0454101562
-0.3850402832
0.0268707275
-0.0986175537
0.3206329346
-0.3394927979
0.1833953857
0.0787811279
0.2916259766
0.1195373535
-0.1873779297
0.0708770752
0.3464660645
0.0057067871
-0.0034637451
-0.0012207031
-0.0021362305
0.0015563965
0.0034484863
-0.0025024414
0.0014801025
0.0011596680
0.0011291504
-0.0083160400
0.0011138916
0.0008392334
-0.0009307861
-0.0028381348
-0.0003967285
