-0.2398376465
-0.2897338867
0.2006530762
-0.2433471680
0.2689361572
-0.1742858887
-0.2144927979
0.0849304199
0.1296081543
-0.2378845215
0.3045196533
0.2965087891
-0.2462310791
-0.2534637451
0.0557861328
0.3150482178
0.0051422119
-0.0030517578
-0.0056762695
0.0050659180
-0.0017700195
-0.0042877197
0.0012359619
-0.0046386719
-0.0042266846
0.0097503662
-0.0077056885
0.0051116943
0.0051269531
0.0055084229
0.0063171387
-0.0012359619
0.0052947998
-0.0260314941
-0.0027618408
0.0106811523
0.0129089355
-0.0109558105
-0.0111236572
0.0063323975
-0.0054473877
-0.0038299561
0.0028228760
0.0004425049
-0.0064392090
-0.0175933838
-0.0032348633
-0.0051269531
0.0014343262
-0.0002746582
-0.0035247803
-0.0312805176
0.0025939941
-0.0027465820
0.0145874023
-0.0023956299
-0.0161285400
-0.0201873779
0.0029144287
-0.0066223145
0.0020751953
-0.0024414062
0.0036468506
-0.0104522705
0.0159606934
-0.0075073242
0.0121307373
-0.0049591064
-0.0005035400
0.0141143799
-0.0156555176
-0.0181121826
-0.0082244873
0.0055847168
-0.0045471191
0.0098724365
0.0033416748
-0.0218048096
0.0179901123
0.0111694336
0.0044097900
0.0017852783
-0.0057373047
-0.0017852783
0.0029144287
0.0017852783
0.0045623779
0.0046691895
0.0044708252
-0.0116729736
-0.0012359619
-0.0053558350
-0.0059661865
0.0032043457
0.0023803711
-0.0060272217
0.0107879639
-0.0036468506
0.0025177002
0.0047912598
-0.0011596680
0.0088806152
-0.0014801025
-0.0055389404
-0.0081024170
-0.0093383789
-0.0021514893
-0.0029296875
-0.0139923096
-0.0033264160
0.0027160645
0.0118255615
0.0113525391
-0.0024261475
0.0022583008
0.0106353760
-0.0122222900
0.0167236328
-0.0066223145
-0.0099334717
0.0078735352
0.0028076172
0.0083770752
-0.0129547119
-0.0117950439
0.0079040527
-0.0018615723
0.0048522949
0.0164031982
-0.0172729492
0.0173034668
0.0097961426
0.0211639404
0.0248413086
0.0081787109
-0.0244598389
0.0081176758
0.0079345703
-0.0048065186
-0.0132293701
-0.0056152344
0.0005493164
-0.0110778809
-0.0156555176
0.0096588135
-0.0075836182
0.0056457520
-0.0024871826
-0.0090484619
-0.0011901855
0.0006713867
-0.0097198486
-0.0099792480
0.0055847168
-0.0232543945
-0.0016632080
0.0005035400
-0.0070953369
0.0070037842
0.0113067627
