-0.0023040771
-0.0011749268
-0.0033874512
0.0018920898
0.0099334717
-0.0060272217
0.0023040771
0.0084533691
-0.0035247803
-0.0019073486
0.0026702881
0.0124816895
0.0074768066
0.0000152588
0.0050201416
-0.0041503906
0.0162200928
-0.0135498047
-0.0156402588
0.0223693848
0.0067596436
-0.0146026611
0.0057067871
-0.0197601318
-0.0198059082
0.0095672607
-0.0083465576
-0.0174865723
0.0074615479
0.0217590332
-0.0093231201
0.0010375977
-0.0132446289
0.0164031982
-0.0126037598
0.0024414062
0.0191345215
0.0016326904
0.0067749023
-0.0116577148
0.0140533447
-0.0002593994
0.0022888184
0.0089874268
0.0163269043
0.0059661865
0.0140075684
0.0122985840
0.0030364990
-0.0035400391
0.0000152588
-0.0047912598
0.0037536621
-0.0102996826
0.0008087158
-0.0000762939
-0.0100097656
-0.0044250488
-0.0082092285
-0.0064392090
0.0003662109
-0.0094451904
-0.0045928955
-0.0022735596
-0.2497863770
0.0270538330
-0.3011779785
-0.0641937256
0.0409393311
-0.2547912598
0.2651824951
0.2976837158
0.3053436279
-0.2911071777
0.0858917236
-0.1811370850
-0.0497589111
0.1147155762
0.1360168457
-0.0036926270
0.0148010254
-0.0122680664
-0.0059967041
0.0005645752
-0.0049438477
0.0012359619
-0.0115203857
-0.0103607178
-0.0184326172
0.0201416016
-0.0019989014
0.0042114258
0.0242004395
-0.0025939941
-0.0219421387
0.0225830078
0.0054626465
0.0067291260
-0.0020599365
-0.0040893555
-0.0042419434
-0.0163116455
0.0044555664
0.0034484863
-0.0020599365
0.0171966553
-0.0001373291
-0.0029907227
0.0141906738
-0.0058441162
-0.0132598877
-0.0092315674
0.0143737793
0.0237731934
-0.0221862793
0.0019836426
0.0053558350
0.0010375977
0.0149993896
0.0213165283
-0.0570373535
-0.0195312500
0.0011291504
-0.0292663574
-0.0076446533
0.0158538818
0.0351409912
-0.0090942383
-0.0019531250
-0.0061035156
-0.0069732666
-0.0054321289
0.0037384033
-0.0054626465
0.0042877197
0.0123291016
-0.0134735107
-0.0026397705
-0.0028076172
0.0204162598
0.0024108887
-0.0154876709
0.0027313232
0.0070800781
0.0346527100
-0.0196990967
-0.0844726562
0.0778808594
-0.0704040527
-0.0753784180
-0.0924530029
-0.0689086914
-0.0667419434
0.1054382324
0.0004882812
0.0902862549
0.0952301025
0.0681457520
0.0303802490
-0.0951232910
