0.0177459717
0.0105285645
-0.0007019043
0.0013122559
0.0141601562
-0.0005798340
0.0108337402
-0.0076293945
0.0025634766
0.0226287842
0.0007171631
-0.0039520264
-0.0008697510
0.0029754639
0.0094757080
-0.0025939941
0.0003662109
0.0009155273
-0.0008239746
0.0003051758
0.0045623779
0.0010070801
-0.0018310547
0.0008850098
-0.0004119873
0.0051727295
-0.0044250488
0.0030975342
0.0014801025
0.0002899170
0.0059204102
0.0012359619
-0.0072021484
0.0107421875
0.0081787109
-0.0060424805
0.0110321045
0.0022430420
-0.0042114258
0.0010070801
0.0082550049
-0.0095520020
-0.0013580322
-0.0021820068
0.0059051514
0.0049896240
-0.0043334961
0.0141601562
-0.0123748779
0.0016479492
0.0209197998
0.0169372559
0.0000457764
0.0097045898
0.0002746582
0.0060729980
0.0050506592
-0.0082550049
-0.0053710938
0.0002441406
0.0100097656
-0.0129089355
0.0079650879
0.0068817139
0.0114440918
-0.0220489502
0.0020904541
-0.0052337646
-0.0171966553
0.0161437988
-0.0003509521
-0.0121002197
-0.0119934082
0.0181579590
-0.0222167969
-0.0078582764
-0.0089874268
0.0027618408
0.0070953369
-0.0075683594
0.0032196045
0.0003814697
0.0142669678
0.0028686523
0.0213775635
0.0081176758
0.0099639893
-0.0038757324
0.0023345947
0.0024871826
0.0007171631
0.0220489502
0.0220336914
-0.0158386230
0.0023956299
0.0111389160
0.0056762695
0.0068206787
0.0050048828
-0.0008087158
0.0001678467
-0.0147399902
0.0025482178
0.0002136230
0.0137023926
0.0048675537
-0.0154113770
-0.0030822754
0.0073394775
-0.0196380615
-0.0067596436
-0.0130920410
-0.2347717285
-0.2729187012
0.1887969971
-0.1953430176
-0.2277374268
0.3107147217
-0.2672119141
-0.2526397705
0.0688934326
0.2762908936
-0.1130676270
0.2476654053
0.1238555908
-0.2646942139
-0.2750854492
-0.1881561279
-0.0013122559
0.0017547607
0.0021820068
-0.0003967285
-0.0029296875
-0.0040130615
0.0035858154
0.0002288818
-0.0012817383
-0.0011901855
-0.0055541992
0.0012054443
-0.0018157959
0.0014801025
0.0000762939
0.0015258789
-0.0003814697
0.0061035156
-0.0001068115
0.0087738037
0.0056304932
0.0014343262
-0.0058746338
-0.0026397705
0.0000457764
0.0060729980
-0.0082702637
0.0020446777
0.0081329346
-0.0068206787
0.0138854980
-0.0033569336
