-0.0050811768
-0.0157775879
0.0055999756
-0.0157928467
0.0092926025
-0.0197601318
-0.0076293945
0.0095062256
0.0137786865
-0.0037078857
0.0213012695
0.0023956299
-0.0037689209
-0.0063171387
0.0245056152
0.0158233643
0.0047912598
-0.0044097900
0.0003662109
0.0046844482
0.0052795410
-0.0023956299
0.0010223389
-0.0031433105
-0.0037231445
0.0037231445
0.0068664551
0.0079345703
-0.0033874512
0.0039520264
0.0058746338
-0.0022583008
0.0032043457
-0.0042572021
0.0048675537
0.0124206543
0.0054321289
0.0059051514
0.0011444092
-0.0040588379
0.0098571777
0.0087890625
-0.0004730225
-0.0001373291
0.0052795410
-0.0072174072
0.0084533691
-0.0051269531
0.0032501221
-0.0084991455
-0.0052490234
0.0010528564
-0.0027008057
0.0031433105
-0.0021362305
-0.0024566650
-0.0081481934
0.0037078857
0.0009613037
0.0046081543
0.0026397705
-0.0082550049
-0.0039367676
0.0061035156
-0.3009490967
-0.0176086426
-0.2896118164
-0.0494995117
-0.0335998535
-0.3125762939
0.3553924561
0.3218231201
0.3523254395
-0.2728576660
-0.0054168701
-0.2733154297
0.0192718506
0.2950592041
-0.0068359375
-0.2110290527
0.0071258545
-0.0041351318
-0.0108947754
0.0011596680
0.0085449219
-0.0027160645
0.0064849854
0.0072937012
-0.0018157959
-0.0248718262
-0.0056152344
-0.0054931641
0.0056762695
0.0030364990
-0.0062408447
-0.0065307617
-0.0021514893
-0.0018310547
-0.0077819824
0.0017395020
0.0021820068
0.0023345947
-0.0012969971
-0.0009918213
-0.0081939697
-0.0033416748
-0.0058288574
0.0025329590
-0.0027008057
-0.0007476807
0.0064239502
0.0040588379
0.0103759766
0.0191345215
-0.0280456543
0.0267486572
0.0259094238
-0.0137023926
0.0285034180
0.0176239014
0.0231475830
-0.0180511475
-0.0257720947
-0.0244750977
-0.0323944092
0.0282745361
0.0207366943
0.0044097900
0.0025329590
-0.0018615723
-0.0065612793
-0.0003356934
0.0034790039
-0.0030364990
0.0011291504
-0.0029296875
0.0022888184
0.0055389404
0.0024566650
-0.0009155273
0.0024871826
0.0110321045
-0.0100097656
-0.0008087158
0.0068359375
0.0090026855
-0.0189208984
-0.0075073242
-0.0044555664
-0.0116729736
-0.0009765625
-0.0126647949
-0.0104370117
0.0047302246
0.0082397461
0.0153961182
-0.0079345703
-0.0046539307
0.0023345947
-0.0100860596
