-0.0309600830
-0.0196533203
0.0015258789
-0.0360717773
0.0789184570
-0.0253448486
-0.0250549316
0.0005187988
0.0032348633
-0.0137786865
0.0402526855
0.0319671631
-0.0231170654
-0.0535583496
-0.0119628906
0.0311889648
0.0024414062
-0.0000610352
-0.0086517334
0.0027008057
0.0111541748
-0.0028686523
-0.0132446289
-0.0016784668
-0.0028533936
-0.0115356445
0.0004425049
-0.0077056885
-0.0053100586
0.0017852783
-0.0008392334
0.0018005371
-0.3356475830
-0.2046508789
-0.2735748291
0.0286712646
-0.0503692627
-0.3196258545
0.2795257568
-0.1081237793
-0.3416290283
-0.3190917969
-0.0860595703
-0.2073364258
0.0722198486
-0.1022338867
0.2086944580
0.3156433105
-0.0093841553
-0.0066528320
0.0066375732
0.0085906982
0.0109405518
-0.0024566650
0.0071716309
0.0187683105
-0.0068817139
0.0091857910
0.0154876709
0.0026397705
0.0074768066
-0.0125427246
0.0136260986
-0.0156707764
0.0018005371
0.0065460205
0.0012969971
-0.0009460449
0.0001678467
0.0040893555
0.0030975342
0.0033416748
0.0031585693
0.0007629395
0.0048370361
0.0035552979
-0.0127716064
-0.0024261475
0.0013732910
0.0040588379
0.0040588379
0.0073852539
0.0091857910
-0.0104980469
-0.0059356689
0.0055389404
0.0100708008
-0.0082092285
0.0024414062
0.0075225830
-0.0033416748
-0.0128936768
-0.0086364746
-0.0089874268
0.0060577393
-0.0041351318
0.0068359375
-0.0138244629
0.0131835938
-0.0192565918
0.0014495850
0.0002136230
-0.0015411377
0.0017852783
0.0074615479
0.0011291504
0.0040893555
0.0023193359
0.0132904053
-0.0017547607
-0.0074157715
0.0048217773
0.0062866211
0.0175018311
-0.0114593506
-0.0058898926
0.0053558350
0.0152740479
0.0034637451
-0.0078430176
-0.0128479004
0.0018157959
0.0071411133
0.0001983643
-0.0101470947
0.0037536621
0.0204467773
0.0034179688
0.0229187012
-0.0007781982
0.0054016113
-0.0131835938
-0.0045776367
0.0017547607
-0.0281372070
-0.0194702148
0.0026245117
0.0308074951
0.0330810547
-0.0168151855
0.0222320557
-0.0127410889
-0.0294647217
0.0194854736
0.0567321777
-0.0197906494
-0.0155334473
0.0304260254
0.0266723633
-0.0164337158
-0.0176849365
-0.0469055176
-0.0325469971
0.0242767334
-0.0690612793
0.0183715820
0.0289459229
0.0214996338
-0.0053558350
-0.0152893066
