-0.0028381348
0.0064697266
-0.0296020508
-0.0081939697
-0.0347137451
0.0066070557
-0.0013275146
0.0055541992
-0.0229949951
-0.0083465576
-0.0006561279
0.0256195068
0.0039672852
-0.0187835693
0.0225372314
-0.0007629395
-0.3353424072
0.3430938721
0.0979919434
-0.3379364014
-0.0216369629
0.2711334229
-0.0327606201
0.3293457031
0.3568420410
0.1046447754
0.0881805420
0.0215759277
0.2306213379
-0.3513946533
-0.0931701660
-0.0381317139
0.0000152588
-0.0137481689
-0.0125732422
-0.0012664795
-0.0088500977
-0.0014648438
0.0074310303
-0.0029907227
0.0121459961
0.0042724609
0.0055236816
-0.0106201172
0.0037689209
0.0022735596
-0.0083465576
0.0010070801
0.0016479492
-0.0003967285
0.0181427002
-0.0230102539
0.0105590820
0.0108795166
-0.0051727295
0.0060577393
-0.0101928711
-0.0177459717
0.0017089844
0.0156250000
0.0039825439
-0.0090942383
-0.0063018799
-0.0069427490
-0.0044250488
0.0044860840
-0.0032348633
0.0019226074
-0.0124206543
-0.0033874512
0.0007781982
-0.0094604492
0.0105743408
-0.0162963867
-0.0067443848
-0.0114898682
0.0189208984
-0.0106048584
-0.0020294189
0.0077514648
0.0089111328
0.0027313232
-0.0154571533
-0.0015411377
0.0110321045
-0.0171203613
0.0164642334
-0.0029449463
-0.0100097656
0.0032348633
-0.0087890625
0.0043487549
-0.0102081299
-0.0146331787
-0.0093688965
-0.0339660645
0.0070190430
0.0061187744
0.0104522705
0.0000762939
-0.0040740967
-0.0068969727
0.0038909912
0.0040588379
0.0069122314
0.0051116943
0.0030822754
-0.0087585449
-0.0000152588
-0.0062561035
-0.0125732422
-0.0039672852
-0.0033416748
-0.0026092529
-0.0017242432
0.0049438477
-0.0066680908
0.0106964111
-0.0032348633
-0.0054473877
-0.0102691650
0.0033416748
-0.0010070801
0.0004272461
0.0029907227
-0.0015411377
0.0078582764
-0.0042572021
-0.0015716553
-0.0030212402
0.0042572021
0.0006713867
0.0037689209
-0.0002593994
0.0025482178
0.0006408691
0.0024414062
-0.0078582764
0.0021514893
0.0031433105
0.0021667480
-0.0036621094
0.0081787109
-0.0030670166
-0.0105590820
-0.0077667236
-0.0006866455
-0.0008087158
-0.0043334961
-0.0021514893
0.0030059814
-0.0019226074
0.0049591064
-0.0045318604
-0.0066070557
0.0027313232
-0.0027008057
-0.0111694336
0.0048522949
-0.0044555664
