-0.0850830078
-0.0405273438
0.0629272461
-0.1100463867
0.0698242188
-0.0830078125
-0.0746459961
0.0659179688
0.0416259766
-0.0970458984
0.0827026367
0.0183715820
-0.0479125977
-0.0744018555
0.0619506836
0.0724487305
0.0026855469
-0.0093994141
0.0012207031
0.0192260742
0.0072021484
-0.0012817383
0.0001831055
-0.0032348633
-0.0208129883
-0.0126953125
0.0166015625
0.0064697266
0.0050659180
0.0163574219
0.0093994141
-0.0046386719
-0.0341796875
-0.0239868164
-0.0027465820
-0.0099487305
0.0220336914
-0.0575561523
0.0222778320
-0.0003662109
0.0046997070
-0.0911865234
0.0065917969
-0.0167846680
-0.0084838867
-0.0349121094
0.0006713867
0.1141357422
-0.0553588867
0.0952758789
0.2669067383
-0.2130737305
0.1733398438
-0.1815795898
-0.1567382812
0.1958618164
-0.1390380859
-0.0983886719
-0.1669311523
-0.1179199219
0.2125854492
0.1585083008
-0.0866088867
0.1497192383
-0.3086547852
-0.1509399414
-0.2758178711
0.0176391602
-0.1522827148
-0.3150634766
0.2689208984
0.2491455078
0.3386840820
-0.3356933594
-0.1223144531
-0.3334960938
0.1495971680
0.2849731445
-0.0534667969
-0.1262817383
-0.0399169922
-0.0334472656
-0.0129394531
0.0308837891
-0.0408325195
0.0435791016
-0.0074462891
0.0708618164
0.0985717773
-0.0019531250
0.0649414062
-0.0291137695
0.0817871094
0.0642700195
0.0459594727
0.0718383789
-0.0049438477
-0.0809936523
-0.0220336914
-0.0435180664
0.0588378906
0.0397338867
-0.0686645508
-0.0469360352
0.0153198242
-0.0292358398
-0.0267944336
-0.0227661133
0.0053100586
0.0623779297
0.0469970703
0.0606079102
-0.0880737305
-0.1392211914
0.0034790039
0.0248413086
-0.0703125000
0.0539550781
-0.0988769531
-0.0482788086
0.0705566406
0.0665283203
-0.0362548828
0.1356201172
0.0422973633
-0.1528930664
-0.0211791992
-0.0495605469
-0.0391235352
0.0628051758
0.0349121094
0.0343627930
-0.0798950195
0.0764770508
-0.1010131836
0.0421142578
-0.0643920898
0.0701904297
0.1016845703
0.0855102539
0.0113525391
-0.0358886719
0.0316162109
0.0760498047
0.0442504883
-0.0056152344
-0.0650024414
0.1036376953
-0.0186767578
-0.0532836914
-0.0876464844
-0.0544433594
-0.0563354492
0.0836181641
-0.0207519531
0.0947875977
0.0588378906
-0.0351562500
0.0223388672
-0.0295410156
