-0.2670288086
-0.3240966797
0.2326049805
-0.2559814453
0.3054809570
-0.2124633789
-0.2243041992
0.1055297852
0.1895751953
-0.2164306641
0.3236694336
0.2078247070
-0.2266235352
-0.2118530273
0.0272827148
0.3267211914
-0.0163574219
0.0050048828
0.0316162109
-0.0005493164
0.0390014648
0.0155639648
0.0109252930
-0.0242309570
-0.0130615234
-0.0108032227
0.0261230469
0.0286865234
-0.0076293945
0.0051269531
0.0021972656
0.0094604492
-0.1381225586
-0.0349121094
-0.0633544922
0.0186157227
-0.0208129883
-0.0984497070
0.1478271484
0.0023803711
-0.1027221680
-0.0624389648
0.0144653320
-0.0587768555
0.0408325195
0.0540161133
0.0718994141
0.1098022461
-0.0706787109
0.1044921875
0.1494140625
-0.1731567383
0.1143188477
-0.0527343750
-0.0568237305
0.1121826172
-0.0850830078
-0.1000976562
-0.0845947266
-0.0724487305
0.0786132812
0.0778198242
-0.0892944336
0.1529541016
0.0202026367
0.0172729492
0.0345458984
-0.0372314453
0.0376586914
0.0034790039
-0.0101928711
-0.0074462891
-0.0108032227
0.0228271484
0.0059814453
0.0118408203
0.0019531250
-0.0147094727
0.0267333984
0.0555419922
-0.0079956055
-0.0661621094
0.0578613281
0.0535888672
-0.0437622070
0.0460815430
-0.0150756836
0.0557250977
0.0736083984
-0.0482177734
0.0348510742
-0.0349731445
0.0718994141
0.0466308594
0.0626831055
0.1006469727
0.0225830078
0.0338134766
0.0041503906
0.0260620117
-0.0399169922
0.0030517578
0.0229492188
0.0567626953
-0.0140991211
0.0180664062
-0.0282592773
0.0162963867
-0.0064086914
-0.0322265625
-0.0194702148
-0.0116577148
-0.1343383789
-0.1797485352
0.0515747070
-0.0550537109
-0.1536865234
0.1774291992
-0.1975708008
-0.1469116211
0.0239868164
0.1664428711
-0.0419311523
0.1666259766
0.0424194336
-0.1603393555
-0.1020507812
-0.0505981445
-0.0040893555
-0.0030517578
-0.0040893555
0.0504150391
0.0133056641
0.0560302734
-0.0516357422
0.0070800781
-0.0071411133
0.0186767578
0.0098266602
-0.0097656250
0.0330810547
0.0150756836
0.0217285156
-0.0009155273
0.0460205078
-0.0065307617
-0.0232543945
0.0491943359
-0.0174560547
-0.0056152344
-0.0580444336
-0.0335693359
-0.0253295898
0.0690917969
-0.0183715820
0.0424804688
0.0680541992
-0.0283203125
0.0121459961
-0.0272827148
