-0.0061035156
-0.0092773438
0.0368041992
-0.0307617188
0.0413208008
-0.0219116211
-0.0071411133
-0.0294189453
0.0100708008
-0.0202636719
0.0029907227
0.0059204102
-0.0205078125
-0.0148925781
0.0224609375
0.0154418945
-0.0028076172
0.0067138672
0.0047607422
-0.0059814453
0.0037231445
0.0144653320
0.0006713867
0.0017089844
0.0019531250
-0.0066528320
0.0111694336
-0.0083007812
-0.0045166016
0.0073242188
0.0084228516
-0.0153198242
-0.0596313477
-0.0211791992
0.0275878906
-0.0155029297
0.0237426758
-0.0141601562
0.0333862305
-0.0595703125
0.0110473633
-0.0230712891
0.0007324219
-0.0360717773
0.0098266602
-0.0487060547
0.0550537109
0.0513305664
-0.0591430664
0.0966796875
0.2157592773
-0.2012939453
0.1771850586
-0.1348876953
-0.1379394531
0.2187500000
-0.1864624023
-0.1572875977
-0.2138061523
-0.1478271484
0.2005615234
0.1775512695
-0.1295166016
0.1807250977
-0.0740966797
0.0278320312
-0.0747070312
0.0026245117
0.0114746094
-0.0438842773
0.0811767578
0.1055908203
0.0653076172
-0.0359497070
0.0390014648
-0.0302124023
-0.0330810547
0.0594482422
0.0121459961
-0.0123291016
-0.1098022461
-0.1762084961
0.0217895508
0.1452636719
-0.1059570312
0.2139282227
-0.1428833008
0.1614379883
0.2329101562
-0.0344238281
0.1853637695
-0.2157592773
0.1682128906
0.1893920898
0.2238159180
0.2878417969
0.0097045898
0.0236816406
-0.0023803711
0.0058593750
-0.0054931641
-0.0162963867
-0.0057983398
-0.0130004883
0.0025024414
0.0153198242
0.0017089844
0.0059814453
0.0050048828
0.0046997070
-0.0255737305
-0.0083618164
-0.1433715820
-0.1569213867
0.0358276367
-0.0984497070
-0.1346435547
0.1190795898
-0.1524658203
-0.0708007812
0.0269775391
0.1076660156
-0.0499877930
0.2012939453
0.0380249023
-0.2413940430
-0.0099487305
-0.1160278320
-0.0093383789
0.0281372070
0.0054931641
0.0137329102
-0.0233764648
-0.0093994141
-0.0570678711
0.0182495117
-0.0146484375
0.0007324219
0.0278320312
-0.0042724609
-0.0042114258
-0.0233764648
-0.0094604492
0.0344238281
0.2343139648
0.0001220703
-0.2693481445
0.3131103516
-0.0552978516
-0.2797241211
-0.2816772461
-0.2979736328
-0.2745361328
0.3068847656
-0.1323852539
0.3101196289
0.3116455078
0.0236816406
0.0100097656
-0.3046264648
