0.0088348389
0.0052490234
-0.0113525391
-0.0047912598
0.0061187744
-0.0085144043
-0.0017395020
0.0001831055
-0.0074462891
-0.0024108887
0.0037536621
-0.0010070801
-0.0006408691
-0.0028228760
-0.0029754639
-0.0018920898
-0.0073547363
0.0143585205
-0.0048065186
-0.0017089844
-0.0087585449
0.0068969727
-0.0036468506
0.0024566650
0.0006103516
0.0078887939
-0.0016937256
0.0069274902
0.0140533447
-0.0018615723
0.0031890869
-0.0087280273
0.0045013428
-0.0019378662
0.0117950439
0.0045318604
-0.0040588379
0.0079193115
0.0021820068
0.0075683594
0.0055847168
0.0095672607
-0.0165405273
-0.0036926270
-0.0034484863
0.0000610352
-0.0049133301
-0.0036468506
0.0004119873
-0.0120849609
-0.0113983154
0.0196838379
-0.0140075684
0.0177154541
-0.0056610107
-0.0027465820
0.0051727295
0.0133361816
0.0109710693
0.0156097412
-0.0015411377
-0.0018920898
0.0286865234
-0.0093231201
-0.0012207031
-0.0025024414
0.0006561279
0.0007019043
-0.0041046143
-0.0014190674
-0.0015869141
-0.0014801025
0.0000152588
-0.0007324219
0.0006103516
-0.0017700195
-0.0013122559
0.0051879883
0.0028839111
0.0022888184
-0.0105285645
0.0255432129
0.0115966797
-0.0209045410
0.0171051025
-0.0106353760
0.0045776367
-0.0150146484
-0.0020446777
0.0209808350
-0.0197753906
0.0283508301
-0.0209655762
-0.0057067871
-0.0172424316
-0.0280914307
0.0001983643
-0.0065002441
-0.0045928955
-0.0041503906
0.0031433105
0.0060577393
-0.0049438477
-0.0047912598
-0.0106506348
0.0016021729
-0.0050811768
0.0025634766
0.0004272461
-0.0022583008
0.0006713867
0.0059509277
-0.2347869873
-0.2487945557
0.2650756836
-0.1065521240
-0.2867126465
0.2825317383
-0.2655792236
-0.2611083984
0.0272674561
0.2203216553
-0.1331024170
0.2414703369
0.2601165771
-0.2831115723
-0.2277832031
-0.2261505127
-0.0004730225
-0.0021972656
-0.0033111572
-0.0112609863
-0.0018310547
-0.0042266846
-0.0034332275
0.0019226074
-0.0023651123
-0.0048828125
-0.0016479492
0.0023651123
-0.0041503906
-0.0031433105
-0.0059204102
0.0019378662
-0.0059814453
0.0018157959
0.0031890869
-0.0021667480
0.0027313232
-0.0036163330
0.0011444092
0.0001068115
-0.0054321289
0.0037994385
0.0013122559
0.0007476807
0.0021057129
0.0009460449
0.0032348633
0.0012054443
