-0.0722656250
-0.0534667969
0.0371704102
-0.0704345703
-0.0478515625
-0.0396118164
-0.0775146484
0.0158081055
-0.0291748047
-0.0512084961
0.0884399414
0.0350952148
-0.0338134766
-0.0719604492
0.0272216797
0.0807495117
-0.3281250000
0.3398437500
0.1246948242
-0.3375854492
0.0020751953
0.2793579102
-0.1234741211
0.3193359375
0.3543090820
0.0491943359
-0.0163574219
0.1320190430
0.2356567383
-0.3544311523
-0.0576171875
-0.0360717773
-0.0395507812
0.0002441406
-0.0830078125
0.0244140625
0.0207519531
-0.0863647461
0.0504760742
-0.0933837891
-0.0645141602
-0.1090087891
-0.0415039062
-0.0373535156
0.0522460938
-0.0215454102
-0.0097045898
0.0742797852
-0.0457763672
0.0682373047
0.1162109375
-0.1021118164
0.0622558594
-0.1062622070
-0.1098632812
0.0809936523
-0.1279296875
-0.1445312500
-0.1088256836
-0.1483764648
0.1062622070
0.0940551758
-0.0950317383
0.1236572266
-0.0835571289
-0.0009155273
-0.0583496094
-0.0282592773
-0.0596923828
-0.0540771484
0.0796508789
0.0476684570
0.0717773438
-0.0665283203
0.0008544922
-0.0595092773
0.0401611328
0.0726318359
0.0640869141
0.0086669922
-0.0546264648
-0.0234985352
0.0428466797
0.0231933594
0.0162353516
0.0377197266
-0.0277099609
0.0418701172
0.0485839844
-0.0012207031
0.0177001953
-0.0327758789
0.0133666992
0.0512695312
0.0216674805
0.0089721680
0.0017089844
0.0042724609
0.0046386719
-0.0015869141
-0.0045166016
0.0076904297
0.0012207031
-0.0035400391
-0.0034179688
-0.0004882812
0.0032348633
-0.0013427734
0.0046386719
-0.0034790039
0.0037841797
0.0093994141
-0.0595703125
-0.1173706055
0.0454711914
0.0350341797
-0.0773925781
0.0668945312
-0.1154174805
-0.0671386719
0.0114746094
0.0665283203
-0.0267333984
0.0995483398
-0.0005493164
-0.0888671875
-0.0498657227
-0.0531005859
-0.0263061523
0.0200805664
-0.0174560547
-0.0079345703
-0.0090332031
-0.0229492188
0.0161132812
0.0206298828
-0.0081787109
0.0300903320
-0.0026855469
0.0126953125
0.0070800781
0.0012207031
0.0063476562
0.0032348633
0.0751953125
0.0189208984
-0.0645751953
0.0949096680
-0.0164794922
-0.0194702148
-0.0475463867
-0.0348510742
-0.0103759766
0.0517578125
-0.0704345703
0.0465087891
0.0370483398
-0.0139770508
0.0005493164
-0.0372924805
