-0.0707397461
-0.0817260742
0.0796508789
-0.0243530273
0.0407714844
-0.0250854492
-0.0607299805
-0.0043334961
-0.0114135742
-0.0310058594
0.0894165039
0.0355224609
-0.0200805664
-0.0364379883
0.0367431641
0.0560913086
0.0115356445
-0.0206909180
0.0135498047
0.0631103516
-0.0197143555
0.0135498047
-0.0275268555
-0.0353393555
-0.0432739258
-0.0258789062
0.0698852539
-0.0147705078
-0.0127563477
0.0537109375
0.0009765625
-0.0497436523
-0.1000366211
-0.0634765625
-0.0787353516
0.0387573242
-0.0002441406
-0.1132812500
0.0620727539
-0.0123901367
-0.0415039062
-0.0576782227
-0.0358886719
-0.0486450195
0.0532226562
-0.0260009766
0.0286254883
0.0946044922
-0.1293945312
0.1114501953
0.2106933594
-0.2617797852
0.1975708008
-0.1500854492
-0.1307373047
0.1698608398
-0.1619873047
-0.1827392578
-0.2131347656
-0.1361694336
0.1633300781
0.1826171875
-0.1774291992
0.1495361328
-0.0026245117
0.0193481445
0.0060424805
-0.0195312500
0.0371704102
0.0136108398
-0.0288085938
0.0024414062
0.0045166016
0.0073242188
0.0123901367
0.0443725586
0.0015258789
-0.0160522461
0.0118408203
0.0054321289
-0.0891113281
-0.1855468750
0.0483398438
0.1607055664
-0.1196289062
0.2183837891
-0.1195678711
0.1829223633
0.2374877930
-0.1369628906
0.1742553711
-0.1430664062
0.1627197266
0.1116943359
0.2249755859
0.2384033203
0.0094604492
0.0396728516
0.0595092773
0.0300903320
-0.0293579102
-0.0144042969
0.0087890625
0.0062255859
-0.0044555664
0.0130615234
0.0133666992
0.0047607422
0.0464477539
-0.0298461914
-0.0049438477
-0.0241699219
-0.0156860352
-0.0352172852
0.0184326172
-0.0117187500
-0.0438842773
0.0408325195
-0.0405273438
-0.0770874023
-0.0242309570
0.0614624023
0.0120849609
0.0472412109
0.0070190430
-0.0555419922
-0.0211791992
-0.0359497070
-0.3123168945
0.2989501953
0.0996704102
0.0965576172
-0.3187255859
0.0433959961
-0.1790161133
0.3425292969
-0.3287963867
0.1566162109
0.1295776367
0.3071899414
0.1669311523
-0.2354125977
0.0979614258
0.3389282227
0.1797485352
0.0359497070
-0.1931762695
0.1515502930
-0.0127563477
-0.0650634766
-0.0908813477
-0.1655273438
-0.1353759766
0.0961914062
-0.0280151367
0.0992431641
0.0741577148
0.0199584961
-0.0487670898
-0.0745239258
