-0.0241699219
-0.0279541016
0.0108032227
0.0104980469
-0.0180664062
-0.0065917969
-0.0354614258
-0.0192871094
-0.0108032227
-0.0069580078
0.0276489258
-0.0068969727
-0.0294189453
-0.0118408203
-0.0026855469
0.0344238281
0.0234985352
-0.0225219727
0.0254516602
0.0192871094
-0.0095825195
0.0119018555
0.0378417969
-0.0130615234
0.0047607422
-0.0394287109
0.0391235352
-0.0193481445
-0.0380859375
0.0153198242
0.0082397461
-0.0508422852
-0.0524902344
0.0097045898
-0.0361938477
-0.0214843750
0.0126953125
-0.0510864258
0.0214843750
-0.0016479492
-0.0029907227
0.0035400391
-0.0340576172
0.0006713867
0.0121459961
-0.0112915039
-0.0339355469
0.0313720703
-0.1192626953
0.1923217773
0.2538452148
-0.2765502930
0.1973266602
-0.1650390625
-0.1566162109
0.1756591797
-0.1625976562
-0.2020263672
-0.2211303711
-0.1442260742
0.2239990234
0.2039794922
-0.2120361328
0.1859741211
0.0158691406
-0.0267944336
0.0333862305
0.0166625977
0.0105590820
0.0348510742
-0.0200805664
-0.0366821289
-0.0195312500
0.0315551758
-0.0102539062
0.0314941406
-0.0014648438
-0.0286865234
0.0167236328
0.0200195312
-0.0942993164
-0.1840820312
0.0218505859
0.1104736328
-0.0946655273
0.2009277344
-0.1127929688
0.1560058594
0.1770019531
-0.1194458008
0.1326904297
-0.1635742188
0.2012329102
0.1322021484
0.2203369141
0.2547607422
0.0330200195
0.0136108398
0.0636596680
0.0175170898
0.0130004883
-0.0100708008
0.0036621094
-0.0019531250
0.0037841797
0.0000000000
0.0299682617
-0.0185546875
0.0551147461
-0.0013427734
-0.0473632812
-0.0111083984
-0.0496826172
-0.0772094727
0.0269165039
-0.0621948242
-0.1251831055
0.0568847656
-0.1140747070
-0.0994873047
0.0079345703
0.1172485352
0.0019531250
0.0505371094
0.0264892578
-0.0765991211
-0.0223999023
-0.0170288086
-0.3707885742
0.3795776367
0.0013427734
0.0276489258
-0.3978271484
-0.0015258789
-0.0700683594
0.3316650391
-0.3477783203
0.0962524414
0.0545043945
0.3081665039
0.0599975586
-0.1497802734
0.0975952148
0.3436279297
0.0426025391
0.0099487305
-0.0704345703
0.0774536133
-0.0182495117
-0.0325927734
-0.0654296875
-0.0529785156
-0.0403442383
0.0607299805
-0.0276489258
0.0360717773
0.0643310547
-0.0036010742
-0.0548706055
-0.0364990234
