-0.0055541992
-0.0567016602
0.0679321289
-0.0381469727
0.0107421875
-0.0258789062
-0.0297241211
-0.0286254883
-0.0127563477
-0.0245361328
0.0723266602
0.0355834961
0.0213012695
0.0253295898
-0.0275878906
-0.0067138672
0.0156860352
-0.0189208984
0.0218505859
0.0156250000
-0.0067138672
0.0083007812
-0.0015869141
-0.0266723633
-0.0371093750
0.0011596680
0.0180053711
0.0094604492
-0.0054321289
0.0501708984
-0.0020751953
-0.0014648438
-0.1438598633
-0.0176391602
-0.0740356445
-0.0130615234
0.0215454102
-0.1560668945
0.0954589844
-0.0529785156
-0.0907592773
-0.1014404297
-0.0812377930
-0.0681762695
0.0746459961
0.0004882812
0.0089111328
0.1277465820
-0.0658569336
0.1737060547
0.2301635742
-0.2581787109
0.2673339844
-0.1913452148
-0.1462402344
0.1852416992
-0.1234130859
-0.1207275391
-0.2023315430
-0.1519775391
0.2561035156
0.2175903320
-0.1901855469
0.1846313477
-0.0361938477
0.0111694336
-0.0140991211
-0.0084228516
-0.0023193359
-0.0214843750
0.0099487305
0.0307006836
0.0479125977
-0.0361328125
0.0308837891
-0.0075683594
0.0239868164
0.0186157227
0.0208129883
0.0242919922
-0.1614990234
-0.1771850586
0.1548461914
0.1278686523
-0.2387695312
0.3301391602
-0.2324218750
0.1473999023
0.3053588867
-0.1126708984
0.2433471680
-0.2459106445
0.1412963867
0.2361450195
0.3413696289
0.4451293945
0.0291137695
0.0140991211
0.0551757812
0.0285644531
-0.0217895508
-0.0289916992
0.0173950195
0.0187377930
0.0402832031
0.0018310547
0.0054321289
0.0149536133
0.0501708984
-0.0150756836
0.0111083984
-0.0307617188
-0.0988159180
-0.1506347656
0.0759887695
-0.0742187500
-0.1430664062
0.1381225586
-0.1727905273
-0.0535278320
0.0131835938
0.1218872070
-0.0398559570
0.1398315430
0.0379638672
-0.1610107422
-0.0887451172
-0.0838012695
0.0177001953
-0.0148925781
0.0209350586
0.0255126953
0.0214233398
0.0017700195
-0.0145874023
-0.0012817383
-0.0053100586
0.0368041992
0.0180053711
0.0145874023
0.0282592773
-0.0112304688
-0.0043334961
-0.0142211914
0.0975952148
-0.0336303711
-0.0740356445
0.1166992188
-0.0288696289
-0.0688476562
-0.0888671875
-0.1125488281
-0.0293579102
0.1161499023
-0.0467529297
0.0559692383
0.0919189453
-0.0444946289
0.0101928711
-0.0282592773
