-0.0106811523
-0.0316162109
0.0905151367
-0.0104980469
0.0178222656
0.0155029297
-0.0461425781
-0.0113525391
0.0427246094
-0.0604248047
0.0404052734
0.0069580078
0.0000610352
-0.0080566406
0.0811767578
0.0211181641
0.0529785156
-0.0612792969
0.0111083984
0.0612182617
0.0698852539
-0.0036621094
0.0062255859
-0.0729370117
-0.0621948242
-0.0476684570
0.0112304688
0.0160522461
-0.0457153320
0.0582885742
-0.0242919922
-0.0526123047
-0.1784057617
-0.0690307617
-0.0794677734
0.0335083008
-0.0368652344
-0.1253051758
0.0966186523
-0.0117797852
-0.1231689453
-0.1245117188
-0.0612182617
-0.0592041016
-0.0232543945
-0.0759277344
0.0189819336
0.1380004883
-0.1575927734
0.1524047852
0.2380371094
-0.2650756836
0.3128662109
-0.2453002930
-0.2018432617
0.0903320312
-0.1896972656
-0.2122192383
-0.2216186523
-0.1992187500
0.2031860352
0.2263793945
-0.1303710938
0.1890258789
0.0032348633
-0.0146484375
0.0113525391
-0.0194091797
-0.0162353516
0.0231323242
-0.0173950195
-0.0106811523
-0.0086059570
0.0136718750
-0.0041503906
0.0204467773
0.0285034180
-0.0069580078
-0.0095825195
0.0202026367
-0.0972290039
-0.2930297852
0.0230102539
0.2197265625
-0.1293945312
0.2973632812
-0.1837158203
0.2106323242
0.2977294922
-0.2372436523
0.2373657227
-0.1765747070
0.2922363281
0.2127685547
0.2846679688
0.4208984375
-0.0025634766
-0.0013427734
0.0275878906
0.0167236328
-0.0134887695
-0.0024414062
-0.0005493164
0.0302734375
-0.0122070312
-0.0023803711
-0.0042724609
-0.0117797852
0.0037841797
-0.0017700195
0.0138549805
-0.0207519531
-0.1066894531
-0.1784057617
0.0476684570
-0.0087890625
-0.1417846680
0.1192016602
-0.1630249023
-0.1068725586
0.0516967773
0.1956176758
-0.0504760742
0.1304931641
0.0625000000
-0.1662597656
-0.0807495117
-0.1463012695
0.0108642578
0.0219726562
-0.0151977539
-0.0162963867
-0.0104370117
0.0018310547
-0.0421752930
0.0188598633
-0.0262451172
0.0291137695
0.0578613281
0.0309448242
0.0158691406
-0.0241699219
-0.0007934570
0.0578613281
0.0648193359
-0.0133666992
-0.0349121094
0.0447998047
0.0233154297
-0.0045776367
-0.0013427734
-0.0574951172
-0.0453491211
0.0396728516
-0.0521850586
0.0335693359
0.0521240234
0.0163574219
0.0017089844
-0.0249023438
