-0.0634765625
-0.0256958008
0.0761718750
-0.0708007812
0.0592041016
-0.0698852539
-0.1142578125
0.0371704102
0.0103149414
-0.0866699219
0.0446777344
0.0072631836
-0.0838623047
-0.0900878906
0.0798339844
0.0417480469
-0.0159912109
0.0135498047
0.0140380859
-0.0082397461
-0.0039672852
0.0167236328
-0.0173950195
0.0238647461
0.0200805664
-0.0170288086
0.0001831055
0.0133666992
0.0089721680
-0.0057373047
0.0064697266
0.0048217773
-0.0701904297
-0.0238037109
-0.0128173828
0.0124511719
0.0756225586
-0.0815429688
0.0429077148
-0.0385131836
-0.0100097656
-0.1041870117
0.0169067383
-0.0066528320
0.0249633789
-0.0305786133
0.0314941406
0.1202392578
-0.0701904297
0.0778808594
0.2092895508
-0.1207885742
0.1571044922
-0.1078491211
-0.1215209961
0.1727294922
-0.1244506836
-0.0986938477
-0.1141357422
-0.1087646484
0.1057739258
0.1520996094
-0.1069946289
0.1086425781
-0.3002319336
-0.1575927734
-0.2790527344
0.0814208984
-0.1154174805
-0.3130493164
0.3166503906
0.2992553711
0.3281860352
-0.2870483398
-0.1328735352
-0.2854614258
0.1264648438
0.2839355469
-0.0341796875
-0.1540527344
-0.0885009766
-0.1303710938
0.0068969727
0.1290893555
-0.0839843750
0.1364135742
-0.0953369141
0.1217651367
0.1885375977
-0.0994262695
0.1278686523
-0.1112060547
0.1166992188
0.1191406250
0.1304931641
0.1804199219
0.0043945312
-0.0347290039
-0.0269775391
-0.0319824219
0.0169067383
0.0171508789
-0.0433349609
-0.0128784180
-0.0166015625
0.0063476562
0.0173950195
0.0066528320
0.0029296875
0.0245971680
-0.0221557617
0.0305175781
-0.1187744141
-0.1423339844
0.0172729492
-0.0335083008
-0.1003417969
0.0801391602
-0.1143798828
-0.0544433594
0.0466918945
0.0443115234
-0.0402832031
0.1638793945
0.0527954102
-0.1611328125
-0.0608520508
-0.0513916016
0.0079345703
0.0015258789
-0.0142822266
0.0061035156
-0.0150146484
0.0116577148
-0.0169067383
0.0113525391
-0.0103759766
0.0066528320
0.0230712891
-0.0000610352
0.0098876953
-0.0106811523
-0.0012817383
0.0127563477
0.1408691406
0.0258789062
-0.1344604492
0.1443481445
-0.0528564453
-0.1016845703
-0.1039428711
-0.1250000000
-0.1116333008
0.1263427734
-0.1048583984
0.1273193359
0.1281738281
-0.0081176758
0.0092773438
-0.1213378906
