-0.0114746094
-0.0833129883
0.1062622070
-0.0335693359
0.0163574219
-0.1100463867
-0.0576782227
0.0351562500
0.0571289062
-0.0595092773
0.1192626953
0.0778198242
-0.0850219727
-0.0388183594
0.0195922852
0.0961303711
0.0300292969
-0.0463867188
-0.0288696289
0.0381469727
-0.0156250000
-0.0001220703
0.0256958008
-0.0372924805
-0.0622558594
-0.0238647461
0.0156860352
-0.0155029297
-0.0152587891
0.0527954102
0.0037231445
-0.0044555664
-0.3754272461
-0.1748046875
-0.2967529297
-0.0061035156
-0.0769042969
-0.3216552734
0.2950439453
-0.0773315430
-0.3364868164
-0.3485717773
-0.1458129883
-0.1549682617
0.0864868164
-0.0983886719
0.0848388672
0.3456420898
-0.0398559570
0.0772705078
0.1328125000
-0.0007324219
0.1212158203
-0.1124877930
-0.0598754883
0.0113525391
-0.1217651367
-0.1065063477
-0.1320190430
-0.0556640625
0.1459350586
0.0886840820
-0.1277465820
0.1258544922
-0.0208740234
-0.0074462891
0.0014038086
0.0375976562
0.0043334961
-0.0068359375
0.0031127930
0.0131225586
0.0093994141
0.0072021484
-0.0224609375
-0.0255737305
0.0205688477
0.0013427734
-0.0016479492
-0.0267944336
-0.0380249023
-0.0766601562
-0.0217895508
0.0218505859
-0.0342407227
0.0867919922
-0.0618286133
0.1132202148
0.0569458008
-0.0742187500
0.0759887695
-0.0578613281
0.0601196289
0.0580444336
0.0814819336
0.1175537109
0.0289306641
0.0090332031
0.0452880859
0.0032958984
-0.0104980469
-0.0046997070
0.0101928711
0.0112915039
0.0220336914
0.0184936523
-0.0111083984
-0.0112915039
0.0002441406
0.0131225586
-0.0214843750
0.0170898438
-0.1437988281
-0.1642456055
0.0982666016
-0.1615600586
-0.1329345703
0.1174926758
-0.1712646484
-0.0992431641
-0.0151367188
0.1611938477
-0.0233154297
0.1444091797
0.0969848633
-0.2061767578
-0.1227416992
-0.1396484375
0.0701293945
-0.0338745117
0.0414428711
0.0360107422
0.0485839844
-0.0025634766
-0.0603027344
-0.0505371094
0.0242309570
0.0164184570
0.0299072266
-0.0449218750
0.0239868164
0.0151977539
0.0506591797
-0.0222167969
0.0114746094
0.0244750977
0.0081787109
0.0166015625
0.0104980469
-0.0177612305
0.0042114258
-0.0221557617
-0.0108642578
0.0084838867
0.0101928711
0.0159301758
0.0045166016
-0.0001831055
-0.0054321289
-0.0139770508
