-0.0422363281
-0.1431884766
0.1566772461
-0.0637817383
0.0648803711
-0.0546875000
-0.1024169922
0.0523071289
0.0518798828
-0.0703735352
0.1437377930
0.1022338867
-0.1415405273
-0.0584106445
0.0548706055
0.0853881836
0.0383911133
-0.0555419922
0.0203247070
0.0590209961
0.0096435547
0.0150756836
0.0175170898
-0.0385742188
-0.0732421875
-0.0391845703
0.0335083008
-0.0164184570
-0.0338134766
0.0457153320
0.0234985352
-0.0158081055
-0.1034545898
-0.0676879883
-0.0796508789
0.0781250000
0.0625000000
-0.1099243164
0.0876464844
-0.0214233398
-0.0623779297
-0.1016845703
-0.0015258789
-0.0291748047
0.0603637695
-0.0238647461
-0.0398559570
0.0899658203
-0.0896606445
0.1460571289
0.1345825195
-0.1962890625
0.1514892578
-0.1615600586
-0.1436157227
0.1030883789
-0.1098022461
-0.0889282227
-0.1098632812
-0.1333618164
0.1088256836
0.0989990234
-0.1209716797
0.0106811523
-0.0084838867
0.0059814453
-0.0045776367
0.0089111328
0.0003051758
-0.0091552734
0.0021972656
0.0046997070
0.0045166016
-0.0037231445
-0.0018920898
0.0046386719
0.0069580078
0.0097656250
-0.0054321289
0.0076904297
-0.1102294922
-0.2397460938
0.0429687500
0.1798095703
-0.1283569336
0.2372436523
-0.2126464844
0.1958007812
0.2671508789
-0.1661987305
0.2118530273
-0.1827392578
0.2410278320
0.1887817383
0.2652587891
0.3115234375
0.0000000000
-0.0037841797
0.0671386719
0.0159912109
-0.0170898438
0.0116577148
0.0228271484
0.0216674805
0.0019531250
-0.0125122070
-0.0126953125
0.0349121094
-0.0240478516
0.0048828125
-0.0305786133
-0.0239257812
-0.0536499023
-0.0937500000
0.0363769531
-0.0478515625
-0.0930786133
0.0374145508
-0.1331176758
-0.0858764648
-0.0270385742
0.1285400391
-0.0297851562
0.0658569336
0.0419311523
-0.1308593750
-0.0463256836
-0.0598754883
-0.3583374023
0.3192138672
0.0380859375
-0.1000976562
-0.3862915039
-0.0241088867
-0.0801391602
0.3693237305
-0.3395385742
0.0044555664
0.0317382812
0.3138427734
0.0454101562
-0.1809692383
0.0879516602
0.3185424805
0.0106201172
0.0610961914
-0.0964965820
0.1321411133
-0.0310668945
-0.0808715820
-0.0328979492
-0.0887451172
-0.1065673828
0.0885620117
-0.0167846680
0.0922241211
0.1061401367
0.0469360352
-0.0281982422
-0.0843505859
