-0.0343017578
-0.0529174805
0.0551147461
-0.0278930664
0.0017700195
-0.0258178711
-0.0614624023
-0.0042724609
0.0018310547
-0.0241088867
0.0657958984
0.0275878906
-0.0261840820
-0.0247802734
-0.0069580078
0.0627441406
0.0587768555
-0.0854492188
-0.0417480469
0.1271972656
0.0134887695
-0.0248413086
0.0442504883
-0.0930786133
-0.0784912109
-0.0267333984
0.0101928711
-0.0233154297
-0.0239257812
0.1284790039
0.0087890625
-0.0488281250
-0.1018066406
-0.0536499023
-0.0969238281
0.0382690430
0.0780639648
-0.1583251953
0.1018676758
-0.0498046875
-0.1134643555
-0.0733032227
-0.0484008789
-0.0208740234
0.0824584961
-0.0612182617
0.0391845703
0.1109619141
-0.1007080078
0.1843261719
0.2108154297
-0.1655883789
0.1924438477
-0.1682739258
-0.1785888672
0.1329956055
-0.1413574219
-0.1852416992
-0.1776733398
-0.1489257812
0.1434326172
0.1807861328
-0.2124633789
0.1887817383
0.0113525391
0.0073242188
0.0111694336
0.0079956055
0.0162353516
0.0047607422
0.0008544922
0.0025634766
-0.0087280273
0.0106811523
0.0123291016
0.0136108398
0.0028076172
0.0023193359
0.0101928711
0.0083007812
-0.1082153320
-0.1334228516
0.0977172852
0.1052856445
-0.1312255859
0.1643676758
-0.0917358398
0.1858520508
0.1874389648
-0.0976562500
0.1055297852
-0.1256103516
0.1390991211
0.1864624023
0.1834106445
0.2137451172
-0.0389404297
0.0880737305
0.0068969727
0.0898437500
-0.0442504883
-0.0832519531
0.1073608398
0.0673217773
-0.0645141602
0.0034790039
-0.0898437500
0.0519409180
-0.0233764648
-0.0585937500
0.0548095703
-0.0832519531
-0.1563110352
-0.1569213867
-0.0047607422
-0.0323486328
-0.1605224609
0.1084594727
-0.1702270508
-0.1057739258
0.0034790039
0.1655883789
-0.0637207031
0.1436157227
0.0403442383
-0.1509399414
-0.1318969727
-0.1369018555
-0.3762207031
0.3024902344
-0.0481567383
-0.1345825195
-0.3775634766
-0.0200805664
0.0707397461
0.3471069336
-0.3442993164
-0.1514282227
-0.2005004883
0.3204345703
-0.0526123047
-0.1295776367
-0.0430297852
0.2438964844
0.0733642578
0.0187377930
-0.0452880859
0.0889892578
-0.0281982422
0.0081787109
-0.0557861328
-0.0395507812
-0.0436401367
0.0430908203
-0.0154418945
0.0037841797
0.0767822266
0.0111694336
-0.0234375000
-0.0020141602
