-0.0520019531
-0.0569458008
0.0806274414
-0.0687866211
0.0540161133
0.0236206055
-0.0397949219
-0.0023193359
0.0124511719
-0.0936279297
0.0603637695
0.0526123047
-0.0049438477
-0.0362548828
0.0140380859
0.0583496094
-0.0063476562
0.0020751953
-0.0252685547
-0.0077514648
0.0172119141
0.0098876953
0.0190429688
0.0050048828
-0.0070190430
0.0112304688
0.0037841797
0.0050048828
0.0121459961
-0.0012207031
0.0223388672
-0.0018920898
-0.0575561523
0.0287475586
0.0277709961
0.0396118164
-0.0374755859
-0.0073852539
0.0422973633
-0.0024414062
-0.0122070312
-0.0264282227
0.0030517578
-0.0123901367
0.0409545898
-0.0318603516
-0.0059814453
0.0560913086
-0.0350341797
0.0881347656
0.1337280273
-0.0990600586
0.1412963867
-0.1450805664
-0.0588989258
0.0662841797
-0.1243896484
-0.0848999023
-0.0977172852
-0.1367797852
0.1354980469
0.0686645508
-0.0437011719
0.0990600586
-0.0490112305
0.0269775391
-0.0499877930
-0.0041503906
0.0096435547
-0.0375366211
0.0526123047
0.0635986328
0.0278930664
-0.0769653320
0.0428466797
-0.0325927734
0.0154418945
0.0411987305
0.0201416016
-0.0012207031
0.0273437500
-0.1004638672
0.0007324219
0.0894165039
-0.0247192383
0.0625610352
-0.0610351562
0.0433349609
0.0596313477
-0.0948486328
0.1174316406
-0.1051025391
0.0875854492
0.0997924805
0.1177368164
0.1085205078
0.0595703125
0.0217285156
0.0079956055
0.0222167969
-0.0170898438
-0.0263061523
0.0115966797
0.0199584961
0.0019531250
0.0104980469
0.0058593750
-0.0025024414
0.0351562500
-0.0184936523
-0.0581054688
0.0041503906
-0.2639160156
-0.2761840820
0.1726684570
-0.1990966797
-0.3114013672
0.2454223633
-0.2836914062
-0.2620849609
-0.0576782227
0.2946166992
-0.1330566406
0.2467651367
0.2134399414
-0.2874755859
-0.2172241211
-0.2369384766
0.0169677734
-0.0160522461
-0.0539550781
-0.0385742188
0.0250854492
-0.0317993164
-0.0046997070
-0.0187377930
0.0419311523
0.0096435547
0.0191040039
-0.0250244141
0.0097656250
0.0128173828
-0.0372314453
-0.0123901367
0.0617675781
0.0088500977
-0.0606079102
0.1457519531
-0.0086669922
-0.0965576172
-0.1345825195
-0.0795898438
-0.0459594727
0.1330566406
-0.0682983398
0.0938110352
0.1323242188
0.0036010742
-0.0123901367
-0.0840454102
