-0.0361328125
-0.0692749023
0.1402587891
-0.0822143555
0.0999145508
-0.0505981445
-0.0528564453
-0.0111694336
0.0620117188
-0.1309814453
0.1395874023
-0.0236206055
-0.0730590820
-0.1069335938
0.0451049805
0.0726318359
0.0222778320
-0.0242309570
-0.0122070312
0.0170288086
0.0010375977
-0.0076293945
0.0211791992
-0.0246582031
-0.0195922852
0.0094604492
0.0249633789
-0.0127563477
-0.0121459961
0.0171508789
-0.0258789062
-0.0161132812
-0.3269042969
-0.2427978516
-0.3118286133
0.0017089844
-0.0642089844
-0.3291015625
0.3016357422
-0.0689086914
-0.2977294922
-0.3199462891
-0.1618041992
-0.1844482422
0.0762939453
-0.0576782227
0.1273193359
0.3335571289
-0.1431884766
0.1500244141
0.2511596680
-0.1018066406
0.2040405273
-0.1799316406
-0.1199340820
0.2045898438
-0.1889648438
-0.0980224609
-0.1876831055
-0.0643310547
0.1865234375
0.1475830078
-0.1609497070
0.1824951172
-0.0150146484
0.0294189453
0.0235595703
0.0285644531
0.0040283203
-0.0118408203
-0.0141601562
-0.0013427734
0.0081787109
0.0001220703
0.0093994141
-0.0011596680
-0.0098876953
-0.0227661133
-0.0089111328
0.0064086914
-0.0582885742
-0.0982666016
-0.0452270508
0.0316162109
-0.0296630859
0.1412353516
-0.1117553711
0.1441650391
0.1066284180
-0.0311279297
0.0878906250
-0.0427246094
0.1506958008
0.0959472656
0.1139526367
0.1781616211
0.0471801758
0.0153808594
-0.0099487305
0.0043945312
-0.0195312500
0.0117187500
0.0012817383
0.0264282227
0.0452880859
0.0509643555
0.0056762695
0.0213012695
-0.0029907227
-0.0127563477
-0.0548095703
-0.0036621094
-0.1437377930
-0.2086181641
0.1345825195
-0.1282348633
-0.1408081055
0.1264038086
-0.1674194336
-0.1506347656
0.0145263672
0.2279052734
-0.0603027344
0.1881103516
0.1256713867
-0.2033081055
-0.0991210938
-0.1169433594
0.0408935547
-0.0231933594
0.0505371094
0.0342407227
0.0321655273
0.0144042969
-0.0169677734
-0.0605468750
0.0532226562
0.0020751953
0.0417480469
-0.0552368164
-0.0258789062
0.0202026367
0.0167846680
-0.0040893555
0.0223999023
0.0569458008
-0.0216064453
0.0350952148
0.0010375977
-0.0480346680
0.0296020508
-0.0802612305
-0.0589599609
0.0233764648
0.0195922852
0.0259399414
0.0478515625
0.0115356445
-0.0648193359
-0.0582275391
