-0.0504760742
-0.0877685547
0.0546875000
-0.0854492188
0.0739135742
-0.0192871094
-0.1074829102
0.0870361328
0.0484619141
-0.1322021484
0.1316528320
0.0034179688
-0.0890502930
-0.0844726562
0.0590209961
0.0305175781
0.0237426758
-0.0402832031
0.0055541992
0.0069580078
0.0499267578
0.0166625977
-0.0117797852
-0.0177612305
-0.0164184570
-0.0256347656
0.0216064453
0.0119628906
-0.0225830078
-0.0065917969
-0.0161132812
0.0205688477
-0.3569335938
-0.1002807617
-0.2979125977
-0.0486450195
-0.0279541016
-0.3220214844
0.3532714844
0.0049438477
-0.3497314453
-0.2929077148
-0.3287963867
-0.0049438477
0.0048828125
-0.1259155273
0.0693969727
0.3282470703
-0.0946655273
0.0865478516
0.0636596680
-0.0900878906
0.0603027344
-0.0446777344
-0.0595703125
0.1300048828
-0.0734252930
-0.0581665039
-0.0747070312
-0.0869140625
0.0691528320
0.1145629883
-0.0409545898
0.0885620117
-0.0134277344
-0.0081176758
0.0056152344
0.0344848633
-0.0289306641
0.0002441406
0.0372314453
0.0158691406
0.0259399414
0.0157470703
-0.0036010742
-0.0360717773
0.0111083984
0.0051269531
0.0001220703
-0.0086059570
-0.0283813477
-0.0679931641
0.0377197266
0.0152587891
-0.0362548828
0.0574951172
0.0090942383
0.0611572266
0.0634155273
-0.0163574219
0.0176391602
-0.0272827148
0.0746459961
0.0371093750
0.0343627930
0.0682983398
0.0068969727
-0.0152587891
0.0172119141
0.0108032227
-0.0056152344
0.0089721680
-0.0091552734
-0.0069580078
0.0083007812
0.0148925781
0.0120239258
0.0032348633
-0.0208740234
0.0210571289
0.0258178711
0.0109863281
-0.1220703125
-0.0783081055
0.0339355469
0.0063476562
-0.1273803711
0.0735473633
-0.0952148438
-0.0642089844
0.0116577148
0.1217651367
0.0278320312
0.1643676758
0.1194458008
-0.1652221680
-0.0319213867
-0.1262817383
0.0280151367
-0.0152587891
0.0485839844
0.0335083008
0.0136718750
0.0067138672
-0.0443725586
-0.0609130859
0.0205688477
0.0465698242
0.0117187500
-0.0339965820
0.0362548828
0.0162353516
0.0137939453
-0.0234375000
0.0210571289
0.0219726562
-0.0247802734
0.0049438477
-0.0519409180
0.0025024414
0.0265502930
-0.0197143555
0.0012817383
-0.0115356445
-0.0334472656
-0.0029907227
-0.0132446289
-0.0079956055
-0.0322875977
0.0087890625
