-0.0344848633
-0.0363769531
0.0243530273
-0.0278320312
-0.0087890625
0.0059204102
-0.0384521484
-0.0111694336
0.0222167969
-0.0560913086
0.0446777344
0.0198364258
-0.0169677734
0.0000000000
0.0252685547
0.0196533203
0.0165405273
-0.0237426758
-0.0048828125
0.0108642578
0.0103149414
0.0055541992
-0.0095214844
-0.0185546875
-0.0206909180
0.0219726562
0.0216064453
0.0087280273
0.0056762695
0.0145263672
0.0087890625
-0.0463256836
-0.0325927734
0.0221557617
0.0000610352
0.0431518555
-0.0104980469
-0.0437622070
0.0333862305
-0.0270385742
-0.0281372070
-0.0123901367
-0.0343627930
-0.0529785156
0.0083007812
-0.0268554688
0.0072631836
0.0532836914
-0.2611083984
0.2038574219
0.3128051758
-0.3007812500
0.2394409180
-0.2341918945
-0.2045898438
0.1611328125
-0.2173461914
-0.2539672852
-0.2801513672
-0.1496582031
0.2785644531
0.2950439453
-0.2080078125
0.2209472656
-0.0021362305
-0.0042724609
0.0024414062
-0.0059814453
-0.0004882812
0.0158081055
-0.0130615234
0.0097656250
-0.0155029297
0.0028686523
0.0196533203
0.0047607422
0.0026245117
-0.0050048828
-0.0125732422
0.0032348633
-0.0866699219
-0.1741333008
0.0189819336
0.0922851562
-0.1370239258
0.2081298828
-0.1332397461
0.2036132812
0.1272583008
-0.1474609375
0.1916503906
-0.0890502930
0.1610107422
0.0519409180
0.2502441406
0.2470092773
0.0558471680
0.0236816406
0.0100097656
0.0123291016
-0.0321044922
0.0029296875
0.0245361328
0.0703125000
0.0038452148
0.0244140625
-0.0330810547
0.0194702148
0.0086059570
-0.0391235352
0.0349121094
-0.0280151367
-0.0104370117
-0.0508422852
0.0169677734
0.0140991211
-0.0839843750
0.0234985352
-0.0747680664
-0.0628051758
-0.0410766602
0.1111450195
0.0137329102
0.0803833008
0.0249023438
-0.0709838867
-0.0354003906
-0.0683593750
-0.0006713867
-0.0052490234
-0.0045166016
0.0043945312
0.0108642578
-0.0017089844
-0.0047607422
-0.0056762695
-0.0191040039
0.0028686523
0.0044555664
0.0102539062
0.0032348633
-0.0034179688
0.0063476562
0.0123901367
0.0483398438
0.0443725586
-0.0108032227
0.0654907227
0.0493164062
-0.0230712891
-0.0189819336
-0.0346069336
-0.0501098633
0.0566406250
-0.0399169922
0.0173339844
0.0557250977
-0.0112915039
-0.0236206055
-0.0177612305
