-0.0473632812
-0.0770263672
0.0045166016
-0.0863037109
-0.0217285156
-0.0489501953
-0.0477905273
0.0156860352
-0.0086669922
-0.0201416016
0.0628051758
0.0361328125
-0.0595703125
-0.0921020508
0.0223999023
0.0629272461
-0.3156738281
0.3521118164
0.1375122070
-0.3580322266
0.0413818359
0.2741088867
-0.0773925781
0.3468017578
0.3447265625
0.0711669922
0.0276489258
0.0983276367
0.2051391602
-0.3560180664
-0.0531005859
0.0291137695
-0.0629882812
-0.0414428711
-0.0126342773
0.0355224609
-0.0125732422
-0.0802001953
0.0339355469
-0.0874633789
-0.0497436523
-0.1230468750
-0.0290527344
-0.0306396484
0.0575561523
-0.0201416016
-0.0098876953
0.0926513672
-0.0229492188
0.0917968750
0.1015014648
-0.1220092773
0.0535278320
-0.0627441406
-0.0532836914
0.0795288086
-0.0936279297
-0.0771484375
-0.1170043945
-0.1075439453
0.0889282227
0.0912475586
-0.0531005859
0.0662231445
-0.0890502930
-0.0676879883
-0.1035156250
-0.0180664062
-0.0554809570
-0.0842895508
0.0658569336
0.0761108398
0.1032104492
-0.1016235352
0.0187988281
-0.1032714844
0.0555419922
0.0723266602
0.0433349609
0.0350952148
-0.0607910156
-0.1075439453
0.0351562500
0.0587768555
0.0155029297
0.0952758789
0.0164184570
0.0739746094
0.0993652344
-0.0311889648
0.0874633789
-0.0968017578
0.0763549805
0.0542602539
0.0822143555
0.0740966797
0.0182495117
-0.0173950195
0.0271606445
-0.0307006836
0.0373535156
0.0037231445
-0.0057373047
-0.0084228516
0.0068359375
0.0112915039
0.0479736328
-0.0114746094
0.0013427734
0.0285034180
0.0076293945
0.0388183594
-0.0818481445
-0.1343383789
0.0142822266
0.0544433594
-0.1053466797
0.0787353516
-0.1271362305
-0.0537719727
0.0116577148
0.0722045898
-0.0734863281
0.1074218750
-0.0114746094
-0.0958251953
-0.0095825195
-0.0825195312
-0.0405883789
0.0347900391
0.0170898438
-0.0720825195
-0.0127563477
-0.0070190430
0.0354614258
0.0503540039
-0.0514526367
-0.0245971680
0.0044555664
0.0469970703
0.0164794922
-0.0231323242
-0.0294189453
0.0076904297
0.0494995117
0.0238037109
-0.0203247070
0.0443115234
-0.0410156250
-0.0048217773
-0.0213012695
-0.0201416016
0.0065917969
-0.0036621094
-0.0432739258
0.0357666016
0.0180053711
-0.0267333984
-0.0347290039
-0.0269165039
