-0.0553588867
-0.0601806641
0.0966796875
-0.0070190430
0.0503540039
0.0432739258
-0.0573730469
0.0074462891
0.0039062500
-0.1123046875
0.0458374023
0.0340576172
-0.0335083008
-0.0463256836
-0.0147094727
0.0570678711
0.0236816406
-0.0280761719
0.0238647461
-0.0018310547
-0.0001220703
0.0138549805
-0.0011596680
0.0017700195
-0.0151977539
-0.0302734375
-0.0036621094
0.0010986328
-0.0425415039
0.0129394531
-0.0078735352
-0.0215454102
-0.2086791992
-0.0936279297
-0.0894165039
-0.0184936523
-0.0131225586
-0.1851196289
0.1003417969
-0.0665893555
-0.1522216797
-0.1593017578
-0.0973510742
-0.0535278320
0.0541381836
-0.0767822266
0.0527343750
0.1446533203
-0.1994018555
0.1935424805
0.3218383789
-0.2429199219
0.2182006836
-0.2133789062
-0.2250366211
0.1963500977
-0.2180175781
-0.1945190430
-0.2575683594
-0.2250366211
0.2457885742
0.2266845703
-0.2391967773
0.2164916992
-0.0181274414
-0.0045166016
-0.0020751953
0.0207519531
0.0092773438
-0.0066528320
0.0131225586
-0.0009155273
-0.0037841797
-0.0052490234
-0.0018920898
0.0046386719
0.0055541992
-0.0170898438
0.0117797852
0.0314331055
-0.1376953125
-0.2681274414
-0.0077514648
0.2164306641
-0.1342163086
0.2839965820
-0.1912231445
0.2628173828
0.2990112305
-0.1455688477
0.2382202148
-0.1540527344
0.3026123047
0.1383056641
0.2490234375
0.3867187500
0.0289306641
0.0115356445
-0.0001220703
-0.0108642578
0.0046386719
-0.0267944336
0.0118408203
0.0114746094
0.0005493164
-0.0083618164
0.0176391602
0.0151367188
-0.0129394531
-0.0148925781
0.0231933594
-0.0255126953
0.0004882812
-0.0599365234
0.0552978516
-0.0293579102
-0.0797119141
0.0418701172
-0.1051635742
-0.0360107422
0.0066528320
0.0994873047
-0.0293579102
0.0470581055
0.0310668945
-0.0853271484
-0.0447998047
-0.0086059570
0.0171508789
-0.0021972656
-0.0122680664
0.0244750977
0.0322875977
0.0123901367
-0.0534057617
0.0061645508
0.0001220703
-0.0067749023
0.0223388672
0.0296020508
0.0579833984
-0.0457763672
0.0426025391
0.0189208984
0.0922851562
0.0338745117
-0.0783081055
0.0502319336
-0.0039062500
-0.0571289062
-0.0170288086
-0.0697021484
-0.0885620117
0.0360107422
-0.0000610352
0.0567626953
0.0739746094
-0.0142211914
-0.0324707031
-0.0597534180
