-0.0629882812
-0.0751953125
0.0042114258
-0.0877075195
-0.0242919922
-0.0210571289
-0.0848388672
0.0086059570
-0.0516967773
-0.0557250977
0.0883178711
0.0377197266
-0.0197753906
-0.0755615234
0.0253906250
0.0544433594
-0.3380737305
0.3411254883
0.1218872070
-0.3539428711
-0.0059814453
0.2878417969
-0.0693969727
0.3415527344
0.3496093750
0.0764160156
0.0918579102
0.0719604492
0.2022094727
-0.3659057617
-0.0745239258
-0.0004882812
-0.0402221680
-0.0251464844
-0.0441284180
0.0155639648
0.0128784180
-0.0539550781
0.0244750977
-0.0541381836
-0.0649414062
-0.0667114258
0.0002441406
-0.0720825195
0.0320434570
-0.0085449219
0.0007324219
0.0644531250
0.0098876953
0.0358886719
0.0245971680
-0.0794677734
0.0152587891
-0.0303344727
-0.0330200195
0.0258178711
-0.0244140625
-0.0529174805
-0.0648193359
-0.0562744141
0.0436401367
0.0405273438
-0.0483398438
0.0224609375
-0.1363525391
-0.0041503906
-0.1030883789
0.0084838867
-0.0268554688
-0.1165161133
0.0893554688
0.0374755859
0.1306152344
-0.1491699219
0.0394897461
-0.0740966797
0.0244750977
0.0995483398
0.0373535156
-0.0248413086
-0.0173950195
-0.0146484375
0.0175170898
0.0060424805
0.0057983398
0.0126342773
0.0024414062
0.0321044922
0.0535278320
-0.0019531250
0.0112304688
-0.0326538086
0.0032958984
0.0256958008
0.0206298828
-0.0144042969
0.0041503906
0.0198974609
0.0229492188
0.0107421875
0.0077514648
-0.0117797852
0.0242919922
0.0191650391
0.0012817383
0.0012207031
-0.0136718750
0.0070190430
0.0130615234
-0.0278320312
-0.0028076172
0.0108642578
-0.1516723633
-0.1711425781
0.0560302734
0.0197143555
-0.1552124023
0.1337890625
-0.1611938477
-0.0775756836
-0.0185546875
0.1097412109
-0.0518798828
0.1536254883
0.0322265625
-0.1483764648
-0.0378417969
-0.0848388672
-0.0424804688
0.0233764648
0.0089111328
-0.0146484375
-0.0211791992
-0.0087280273
0.0083007812
0.0316162109
-0.0338134766
-0.0018920898
0.0006103516
0.0422363281
0.0044555664
-0.0260620117
-0.0085449219
-0.0004272461
0.0120849609
-0.0123901367
-0.0306396484
0.0773925781
-0.0250854492
-0.0232543945
-0.0315551758
-0.0174560547
0.0057373047
-0.0115966797
-0.0205688477
0.0364379883
0.0108032227
0.0156250000
-0.0147094727
-0.0470581055
