-0.0798339844
-0.0067749023
0.0427856445
-0.1038818359
0.0675659180
-0.0554199219
-0.0680541992
-0.0335083008
0.0322265625
-0.0463256836
0.0675048828
-0.0108642578
-0.0554809570
-0.0872192383
0.0770874023
0.0226440430
-0.0100708008
0.0135498047
-0.0047607422
0.0252685547
-0.0059204102
0.0062255859
-0.0062866211
-0.0170288086
-0.0222778320
-0.0059814453
0.0124511719
-0.0164794922
0.0023193359
0.0079956055
-0.0032958984
-0.0115966797
-0.1626586914
-0.0842285156
-0.1259155273
0.0304565430
0.1186523438
-0.1875610352
0.1438598633
-0.0912475586
-0.1026611328
-0.1834716797
-0.0300292969
-0.0842285156
0.1140747070
0.0107421875
0.0226440430
0.2288818359
-0.0869750977
0.0904541016
0.2496337891
-0.1981811523
0.1956787109
-0.1326293945
-0.1259155273
0.1644287109
-0.1270751953
-0.1444091797
-0.2014770508
-0.0842285156
0.1686401367
0.1451416016
-0.1226806641
0.1589965820
-0.3126220703
-0.0650634766
-0.2800292969
0.1079101562
-0.1325073242
-0.3145141602
0.2828369141
0.2920532227
0.3058471680
-0.2994995117
-0.0505981445
-0.2798461914
0.2534179688
0.2703857422
-0.0492553711
-0.0762939453
-0.0588989258
-0.1314086914
0.0303955078
0.0994873047
-0.0538940430
0.1842651367
-0.0924072266
0.1329345703
0.2188110352
-0.0336914062
0.1513061523
-0.1532592773
0.0845947266
0.1369018555
0.1687622070
0.2043457031
0.0140991211
-0.0180053711
0.0087890625
-0.0001831055
0.0083007812
-0.0125122070
0.0073852539
-0.0036010742
0.0106201172
-0.0125732422
-0.0151367188
0.0031127930
0.0004272461
-0.0009155273
0.0222778320
0.0021972656
-0.0446166992
-0.0629882812
0.0075683594
-0.0068359375
-0.0520019531
0.0214843750
-0.0667114258
-0.0268554688
-0.0017089844
0.0424194336
-0.0520019531
0.0759887695
0.0115356445
-0.0915527344
0.0010375977
-0.0239257812
0.0023193359
0.0319824219
0.0241088867
0.0132446289
-0.0230102539
0.0361328125
-0.0285034180
0.0028686523
-0.0213012695
0.0430297852
0.0803833008
-0.0158691406
0.0206909180
-0.0285644531
-0.0247802734
0.0283203125
0.0285034180
0.0420532227
-0.0398559570
0.0982055664
-0.0494384766
-0.0282592773
-0.0443115234
-0.0675048828
-0.0636596680
0.0589599609
-0.0276489258
0.0660400391
0.0669555664
0.0165405273
-0.0122680664
-0.0423583984
