-0.0307617188
-0.0945434570
0.0936889648
-0.0132446289
0.0092163086
0.0073242188
-0.1211547852
-0.0305786133
0.0309448242
-0.0302124023
0.1369628906
-0.0308837891
-0.0615234375
-0.0665283203
0.0347900391
0.0686645508
0.0824584961
-0.0700073242
0.0062255859
0.0889282227
0.0300292969
-0.0100097656
0.0137939453
-0.0776367188
-0.0682373047
0.0363769531
0.0327758789
0.0216064453
-0.0412597656
0.0593872070
0.0289916992
0.0463867188
-0.2793579102
-0.0680541992
-0.2433471680
-0.0244140625
0.0238647461
-0.2905273438
0.2583007812
-0.0773925781
-0.3244018555
-0.3302612305
-0.1274414062
-0.2323608398
0.0441284180
-0.1275634766
0.1623535156
0.3309326172
-0.0220336914
0.1063842773
0.1997680664
-0.2084350586
0.1453857422
-0.1608886719
-0.1134643555
0.2195434570
-0.1055297852
-0.1619262695
-0.2194213867
-0.0512084961
0.2153930664
0.1896972656
-0.1286621094
0.2042236328
0.0106201172
-0.0014648438
0.0208740234
-0.0023803711
-0.0234985352
0.0139160156
0.0072021484
-0.0163574219
-0.0081787109
0.0350952148
-0.0155639648
0.0115356445
0.0092773438
-0.0098266602
0.0226440430
0.0034179688
-0.0296630859
-0.1044311523
-0.0231933594
0.0515747070
-0.0287475586
0.1085815430
-0.0404663086
0.1163940430
0.1012573242
-0.1035156250
0.0302124023
0.0006103516
0.0700683594
0.0128173828
0.0628662109
0.0668945312
-0.0125122070
-0.0258789062
0.0126342773
-0.0164794922
0.0197143555
0.0217285156
-0.0291748047
-0.0066528320
-0.0031127930
-0.0109252930
0.0217895508
0.0056762695
-0.0625000000
0.0243530273
0.0103759766
0.0186157227
-0.2148437500
-0.2146606445
0.0554199219
-0.0931396484
-0.1953735352
0.1796264648
-0.2131347656
-0.1870117188
0.0615234375
0.2256469727
-0.1132202148
0.1823120117
0.0820312500
-0.2086791992
-0.0916137695
-0.1185302734
0.0206298828
0.0217895508
0.0269165039
0.0042724609
-0.0078125000
-0.0025024414
0.0007324219
-0.0283203125
0.0316162109
0.0437011719
-0.0025634766
-0.0186157227
-0.0100708008
0.0462646484
0.0426025391
-0.0009155273
0.0162353516
0.0341796875
-0.0232543945
0.0332641602
-0.0028076172
-0.0007324219
-0.0323486328
0.0009155273
0.0247802734
0.0332031250
-0.0107421875
-0.0081176758
0.0299072266
0.0010986328
0.0025634766
-0.0156860352
