-0.0169677734
-0.0244750977
0.0690917969
-0.0251464844
0.0025024414
-0.0486450195
-0.0330810547
-0.0195312500
0.0178222656
-0.0576782227
0.0230712891
0.0154418945
-0.0255737305
-0.0183105469
0.0435180664
0.0386352539
-0.0128173828
0.0091552734
0.0037841797
-0.0124511719
0.0200805664
-0.0037231445
-0.0052490234
0.0133056641
-0.0031738281
-0.0122680664
0.0012817383
0.0195312500
0.0213623047
-0.0019531250
-0.0018920898
-0.0125732422
-0.1034545898
-0.0726928711
-0.0056762695
0.0119628906
-0.0046997070
-0.0443115234
0.0634155273
-0.0288085938
-0.0300292969
-0.0681152344
-0.0186157227
-0.0181884766
-0.0142822266
-0.0602416992
0.0513916016
0.1005859375
-0.0512695312
0.0386352539
0.1724853516
-0.1212158203
0.1405639648
-0.0703735352
-0.0953979492
0.1735839844
-0.1418457031
-0.0679321289
-0.0771484375
-0.0725708008
0.1086425781
0.0772705078
-0.0742797852
0.0855102539
-0.3224487305
-0.0935058594
-0.3012695312
-0.0198364258
0.0390625000
-0.3206176758
0.3337402344
0.2743530273
0.3425292969
-0.3171997070
-0.0679321289
-0.2998046875
-0.0258178711
0.3037109375
0.0863647461
-0.1279907227
-0.0328979492
-0.0697021484
-0.0052490234
-0.0211791992
-0.0889282227
0.1180419922
-0.1049804688
0.0833740234
0.0996093750
-0.0573120117
0.0283203125
-0.1232299805
0.0840454102
0.1157226562
0.0986938477
0.1329345703
-0.0015869141
-0.0018310547
-0.0555419922
-0.0173339844
0.0103149414
0.0157470703
-0.0261840820
-0.0214233398
-0.0183105469
-0.0057983398
0.0420532227
0.0440673828
-0.0795898438
0.0175781250
-0.0046997070
0.0117797852
-0.0534667969
-0.0792846680
-0.0036010742
0.0293579102
-0.0858154297
0.0811157227
-0.0887451172
-0.0149536133
0.0545654297
0.0844726562
-0.1063232422
0.0807495117
-0.0559082031
-0.1163940430
0.0198974609
-0.1186523438
0.0444946289
0.0048828125
0.0605468750
0.0010375977
0.0350952148
0.0251464844
-0.0570068359
-0.0129394531
-0.0064086914
0.0485839844
0.0745849609
-0.0236206055
0.0728759766
-0.0425415039
0.0316162109
0.0165405273
0.0443725586
-0.0221557617
-0.0077514648
0.0432739258
0.0223999023
-0.0270385742
-0.0145874023
-0.0140991211
-0.0230102539
0.0144042969
0.0020141602
0.0353393555
0.0366821289
-0.0225219727
0.0236816406
-0.0215454102
