-0.0177612305
-0.0205688477
0.0698242188
-0.0285644531
-0.0059814453
0.0196533203
-0.0609130859
0.0415039062
0.0095214844
-0.0595703125
0.0052490234
-0.0111083984
-0.0256347656
-0.0174560547
0.0426025391
0.0477905273
0.0308837891
-0.0283813477
0.0238647461
0.0186767578
0.0404052734
-0.0023803711
0.0051269531
-0.0216674805
-0.0297241211
-0.0084228516
0.0065307617
0.0328979492
-0.0126953125
0.0077514648
0.0142211914
-0.0518188477
-0.1220092773
-0.0600585938
-0.0725097656
0.0288085938
0.0131835938
-0.1724853516
0.1250000000
-0.0821533203
-0.1083984375
-0.0905761719
-0.1126098633
-0.0678100586
0.0449829102
-0.0710449219
-0.0113525391
0.1685180664
-0.2902221680
0.2035522461
0.3028564453
-0.2857055664
0.2899780273
-0.2208251953
-0.2184448242
0.1393432617
-0.2192382812
-0.2480468750
-0.2435913086
-0.1886596680
0.2576293945
0.2804565430
-0.2057495117
0.2178955078
-0.0144042969
0.0151367188
0.0046997070
-0.0033569336
0.0051879883
0.0033569336
0.0064697266
0.0172119141
0.0001831055
0.0025634766
0.0182495117
0.0112304688
0.0073242188
0.0034179688
0.0038452148
0.0094604492
-0.0996704102
-0.2483520508
0.0349731445
0.1536254883
-0.2167968750
0.2704467773
-0.1183471680
0.2057495117
0.2417602539
-0.1352539062
0.2062377930
-0.1862182617
0.2111816406
0.1089477539
0.2454833984
0.2710571289
0.0181274414
0.0496826172
0.0494384766
0.0693969727
-0.0653076172
-0.0242309570
0.0458374023
0.0918579102
0.0039062500
0.0072021484
-0.0465698242
0.0457153320
0.0457763672
-0.0559082031
0.0245361328
-0.0661621094
-0.0364990234
-0.1329956055
0.0623168945
-0.0266723633
-0.1554565430
0.0795288086
-0.1633300781
-0.1107788086
-0.0557250977
0.1944580078
0.0017089844
0.1555786133
0.0520629883
-0.1672363281
-0.0732421875
-0.1727294922
0.0019531250
-0.0098876953
0.0090942383
0.0368652344
0.0164794922
-0.0066528320
-0.0618896484
0.0029296875
-0.0092773438
0.0282592773
0.0278320312
0.0078735352
0.0528564453
0.0007934570
0.0086669922
-0.0032348633
0.0738525391
0.0343017578
-0.0066528320
0.0610961914
-0.0063476562
-0.0086669922
-0.0048217773
-0.0139160156
-0.0302734375
0.0229492188
-0.0091552734
-0.0081176758
0.0413208008
0.0058593750
-0.0193481445
-0.0050048828
