-0.0275268555
-0.0635986328
0.0708618164
-0.0263061523
0.0395507812
0.0339965820
-0.0692138672
0.0451660156
0.0324707031
-0.0612182617
0.0626831055
0.0209960938
-0.0302734375
0.0032958984
0.0110473633
0.0577392578
0.0259399414
-0.0537719727
-0.0103759766
0.0602416992
0.0049438477
-0.0066528320
0.0098266602
-0.0563964844
-0.0924682617
0.0720214844
0.0198364258
0.0001220703
0.0032348633
0.0840454102
0.0500488281
-0.0649414062
-0.0560913086
-0.0559692383
-0.0203857422
0.0408325195
-0.0175781250
-0.0670776367
0.0396728516
-0.0150146484
-0.0328369141
-0.0182495117
-0.0246582031
-0.0315551758
0.0656127930
-0.0591430664
-0.0038452148
0.0374145508
-0.2027587891
0.2030029297
0.3012084961
-0.3106079102
0.2819824219
-0.2343139648
-0.2203369141
0.1555786133
-0.2371826172
-0.2736206055
-0.2552490234
-0.1389160156
0.2230224609
0.2821655273
-0.2319335938
0.2578125000
0.0073852539
-0.0094604492
0.0262451172
0.0129394531
-0.0024414062
0.0189819336
-0.0156860352
0.0014038086
-0.0081787109
0.0220336914
0.0305786133
-0.0037231445
0.0040283203
0.0031738281
-0.0073242188
0.0059814453
-0.1300659180
-0.1405029297
0.0631103516
0.1171264648
-0.1308593750
0.2462768555
-0.1491699219
0.1927490234
0.2286987305
-0.0788574219
0.1994628906
-0.1669311523
0.1819458008
0.1363525391
0.2322998047
0.2892456055
0.0626220703
0.0349731445
0.0512695312
0.0108032227
-0.0160522461
-0.0317382812
-0.0004882812
0.0363159180
0.0288696289
0.0020751953
0.0050048828
0.0252685547
0.0433959961
-0.0205688477
0.0145874023
-0.0351562500
-0.0759887695
-0.1166992188
0.0490722656
-0.0335693359
-0.1195068359
0.0817871094
-0.1119384766
-0.0863037109
-0.0546875000
0.1506347656
-0.0368041992
0.1129760742
0.0749511719
-0.1087036133
-0.0811157227
-0.1279907227
0.0228271484
0.0249023438
0.0254516602
0.0175170898
0.0066528320
-0.0109863281
0.0077514648
-0.0062255859
-0.0130004883
-0.0084838867
-0.0214233398
-0.0083007812
-0.0136718750
-0.0004882812
0.0037231445
-0.0013427734
0.1454467773
0.0677490234
-0.1004028320
0.1574707031
-0.0234985352
-0.1508789062
-0.1179199219
-0.1282348633
-0.1334228516
0.1458740234
-0.0662231445
0.1279907227
0.1719970703
-0.0061645508
0.0151367188
-0.1588745117
