-0.2122192383
-0.2850341797
0.2319335938
-0.2611694336
0.2572631836
-0.2889404297
-0.2130126953
0.0646362305
0.2434082031
-0.2847290039
0.3290405273
0.1193847656
-0.2893066406
-0.2493286133
-0.0408935547
0.2783203125
0.0025024414
-0.0314941406
0.0039672852
0.0186767578
0.0186157227
0.0234375000
-0.0285034180
-0.0120849609
-0.0379028320
-0.0061645508
0.0112304688
0.0150756836
-0.0018310547
0.0116577148
-0.0206298828
-0.0326538086
-0.0643920898
-0.0436401367
-0.0046997070
-0.0173339844
-0.0513916016
-0.0622558594
0.0587768555
-0.0013427734
-0.0613403320
-0.0103759766
0.0016479492
-0.0238037109
0.0424194336
-0.0065307617
0.0270385742
0.0623168945
0.0253906250
0.0980834961
0.1246948242
-0.1635131836
0.1064453125
-0.0910644531
-0.0729980469
0.0310668945
-0.0784912109
-0.1066894531
-0.0909423828
-0.0628051758
0.0784301758
0.0780029297
-0.1383056641
0.1327514648
0.0017700195
0.0341796875
0.0408325195
-0.0614013672
0.0275878906
0.0039672852
-0.0000610352
0.0016479492
-0.0236206055
0.0122070312
0.0097045898
0.0004882812
0.0189208984
0.0009155273
0.0293579102
0.0183105469
0.0156860352
-0.0355224609
0.0135498047
0.0020141602
-0.0116577148
0.0973510742
-0.0327758789
0.0468139648
0.0479125977
-0.0490112305
0.0320434570
-0.0261230469
0.0363159180
0.0674438477
0.0460815430
0.0521850586
-0.0395507812
-0.0026245117
-0.0056762695
0.0510253906
-0.0231933594
0.0087280273
0.0187988281
0.0402221680
-0.0156860352
-0.0051879883
-0.0241699219
0.0106201172
-0.0257568359
-0.0065917969
0.0030517578
-0.0193481445
-0.0599975586
-0.1101074219
0.0813598633
-0.0158691406
-0.0549926758
0.0825195312
-0.1026611328
-0.0338745117
-0.0032348633
0.0888061523
-0.0134887695
0.0779418945
0.0112915039
-0.1103515625
-0.0172119141
-0.0817260742
0.0054931641
0.0144042969
0.0045776367
0.0159301758
-0.0197143555
0.0105590820
-0.0155029297
0.0213012695
-0.0206298828
0.0187377930
0.0185546875
0.0067138672
0.0031738281
-0.0189819336
0.0272827148
0.0200195312
0.0147705078
-0.0153808594
-0.0335693359
0.0460815430
0.0218505859
-0.0283203125
-0.0094604492
-0.0554199219
-0.0332031250
0.0619506836
-0.0006103516
0.0346069336
0.0405883789
-0.0355834961
0.0361938477
-0.0178222656
