-0.0571289062
-0.0648803711
0.0464477539
-0.0530395508
0.0026855469
-0.0123291016
-0.0680541992
-0.0006713867
-0.0368652344
-0.0312500000
0.0986328125
0.0318603516
-0.0244140625
-0.0422973633
0.0847167969
0.0755615234
-0.3168334961
0.3146972656
0.1598510742
-0.3471679688
0.0542602539
0.2547607422
-0.0659790039
0.3322143555
0.3563842773
-0.0511474609
0.1491088867
0.0313720703
0.1110839844
-0.3728637695
-0.1185913086
-0.0048828125
-0.1587524414
-0.0742797852
-0.1340942383
-0.0120849609
0.0417480469
-0.1521606445
0.1245727539
-0.0961914062
-0.1350097656
-0.1741333008
-0.0667114258
-0.1076660156
0.0769042969
-0.0248413086
0.0303344727
0.2072753906
-0.0291748047
0.0780029297
0.0937500000
-0.1141357422
0.0504760742
-0.0989379883
-0.0920410156
0.0391235352
-0.0588378906
-0.1199340820
-0.1209716797
-0.1295166016
0.1113281250
0.0677490234
-0.0695190430
0.1205444336
-0.1062622070
0.0202636719
-0.0598754883
-0.0428466797
-0.0170288086
-0.0840454102
0.0534057617
0.0723266602
0.1101074219
-0.1040649414
-0.0086059570
-0.0469360352
0.0040893555
0.0932006836
0.0183715820
0.0181884766
-0.0406494141
-0.0323486328
0.0184326172
-0.0202636719
0.0126953125
0.0205688477
-0.0347290039
0.0437011719
0.0553588867
0.0269165039
0.0097045898
-0.0375976562
0.0274047852
0.0200195312
0.0405883789
0.0435791016
0.0038452148
-0.0064086914
0.0044555664
0.0067749023
0.0048828125
-0.0249633789
-0.0062866211
-0.0070800781
-0.0100708008
0.0054321289
-0.0025634766
0.0142822266
-0.0023193359
-0.0109252930
0.0167846680
0.0174560547
-0.1194458008
-0.1177978516
-0.0087890625
-0.0038452148
-0.0950317383
0.1436767578
-0.0980834961
-0.0666503906
-0.0052490234
0.0692749023
-0.0064697266
0.1114501953
0.0377197266
-0.1115722656
0.0047607422
-0.0812988281
-0.0522460938
0.0441894531
0.0123901367
-0.0046386719
-0.0276489258
-0.0167846680
0.0062255859
0.0462646484
-0.0719604492
0.0208129883
0.0490722656
0.0996093750
0.0751342773
-0.0279541016
-0.0051879883
0.0574340820
0.0266113281
-0.0346069336
-0.0281982422
0.0665283203
-0.0687255859
0.0007934570
-0.0122680664
-0.0237426758
-0.0033569336
0.0141601562
-0.0404052734
0.0181884766
0.0225830078
-0.0023193359
0.0457763672
-0.0258178711
