-0.1195678711
-0.0971069336
0.1461181641
-0.1215209961
0.0852661133
-0.1071777344
-0.1500244141
0.0138549805
-0.0559692383
-0.1267700195
0.1146240234
0.1130981445
-0.0927734375
-0.1851806641
-0.0105590820
0.1370849609
-0.3030395508
0.3057861328
0.1246948242
-0.3239746094
-0.0081176758
0.2630004883
-0.0671386719
0.3408203125
0.3400268555
0.1439208984
-0.0761718750
0.1513061523
0.2233886719
-0.3313598633
0.0227050781
0.0919799805
-0.1157226562
-0.0896606445
-0.0649414062
0.1480102539
0.0875854492
-0.1465454102
0.1182250977
-0.0783691406
-0.1050415039
-0.1416625977
-0.1313476562
0.0108642578
0.0480346680
-0.0287475586
0.0597534180
0.1181030273
-0.1129150391
0.1005249023
0.1564941406
-0.1602783203
0.1539916992
-0.0980224609
-0.1355590820
0.1516723633
-0.1616210938
-0.1266479492
-0.1336059570
-0.1570434570
0.1384277344
0.1867065430
-0.1107788086
0.1033325195
-0.0901489258
-0.0545654297
-0.0915527344
-0.0185546875
0.0022583008
-0.0584716797
0.1339721680
0.0911254883
0.0582885742
-0.0297241211
0.0469360352
-0.1062622070
-0.0068359375
0.0776367188
0.0773925781
0.0263061523
-0.0200805664
-0.0508422852
0.0078735352
0.0335693359
-0.0000610352
0.0180664062
0.0153198242
0.0427856445
0.0485229492
-0.0113525391
0.0227050781
-0.0355224609
0.0631103516
0.0380249023
0.0436401367
-0.0143432617
0.0247802734
0.0051879883
0.0272216797
-0.0007324219
0.0025634766
0.0051879883
0.0079956055
0.0074462891
0.0000000000
-0.0093994141
0.0109863281
-0.0025024414
0.0026245117
-0.0070190430
-0.0105590820
0.0095825195
-0.0375366211
-0.0797729492
0.0064086914
0.0116577148
-0.0869750977
0.0358886719
-0.0981445312
-0.0305786133
0.0159912109
0.0379028320
-0.0084228516
0.0795288086
0.0184936523
-0.1226806641
-0.0062255859
-0.0835571289
-0.0349731445
0.0140991211
0.0462036133
-0.0227050781
-0.0040893555
0.0521240234
0.0300903320
0.0358276367
0.0061645508
0.0161132812
0.0132446289
0.0153808594
-0.0228881836
-0.0240478516
0.0084228516
-0.0081787109
0.0262451172
0.0384521484
-0.0367431641
0.0745239258
-0.0627441406
-0.0282592773
-0.0328369141
-0.0238647461
-0.0125732422
-0.0033569336
-0.0323486328
0.0646362305
0.0026245117
0.0157470703
-0.0245361328
-0.0562744141
