-0.0063476562
-0.0196533203
0.0075683594
-0.0522460938
0.0047607422
0.0014038086
-0.0296630859
-0.0043334961
0.0319824219
-0.0458984375
0.0335083008
0.0390625000
-0.0133056641
0.0071411133
0.0084228516
0.0162963867
0.0108032227
-0.0128173828
0.0174560547
0.0076293945
0.0041503906
0.0124511719
-0.0078735352
-0.0076904297
-0.0057983398
-0.0064697266
0.0009155273
0.0092163086
-0.0032348633
0.0154418945
0.0069580078
-0.0326538086
-0.2070922852
-0.0772705078
-0.0993041992
0.0146484375
0.0075073242
-0.1787719727
0.1024169922
-0.0867919922
-0.1218872070
-0.1763916016
-0.0504150391
-0.1253051758
0.0905151367
-0.0838012695
0.0914306641
0.1712036133
-0.1375122070
0.1786499023
0.2987060547
-0.3109130859
0.1990966797
-0.1936645508
-0.1237182617
0.1725463867
-0.1636352539
-0.2286987305
-0.2108764648
-0.2016601562
0.1720581055
0.2011108398
-0.1737060547
0.2340698242
-0.0073242188
0.0043945312
0.0119018555
0.0026245117
0.0450439453
0.0071411133
-0.0255126953
0.0020751953
-0.0003051758
-0.0011596680
0.0136108398
0.0513916016
-0.0104370117
-0.0177001953
-0.0026855469
0.0056762695
-0.0886840820
-0.2244873047
0.0424804688
0.1711425781
-0.1262207031
0.2643432617
-0.1694946289
0.2031860352
0.2303466797
-0.1558227539
0.2390747070
-0.1625976562
0.2401733398
0.1609497070
0.2504882812
0.3395996094
-0.0087890625
0.0366210938
0.0457763672
0.0123291016
-0.0235595703
-0.0098876953
0.0168457031
0.0319824219
0.0090942383
0.0223388672
0.0087890625
0.0037231445
0.0028076172
-0.0223388672
-0.0413208008
-0.0195922852
-0.0236816406
-0.0322875977
0.0095825195
-0.0077514648
-0.0277709961
0.0336303711
-0.0263061523
0.0061645508
-0.0172729492
0.0110473633
0.0389404297
0.0397338867
0.0157470703
-0.0446777344
-0.0229492188
-0.0156250000
-0.0393066406
0.0827636719
-0.0144042969
0.1070556641
-0.0552978516
-0.0046997070
-0.0971069336
0.0586547852
-0.1255493164
0.0265502930
0.0600585938
0.0742797852
0.0665893555
-0.1224365234
0.0434570312
0.1036987305
0.1182250977
0.0722045898
-0.2873535156
0.2487182617
-0.0719604492
-0.3210449219
-0.1738891602
-0.3316650391
-0.3184814453
0.2548828125
0.0306396484
0.3279418945
0.2666625977
0.0064697266
-0.0195312500
-0.3126220703
