-0.2614135742
-0.3100585938
0.2191162109
-0.2724609375
0.2961425781
-0.2458496094
-0.2246093750
0.0942993164
0.1767578125
-0.2510375977
0.3051757812
0.1949462891
-0.2510375977
-0.2169799805
0.0258789062
0.3257446289
-0.0200805664
-0.0155639648
0.0051879883
0.0182495117
0.0510864258
0.0117187500
-0.0250244141
-0.0335083008
-0.0338745117
-0.0325927734
-0.0095825195
0.0661010742
0.0191650391
0.0098266602
0.0443725586
-0.0119018555
-0.1242675781
-0.0698852539
-0.0618896484
0.0026855469
-0.0308227539
-0.0867919922
0.1170654297
-0.0595703125
-0.1235961914
-0.1140747070
0.0129394531
-0.0698242188
0.0410156250
0.0189208984
0.0822143555
0.1408081055
-0.1186523438
0.0922851562
0.1221923828
-0.1710815430
0.0823974609
-0.0333862305
-0.0534057617
0.1223144531
-0.0800170898
-0.0948486328
-0.0585937500
-0.0509643555
0.0380859375
0.0862426758
-0.0565795898
0.1308593750
-0.0080566406
-0.0043334961
0.0282592773
-0.0327148438
0.0166625977
-0.0000610352
-0.0045776367
-0.0270385742
0.0185546875
0.0001831055
0.0059204102
-0.0084228516
0.0043945312
-0.0050659180
0.0274047852
0.0316162109
-0.0156860352
-0.0202636719
0.0321044922
0.0200805664
-0.0125732422
0.0120849609
-0.0163574219
0.0084838867
0.0177001953
-0.0285644531
0.0118408203
-0.0249633789
0.0173339844
0.0509033203
0.0272827148
0.0278320312
-0.0075073242
0.0036621094
0.0186767578
-0.0022583008
-0.0255737305
0.0234375000
0.0145874023
0.0227050781
0.0040893555
0.0031127930
0.0051269531
-0.0051269531
0.0021972656
-0.0097045898
0.0010986328
0.0009765625
-0.1062622070
-0.1974487305
0.0548706055
-0.0576782227
-0.1957397461
0.1943969727
-0.2280883789
-0.1198120117
0.0368041992
0.1953735352
-0.0562133789
0.1983642578
0.0529174805
-0.1808471680
-0.1151123047
-0.0795288086
-0.0127563477
0.0331420898
0.0018310547
0.0362548828
-0.0236816406
0.0112915039
-0.0308227539
-0.0023803711
-0.0103759766
0.0038452148
0.0435180664
-0.0076904297
0.0504760742
-0.0148315430
0.0216674805
0.0015258789
0.0317382812
0.0186767578
0.0134277344
0.0320434570
-0.0296630859
0.0084838867
-0.0392456055
0.0239257812
0.0121459961
0.0438232422
-0.0317993164
-0.0051269531
0.0637207031
-0.0292968750
0.0335083008
0.0128784180
