-0.1018676758
-0.0825805664
0.1060791016
-0.0540771484
0.1170043945
-0.0151367188
-0.1162719727
0.0158081055
0.0494384766
-0.1188964844
0.1121826172
0.0595092773
-0.1113891602
-0.0125122070
0.0177001953
0.0918579102
0.0457153320
-0.0387573242
0.0374755859
0.0683593750
0.0290527344
-0.0074462891
0.0099487305
-0.0416870117
-0.0524902344
-0.0227050781
-0.0044555664
0.0161743164
-0.0087280273
0.0405273438
0.0127563477
-0.0336914062
-0.0964965820
-0.0207519531
-0.0750732422
0.0134887695
0.0383300781
-0.0942993164
0.0684814453
-0.1034545898
-0.0469970703
-0.0477905273
0.0166625977
-0.0473022461
0.0443115234
0.0144042969
0.0138549805
0.0798950195
-0.1766357422
0.1912231445
0.2360839844
-0.2444458008
0.1758422852
-0.1522827148
-0.2112426758
0.1295166016
-0.1232910156
-0.1855468750
-0.1845703125
-0.2095336914
0.1804199219
0.1545410156
-0.1700439453
0.1342163086
-0.0332641602
0.0266723633
-0.0377197266
0.0151367188
-0.0152587891
-0.0393676758
0.0415649414
0.0285644531
0.0366210938
-0.0234985352
-0.0113525391
-0.0297851562
0.0028076172
0.0269775391
0.0183105469
0.0192871094
-0.0918579102
-0.1553344727
0.1123657227
0.1260375977
-0.1253051758
0.2254028320
-0.1625976562
0.1746215820
0.2411499023
-0.0921020508
0.2005004883
-0.1507568359
0.1975097656
0.1786499023
0.2528076172
0.2891235352
-0.0468750000
0.3209228516
-0.0280761719
0.3273315430
-0.2755737305
-0.2364501953
0.3273925781
0.3098754883
-0.0323486328
0.1684570312
-0.3344726562
0.1136474609
0.0595703125
-0.3455200195
0.0615844727
-0.3302612305
-0.0165405273
-0.1020507812
0.0059204102
0.0082397461
-0.0875244141
0.0977783203
-0.1202392578
-0.0482788086
0.0272827148
0.0991210938
-0.0785522461
0.0592041016
0.0066528320
-0.1188964844
-0.0285034180
-0.0620117188
-0.0755615234
0.0298461914
-0.0109863281
0.0076904297
-0.0160522461
0.0263671875
-0.0915527344
0.0817871094
-0.0252685547
0.0349731445
0.1049194336
0.0556030273
0.0839233398
-0.0152587891
0.0575561523
-0.0095825195
0.0017089844
0.0331420898
-0.0286254883
0.0433959961
-0.0037231445
0.0057983398
-0.0236816406
-0.0283203125
-0.0214233398
0.0474853516
-0.0264892578
-0.0011596680
0.0437622070
-0.0264282227
-0.0128173828
-0.0030517578
