-0.0001220703
-0.0148315430
0.0315551758
-0.0199584961
-0.0100708008
-0.0064697266
-0.0017089844
-0.0009155273
-0.0139770508
-0.0261230469
0.0032348633
0.0209960938
-0.0075683594
-0.0056152344
0.0022583008
0.0024414062
-0.0040283203
0.0139160156
-0.0068969727
-0.0130004883
0.0044555664
0.0111694336
-0.0051269531
-0.0040283203
0.0012817383
-0.0004272461
0.0094604492
0.0015258789
0.0112915039
-0.0007934570
0.0060424805
-0.0220947266
-0.1140747070
-0.0848999023
-0.0126342773
-0.0020141602
-0.0042114258
-0.1032104492
0.0700073242
-0.0998535156
-0.0440063477
-0.0956420898
-0.0362548828
-0.0361328125
0.0564575195
-0.0468750000
0.0100097656
0.1025390625
-0.1145629883
0.1452636719
0.2330932617
-0.2497558594
0.2218017578
-0.2114257812
-0.1542968750
0.1727905273
-0.1875610352
-0.1838378906
-0.2257690430
-0.2103881836
0.1928710938
0.1666259766
-0.1712036133
0.1987304688
-0.0775146484
0.0220947266
-0.0679321289
0.0107421875
0.0247192383
-0.0626220703
0.0821533203
0.0860595703
0.0713500977
-0.0721435547
0.0257568359
-0.0135498047
0.0090942383
0.0325317383
0.0067138672
-0.0300292969
-0.0513916016
-0.1567382812
-0.0173950195
0.1530761719
-0.0733032227
0.2056884766
-0.0933837891
0.1486816406
0.1555175781
-0.1011352539
0.1603393555
-0.1555786133
0.1893310547
0.0901489258
0.1841430664
0.2333984375
0.0236816406
0.0266723633
0.0301513672
0.0054931641
-0.0009155273
0.0003662109
-0.0021362305
0.0149536133
0.0002441406
0.0172729492
0.0152587891
-0.0229492188
0.0228271484
-0.0104980469
-0.0140380859
-0.0167846680
-0.0888671875
-0.1125488281
-0.0112304688
-0.0169677734
-0.0728759766
0.0599365234
-0.1038208008
-0.0657958984
0.0531616211
0.0640869141
-0.0314331055
0.1215820312
-0.0000610352
-0.1507568359
0.0408935547
-0.0797729492
-0.0140991211
0.0512084961
-0.0003051758
0.0173950195
-0.0257568359
0.0051269531
-0.0483398438
0.0206298828
-0.0164184570
-0.0160522461
0.0224609375
0.0076293945
0.0261840820
-0.0485229492
-0.0332641602
0.0455932617
0.2060546875
0.0036010742
-0.2950439453
0.2791748047
-0.0997924805
-0.3043212891
-0.2562255859
-0.3267211914
-0.3056030273
0.2824096680
-0.0658569336
0.3232421875
0.2960205078
0.0458374023
-0.0009155273
-0.3126831055
