0.0043334961
-0.0281372070
0.0328979492
0.0137329102
-0.0198364258
-0.0026855469
-0.0191040039
0.0169677734
-0.0029907227
-0.0163574219
0.0250244141
0.0087280273
-0.0416259766
-0.0097045898
0.0443725586
0.0170898438
0.0130615234
-0.0117187500
0.0198974609
-0.0059204102
0.0308227539
0.0131835938
-0.0014038086
-0.0056762695
-0.0076904297
-0.0161743164
-0.0223999023
0.0229492188
0.0017700195
-0.0142211914
0.0261840820
-0.0507812500
-0.1387939453
-0.0336914062
-0.0790405273
0.0408325195
-0.0450439453
-0.1265258789
0.0983276367
-0.0498657227
-0.0864257812
-0.0619506836
-0.1075439453
-0.0303955078
0.0205688477
-0.0629882812
0.0518188477
0.1464843750
-0.2340698242
0.2199707031
0.3317871094
-0.2825927734
0.2769165039
-0.2340087891
-0.2253417969
0.1314697266
-0.2296752930
-0.2584228516
-0.2607421875
-0.1729125977
0.2474365234
0.2828369141
-0.1863403320
0.2412719727
-0.0465087891
0.0333862305
-0.0148925781
0.0101318359
0.0198974609
-0.0175781250
0.0115966797
0.0214843750
0.0136108398
-0.0314941406
0.0968627930
0.0117797852
0.0053710938
0.0096435547
-0.0063476562
0.0074462891
-0.0881347656
-0.2318115234
-0.0164794922
0.1127319336
-0.1678466797
0.2334594727
-0.1182250977
0.2129516602
0.1991577148
-0.0960083008
0.2160644531
-0.0924682617
0.1962890625
0.0473632812
0.2333374023
0.2650146484
0.0500488281
0.0248413086
0.0177001953
0.0360717773
-0.0103759766
-0.0034790039
0.0007324219
0.0466918945
-0.0028076172
-0.0176391602
-0.0174560547
0.0622558594
0.0280151367
-0.0072631836
0.0062255859
-0.0390014648
-0.0423583984
-0.0957031250
0.0391845703
-0.0956420898
-0.1098022461
0.1227416992
-0.1121826172
-0.0839233398
-0.0263061523
0.1697998047
-0.0083618164
0.0871582031
0.0206909180
-0.1107177734
-0.0420532227
-0.1551513672
0.0059814453
0.0049438477
-0.0061645508
0.0300903320
-0.0236816406
-0.0263671875
-0.0260009766
-0.0136718750
-0.0236206055
0.0066528320
0.0026245117
0.0095214844
0.0122070312
-0.0097045898
0.0270996094
0.0048217773
0.0476684570
0.0111694336
-0.0041503906
0.0267944336
-0.0034790039
-0.0018920898
-0.0008544922
-0.0296020508
-0.0134277344
0.0269775391
-0.0349731445
-0.0020751953
0.0375366211
-0.0080566406
-0.0052490234
0.0067138672
