-0.0263671875
0.0087280273
0.0400390625
-0.0454711914
0.0289916992
0.0085449219
-0.0643310547
0.0300292969
-0.0217285156
-0.0899047852
0.0353393555
-0.0171508789
-0.0389404297
-0.0571289062
-0.0050659180
0.0184326172
0.0031738281
-0.0010986328
-0.0219116211
0.0112304688
0.0093994141
0.0061035156
-0.0203857422
-0.0169067383
-0.0108642578
0.0076904297
0.0147705078
0.0004272461
0.0206298828
0.0154418945
0.0078735352
-0.0357055664
-0.0825805664
-0.0203857422
-0.0585937500
0.0191650391
0.0109863281
-0.1107788086
0.0742187500
-0.0305786133
-0.0985717773
-0.1315917969
-0.0719604492
-0.0292358398
0.0699462891
-0.0219726562
-0.0051269531
0.1614379883
-0.1027221680
0.1094970703
0.1475830078
-0.1688842773
0.1601562500
-0.1802368164
-0.0971679688
0.1712036133
-0.1371459961
-0.1261596680
-0.1865234375
-0.1198730469
0.1970214844
0.2062988281
-0.1062622070
0.1467895508
-0.0422973633
0.0261840820
-0.0076293945
-0.0012207031
-0.0097656250
-0.0093383789
0.0155029297
0.0382690430
0.0217895508
-0.0289306641
0.0566406250
-0.0250244141
0.0138549805
0.0198974609
-0.0168457031
0.0321044922
-0.1362304688
-0.1661987305
0.0239257812
0.1282958984
-0.1054077148
0.1985473633
-0.1195068359
0.1704711914
0.2073364258
-0.0531616211
0.1743164062
-0.1069335938
0.1836547852
0.1744995117
0.2481689453
0.2240600586
0.0381469727
0.0303344727
0.0456542969
0.0015258789
-0.0112915039
-0.0331420898
0.0122070312
0.0161743164
0.0267944336
0.0165405273
0.0112304688
0.0075683594
0.0612182617
-0.0153198242
0.0015869141
-0.0260009766
-0.2949218750
-0.2982788086
0.1245117188
-0.1525268555
-0.2816162109
0.2193603516
-0.2658691406
-0.2319335938
0.0694580078
0.2805175781
-0.1814575195
0.3093872070
0.1528930664
-0.3294677734
-0.1947631836
-0.2338256836
0.0159912109
0.0313720703
0.0025024414
0.0148925781
-0.0271606445
0.0037841797
-0.0476074219
-0.0169067383
0.0019531250
0.0457763672
0.0601806641
-0.0286254883
0.0411987305
0.0162963867
-0.0017089844
0.0103759766
0.0598754883
0.0861206055
-0.1593627930
0.1878051758
-0.0765991211
-0.2028808594
-0.1013793945
-0.1983642578
-0.1860351562
0.1669921875
-0.0547485352
0.1887817383
0.1879882812
0.0761718750
-0.1015625000
-0.2172241211
