0.0073852539
-0.0404663086
0.0375366211
-0.0413818359
0.0043945312
-0.0021362305
-0.0193481445
-0.0462036133
0.0313720703
-0.0614013672
0.0656127930
-0.0317993164
-0.0312500000
-0.0673828125
0.0401000977
0.0225830078
0.0030517578
0.0136108398
-0.0123291016
-0.0181884766
0.0236816406
0.0397338867
0.0313720703
0.0213623047
0.0029296875
0.0438842773
0.0108642578
0.0055541992
0.0266113281
0.0011596680
-0.0090332031
-0.0038452148
-0.0391845703
-0.0126953125
-0.0032958984
-0.0007324219
-0.0413818359
-0.0126953125
0.0389404297
-0.0124511719
-0.0381469727
-0.0351562500
-0.0238647461
-0.0303955078
0.0107421875
-0.0319824219
-0.0080566406
0.0220947266
0.0087890625
0.0451049805
0.0919799805
-0.0273437500
0.0784912109
-0.1276855469
-0.0380249023
0.0509643555
-0.0269165039
-0.0844116211
-0.0424194336
-0.1087646484
0.0776367188
0.0758056641
-0.0169677734
0.1351928711
-0.0161743164
-0.0006103516
-0.0072021484
-0.0194702148
0.0055541992
-0.0006103516
0.0159912109
0.0205688477
0.0028686523
-0.0363769531
0.0065307617
-0.0109863281
-0.0114135742
-0.0089721680
0.0093383789
0.0097045898
0.0276489258
-0.1066894531
-0.0277709961
0.0531005859
-0.0061035156
0.1037597656
-0.0507202148
0.0648803711
0.1137695312
-0.0426025391
0.1429443359
-0.1069946289
0.0684204102
0.1015625000
0.1398315430
0.1072998047
-0.0160522461
0.0130004883
0.0355224609
-0.0028076172
0.0043945312
-0.0123901367
-0.0107421875
0.0230712891
0.0004272461
-0.0089721680
0.0191040039
-0.0062255859
0.0183105469
-0.0247802734
-0.0108642578
0.0073242188
-0.2576293945
-0.2564086914
0.2113647461
-0.2406005859
-0.3098754883
0.2794189453
-0.2846679688
-0.2673950195
-0.0274658203
0.2700195312
-0.0690917969
0.2489013672
0.2476196289
-0.2874755859
-0.2228393555
-0.1973876953
-0.0046386719
0.0065307617
-0.0042724609
0.0013427734
-0.0110473633
-0.0176391602
-0.0007324219
-0.0043334961
-0.0039672852
-0.0092773438
0.0039062500
0.0003662109
0.0014038086
-0.0025634766
0.0112915039
0.0167236328
0.0511474609
0.0053100586
-0.0464477539
0.0693359375
0.0241699219
-0.0410766602
-0.0785522461
-0.0498657227
-0.0501708984
0.0739135742
-0.0529785156
0.0536499023
0.0731201172
0.0310058594
-0.0245361328
-0.0597534180
