-0.0312500000
-0.0344238281
0.0300292969
-0.0099487305
0.0169677734
-0.0278930664
-0.0307617188
0.0509033203
0.0385742188
0.0308837891
0.0527954102
0.0281982422
0.0025024414
-0.0023193359
0.0536499023
0.0494384766
-0.3069458008
0.2835693359
0.1447143555
-0.3400878906
-0.0700683594
0.2770996094
-0.1328125000
0.3206787109
0.3677978516
-0.0980224609
0.1592407227
0.0965576172
0.1329345703
-0.3566284180
-0.1355590820
-0.0287475586
-0.1072998047
-0.0750732422
-0.0428466797
0.0546875000
0.0558471680
-0.1031494141
0.0668945312
-0.1077270508
-0.1072998047
-0.1071777344
-0.0451660156
-0.0457763672
0.0617065430
-0.0431518555
-0.0133056641
0.1069946289
-0.1002807617
0.1123657227
0.2086181641
-0.1539306641
0.1112060547
-0.1429443359
-0.1237182617
0.1197509766
-0.1224365234
-0.1240844727
-0.1462402344
-0.1472778320
0.1293945312
0.1720581055
-0.1594848633
0.2069091797
-0.0251464844
-0.0048828125
0.0081787109
0.0048217773
-0.0277099609
-0.0209350586
0.0156860352
0.0042114258
0.0559082031
-0.0138549805
0.0198364258
0.0137939453
0.0040893555
0.0358276367
0.0084838867
-0.0033569336
-0.0248413086
-0.0325927734
0.0090332031
0.0133666992
-0.0315551758
0.0575561523
-0.0117797852
0.0682983398
0.0279541016
0.0272827148
0.0164184570
-0.0300292969
0.0331420898
0.0232543945
0.0382080078
0.0148315430
-0.0181884766
-0.0009765625
-0.0104370117
0.0109252930
0.0093383789
0.0126342773
-0.0055541992
0.0002441406
0.0114135742
-0.0002441406
0.0039062500
0.0211181641
-0.0126342773
0.0073852539
0.0241699219
0.0123901367
-0.0382690430
-0.0792846680
-0.0109863281
-0.0028686523
-0.0328369141
0.0438232422
-0.0836181641
-0.0111083984
-0.0029907227
0.0516967773
0.0068969727
0.0779418945
0.0096435547
-0.0552978516
-0.0251464844
-0.0563354492
-0.0735473633
0.1127929688
-0.0858154297
0.0985717773
-0.1057128906
-0.0068969727
-0.0352172852
0.1156005859
-0.1515502930
0.0609741211
0.0375366211
0.1499023438
0.0099487305
-0.0615234375
-0.0538330078
0.0894165039
0.0146484375
-0.0288085938
-0.0026855469
0.0193481445
-0.0076293945
0.0183105469
-0.0070190430
0.0026855469
-0.0005493164
0.0090332031
-0.0096435547
-0.0170898438
-0.0035400391
0.0033569336
0.0185546875
0.0177612305
