-0.0218505859
-0.0026855469
0.0525512695
-0.0311889648
0.0421752930
-0.0112915039
-0.0493774414
-0.0069580078
0.0043945312
-0.0510253906
0.0161743164
0.0134277344
-0.0467529297
-0.0306396484
0.0425415039
0.0205078125
0.0009765625
0.0054931641
-0.0067138672
0.0038452148
-0.0075683594
0.0059204102
-0.0076293945
0.0083618164
0.0052490234
-0.0041503906
0.0139770508
0.0015258789
0.0233154297
0.0036621094
-0.0066528320
-0.0210571289
-0.0604248047
-0.0233764648
0.0230102539
0.0060424805
0.0288696289
-0.0170898438
0.0549316406
-0.0430908203
-0.0200805664
-0.0404663086
-0.0108642578
-0.0472412109
0.0375366211
-0.0247192383
0.0171508789
0.0704345703
-0.0050659180
0.0560913086
0.1065673828
-0.1077270508
0.1240844727
-0.0782470703
-0.0679931641
0.0995483398
-0.1055908203
-0.0647583008
-0.0346679688
-0.0708618164
0.1069946289
0.0785522461
-0.0173339844
0.0490722656
-0.0448608398
-0.0152587891
-0.0405273438
0.0391845703
0.0303955078
-0.0171508789
0.0556030273
0.0798950195
0.0722045898
-0.0352172852
0.0355834961
-0.0101318359
-0.0113525391
0.0072631836
0.0357055664
0.0123291016
-0.0264282227
-0.1016845703
0.0014648438
0.0855102539
-0.0570068359
0.1241455078
-0.0639648438
0.0844116211
0.1330566406
-0.0518188477
0.1107788086
-0.1359863281
0.1142578125
0.1421508789
0.1697998047
0.1498413086
0.0092163086
0.0115356445
0.0043334961
0.0192871094
-0.0161132812
-0.0247192383
-0.0054931641
0.0008544922
0.0180664062
0.0530395508
-0.0315551758
0.0364379883
0.0538330078
-0.0142822266
0.0039672852
0.0193481445
-0.2159423828
-0.2831420898
0.0546264648
-0.1081542969
-0.2152099609
0.1735229492
-0.2503051758
-0.1191406250
0.0360107422
0.2048339844
-0.1287231445
0.2563476562
0.0838623047
-0.2745361328
-0.0260009766
-0.1743164062
0.0025024414
-0.0017089844
-0.0050659180
0.0026245117
-0.0045166016
-0.0123901367
-0.0015258789
0.0016479492
0.0054931641
-0.0109863281
-0.0079956055
-0.0144653320
0.0074462891
-0.0080566406
0.0056762695
0.0043334961
0.2147827148
0.0075073242
-0.2395629883
0.3193359375
-0.0108642578
-0.2773437500
-0.3055419922
-0.2586669922
-0.2807006836
0.3167114258
-0.1040649414
0.3046875000
0.3475341797
0.0537719727
0.0342407227
-0.3004150391
