-0.0068359375
-0.0393066406
0.0882568359
0.0069580078
-0.0120239258
0.0040283203
-0.0484619141
0.0942382812
0.0095825195
-0.0376586914
0.0573730469
-0.0643920898
-0.0438842773
-0.0095214844
-0.0259399414
0.0372924805
0.0632934570
-0.0707397461
0.0211791992
0.0721435547
0.0212402344
-0.0145263672
0.0089111328
-0.0686035156
-0.0712280273
0.0093994141
0.0941162109
0.0062255859
-0.0903320312
0.0789794922
0.0057373047
-0.0300903320
-0.1846313477
-0.0776367188
-0.0868530273
0.0438842773
-0.0084838867
-0.1929321289
0.1901855469
0.0531616211
-0.2113647461
-0.1020507812
-0.1057739258
-0.0131835938
-0.0040893555
-0.0221557617
-0.0465087891
0.1449584961
-0.0860595703
0.1812133789
0.2457275391
-0.2054443359
0.2085571289
-0.1789550781
-0.1904907227
0.1339721680
-0.2047729492
-0.1984252930
-0.2141113281
-0.1119384766
0.1645507812
0.1923217773
-0.1560668945
0.1467285156
0.0031127930
0.0200805664
0.0167846680
-0.0073852539
0.0352783203
0.0079345703
0.0081787109
-0.0147094727
0.0093383789
0.0182495117
-0.0026245117
-0.0020141602
0.0025024414
-0.0028686523
-0.0025024414
-0.0087280273
-0.0626220703
-0.0808715820
0.0526123047
0.0226440430
-0.1002807617
0.1260375977
-0.0725708008
0.1134033203
0.0969238281
-0.0758056641
0.0646972656
-0.0462036133
0.0637207031
0.0407714844
0.1342773438
0.1034545898
0.0169067383
0.0140380859
0.0140380859
0.0044555664
-0.0030517578
-0.0021362305
0.0048828125
0.0176391602
-0.0043334961
0.0167846680
-0.0004882812
0.0195312500
0.0075683594
-0.0050048828
-0.0081787109
-0.0155029297
-0.1954345703
-0.2227783203
0.0692138672
-0.1052856445
-0.2346191406
0.1898193359
-0.2375488281
-0.1242065430
0.0722045898
0.2110595703
-0.1134033203
0.2177734375
0.0899047852
-0.2329101562
-0.1305541992
-0.1485595703
-0.3675537109
0.3708496094
0.0318603516
-0.0560913086
-0.4381103516
-0.0540771484
0.0690917969
0.3422851562
-0.3281860352
-0.0814208984
-0.0863647461
0.2841796875
-0.0239257812
-0.1336059570
0.0529174805
0.3032836914
0.0605468750
0.0165405273
-0.0372924805
0.0623168945
0.0300903320
0.0240478516
-0.0184326172
-0.0099487305
0.0023803711
0.0383911133
-0.0090332031
-0.0242309570
0.0494384766
0.0181274414
-0.0286254883
0.0147705078
