-0.1203002930
-0.1441650391
0.1909179688
-0.0861816406
0.0633544922
-0.0962524414
-0.1417846680
0.0209960938
0.0749511719
-0.1952514648
0.1701049805
0.0169067383
-0.0911254883
-0.1203002930
0.0691528320
0.0595703125
0.0147705078
-0.0085449219
0.0282592773
0.0335693359
0.0244140625
-0.0109252930
-0.0092163086
-0.0086059570
-0.0326538086
-0.0055541992
-0.0212402344
0.0185546875
0.0036010742
0.0301513672
0.0165405273
-0.0109863281
-0.0142211914
-0.0204467773
-0.0108642578
0.0178222656
-0.0070800781
-0.0317382812
0.0255737305
0.0050659180
-0.0075683594
-0.0056152344
-0.0021972656
0.0045166016
0.0069580078
0.0189208984
-0.0314941406
0.0186767578
-0.0826416016
0.1018066406
0.1754760742
-0.1342773438
0.1774291992
-0.1187744141
-0.1193237305
0.2099609375
-0.0864257812
-0.0534667969
-0.1217041016
-0.1057128906
0.2266235352
0.1865234375
-0.1181030273
0.0812377930
-0.0849609375
-0.0028076172
-0.0433959961
0.0162963867
0.0397949219
-0.0704956055
0.0853881836
0.0185546875
0.0715942383
-0.0999755859
-0.0402832031
-0.1054687500
0.0522460938
0.1190795898
0.0111694336
-0.0209960938
-0.0598754883
-0.1257934570
-0.0114746094
0.1331176758
-0.0349121094
0.1022949219
-0.0665283203
0.0879516602
0.1366577148
-0.0363159180
0.0836181641
-0.0798339844
0.1195068359
0.1018676758
0.1342163086
0.1742553711
0.0596313477
0.3483886719
0.1218872070
0.2557983398
-0.2633056641
-0.2592773438
0.2980346680
0.2573242188
0.1058349609
0.1030883789
-0.1668701172
-0.1292114258
0.2612304688
-0.3130493164
-0.2548828125
-0.3391113281
0.0070190430
-0.0290527344
0.0084228516
0.0109863281
-0.0223999023
0.0519409180
-0.0372924805
-0.0573120117
0.0457153320
0.0599365234
0.0050659180
0.0348510742
0.0023803711
-0.0328979492
0.0030517578
0.0374145508
-0.0017089844
0.0307006836
0.0211791992
0.0227661133
-0.0264282227
0.0246582031
-0.0192871094
-0.0214843750
-0.0109863281
0.0288696289
0.0339965820
-0.0017700195
0.0015258789
-0.0311889648
0.0322875977
0.0315551758
0.0180664062
0.0299072266
-0.0209960938
0.0159912109
-0.0372924805
0.0011596680
0.0076293945
-0.0099487305
0.0112304688
0.0125732422
-0.0222778320
0.0251464844
0.0327758789
-0.0210571289
0.0107421875
-0.0078125000
