-0.1178588867
-0.1156616211
0.0899658203
-0.0990600586
0.1079101562
0.0158081055
-0.1528930664
0.0494995117
0.0604858398
-0.1470947266
0.2244262695
0.0178833008
-0.0866699219
-0.0554809570
0.0859985352
0.0795898438
0.0042114258
-0.0126953125
0.0004272461
0.0148315430
0.0066528320
-0.0051269531
0.0076293945
-0.0238037109
-0.0172729492
0.0122070312
0.0090942383
0.0091552734
0.0010986328
0.0148925781
-0.0133666992
-0.0026855469
-0.3278808594
-0.0278930664
-0.2912597656
-0.0822753906
0.0302124023
-0.3416137695
0.3176879883
-0.0498657227
-0.3820800781
-0.2784423828
-0.1216430664
-0.1365356445
0.0198974609
-0.1648559570
0.1851806641
0.2735595703
-0.1064453125
0.1780395508
0.1776123047
-0.1970214844
0.1256713867
-0.2261352539
-0.1401367188
0.1637573242
-0.1500244141
-0.1588134766
-0.1956787109
-0.0965576172
0.1593017578
0.2203369141
-0.1640625000
0.2061767578
0.0046997070
-0.0136718750
0.0295410156
0.0318603516
0.0112304688
0.0308227539
-0.0099487305
-0.0335693359
-0.0020751953
0.0159301758
-0.0108642578
-0.0170898438
-0.0120239258
0.0011596680
0.0078735352
-0.0087280273
-0.0332641602
-0.0610961914
0.0148315430
0.0141601562
-0.0366210938
0.0585327148
-0.0125732422
0.1106567383
0.0721435547
-0.0513305664
0.0194702148
0.0046386719
0.0900268555
0.0220336914
0.0512695312
0.0930175781
0.0148315430
-0.0133056641
-0.0122680664
0.0088500977
0.0079345703
0.0023193359
-0.0158691406
-0.0254516602
0.0021362305
0.0368041992
0.0210571289
-0.0085449219
-0.0372924805
0.0000610352
0.0220947266
0.0334472656
-0.0910644531
-0.1021118164
0.0530395508
0.0518798828
-0.0968017578
0.1049804688
-0.0718383789
-0.0864257812
-0.0085449219
0.1124267578
-0.0618896484
0.1353149414
0.0355224609
-0.0688476562
-0.0685424805
-0.0908813477
-0.0307617188
0.0500488281
0.0071411133
-0.0116577148
-0.0419921875
0.0163574219
0.0191040039
0.0337524414
-0.0401611328
-0.0317993164
-0.0025634766
0.0454101562
0.0428466797
-0.0236206055
0.0009155273
0.0340576172
-0.0093383789
0.0205688477
-0.0205688477
0.0311889648
-0.0189819336
-0.0018920898
0.0142211914
-0.0187377930
0.0090332031
-0.0089721680
0.0125732422
0.0229492188
0.0084228516
0.0080566406
-0.0158691406
-0.0213012695
