-0.0753173828
-0.0820312500
0.1304321289
-0.0411376953
0.0573730469
-0.0494995117
-0.0941772461
0.0309448242
0.0377197266
-0.0552978516
0.1237182617
0.0433349609
-0.0905761719
-0.0357666016
0.0182495117
0.1074829102
0.0753784180
-0.0635986328
0.0389404297
0.1326904297
0.0286254883
-0.0268554688
0.0330810547
-0.1196899414
-0.1170654297
-0.0613403320
-0.0423583984
-0.0091552734
-0.0070800781
0.1278686523
0.0125122070
-0.0432128906
-0.2093505859
-0.0637817383
-0.1467285156
0.0360107422
0.0108642578
-0.2082519531
0.1408691406
-0.1555786133
-0.1394653320
-0.1582641602
-0.0335083008
-0.0872192383
0.0708007812
-0.0222167969
0.0332031250
0.1566772461
-0.1271362305
0.1676635742
0.2318725586
-0.1783447266
0.2390136719
-0.1706542969
-0.2052001953
0.1254882812
-0.1156616211
-0.1813964844
-0.1826782227
-0.1586303711
0.2078247070
0.1613159180
-0.1652832031
0.1646728516
-0.0375366211
0.0048217773
-0.0380859375
0.0004882812
0.0394897461
-0.0088500977
0.0233154297
0.0323486328
0.0365600586
-0.0267333984
-0.0189208984
0.0072631836
0.0546875000
0.0227050781
0.0551147461
0.0151977539
-0.1473999023
-0.1829833984
0.0744628906
0.1858520508
-0.1411743164
0.2994995117
-0.1817016602
0.1867065430
0.2991943359
-0.1345825195
0.2402954102
-0.1781616211
0.2469482422
0.2185058594
0.2727050781
0.3529052734
-0.1085815430
0.2805786133
0.0160522461
0.3127441406
-0.2517089844
-0.1633300781
0.3567504883
0.3247070312
-0.0488891602
0.1677246094
-0.3770751953
0.1068115234
0.0044555664
-0.3499145508
0.0859375000
-0.3147583008
-0.0112915039
-0.0233764648
-0.0228271484
-0.0172729492
-0.0275268555
0.0184326172
-0.0699462891
-0.0265502930
0.0098266602
0.0494995117
0.0072021484
0.0348510742
0.0061035156
-0.0348510742
0.0028076172
-0.0194702148
-0.0298461914
0.0126342773
0.0115356445
0.0309448242
-0.0068359375
0.0308227539
-0.0712280273
0.0447387695
-0.0454711914
0.0360107422
0.0560302734
0.0414428711
0.0654907227
-0.0744628906
0.0391845703
0.0089721680
0.0894165039
0.0579833984
-0.0363159180
0.0500488281
-0.0075073242
-0.0173950195
-0.0357666016
-0.0471801758
-0.0590820312
0.0720214844
-0.0806884766
0.0317993164
0.0507812500
0.0248413086
-0.0002441406
-0.0043945312
