-0.0261230469
-0.0278320312
0.0423583984
-0.0246582031
0.0244750977
-0.0515747070
-0.0166015625
0.0393676758
0.0144042969
-0.0278320312
0.0621337891
0.0728759766
-0.0203247070
0.0099487305
0.0222167969
0.0089111328
-0.0005493164
-0.0024414062
0.0020141602
0.0040893555
0.0031738281
-0.0042724609
-0.0068969727
-0.0032348633
-0.0048828125
-0.0100097656
0.0059204102
-0.0009155273
-0.0010986328
0.0050659180
-0.0029296875
0.0012817383
-0.0922241211
-0.0806274414
-0.0313110352
0.0330200195
-0.0074462891
-0.1001586914
0.0878295898
-0.0596313477
-0.0165405273
-0.1041870117
0.0091552734
-0.0492553711
0.0677490234
-0.0345458984
0.0039672852
0.1536865234
-0.0031738281
0.0473022461
0.0906372070
-0.0925292969
0.0743408203
-0.0734252930
-0.0670776367
0.0928344727
-0.0665283203
-0.0339965820
-0.0760498047
-0.0802001953
0.0941772461
0.0384521484
-0.0425415039
0.0651855469
-0.3128662109
-0.1736450195
-0.3130493164
0.0525512695
-0.0879516602
-0.3379516602
0.2860107422
0.3109741211
0.3300781250
-0.3411254883
-0.0342407227
-0.2902221680
0.0437011719
0.2625122070
0.0045776367
-0.0862426758
-0.0361328125
-0.1129760742
0.0377807617
0.0511474609
-0.1640014648
0.1476440430
-0.0901489258
0.1435546875
0.1544189453
-0.0360107422
0.1221313477
-0.1501464844
0.1286621094
0.0428466797
0.1324462891
0.2177734375
0.0033569336
-0.0171508789
0.0086669922
-0.0058593750
0.0070800781
-0.0045166016
-0.0054321289
-0.0105590820
0.0100097656
-0.0005493164
0.0114135742
-0.0104370117
0.0083007812
-0.0012817383
-0.0047607422
0.0115356445
-0.0361938477
-0.0678710938
0.0054321289
0.0200195312
-0.0434570312
0.0349121094
-0.0691528320
-0.0018920898
0.0108642578
0.0094604492
-0.0217895508
0.0844726562
0.0074462891
-0.0925292969
-0.0022583008
-0.0206298828
-0.0039672852
0.0170898438
0.0281372070
0.0119628906
0.0097045898
0.0288696289
-0.0537719727
0.0562744141
-0.0412597656
0.0620727539
0.0927124023
0.0545043945
0.0806884766
-0.0921020508
0.0237426758
0.0372924805
0.1223144531
-0.0200195312
-0.1658325195
0.1251831055
-0.0152587891
-0.1575927734
-0.1293334961
-0.1342163086
-0.1394653320
0.1301269531
-0.0133666992
0.1614379883
0.1350097656
0.0465087891
-0.0172119141
-0.1082153320
