-0.0208129883
-0.0441894531
0.0845336914
-0.0191040039
0.0305786133
-0.0077514648
-0.0960693359
0.0433349609
0.0149536133
-0.0756225586
0.0969238281
-0.0090942383
-0.0420532227
-0.0535888672
0.0424194336
0.0288696289
0.0252075195
-0.0334472656
0.0141601562
0.0124511719
-0.0033569336
0.0038452148
-0.0131225586
-0.0155639648
-0.0259399414
0.0152587891
0.0281372070
-0.0072631836
-0.0288696289
0.0278930664
0.0137939453
-0.0197143555
-0.3395385742
-0.0668334961
-0.2842407227
-0.0722656250
-0.0286865234
-0.3092041016
0.3347778320
-0.0449829102
-0.3465576172
-0.3286743164
-0.2219238281
-0.1903686523
0.0892944336
-0.0835571289
0.1064453125
0.3520507812
-0.1080322266
0.1323852539
0.2105712891
-0.1049804688
0.1757812500
-0.1433715820
-0.0915527344
0.1494750977
-0.1307373047
-0.1536254883
-0.1411743164
-0.0126953125
0.1520385742
0.2005004883
-0.0996093750
0.1446533203
0.0054931641
0.0016479492
0.0295410156
-0.0097045898
-0.0449829102
-0.0076904297
-0.0042114258
0.0014648438
0.0017700195
0.0186767578
0.0143432617
-0.0153808594
-0.0117797852
-0.0214843750
-0.0030517578
0.0327758789
-0.0106201172
-0.1188964844
0.0008544922
0.0875854492
-0.0436401367
0.1065673828
-0.0867309570
0.1215209961
0.1270141602
-0.1439208984
0.0720825195
-0.0427856445
0.0954589844
0.0959472656
0.1276855469
0.1375732422
0.0240478516
-0.0166015625
0.0374755859
-0.0327758789
0.0067749023
0.0150146484
-0.0362548828
0.0002441406
0.0478515625
-0.0019531250
0.0054321289
0.0347290039
-0.0235595703
-0.0006713867
-0.0210571289
0.0054931641
-0.1500244141
-0.1713867188
0.0694580078
-0.1158447266
-0.1563720703
0.1566772461
-0.1826171875
-0.1608886719
0.0715332031
0.1853637695
0.0222778320
0.1970214844
0.1174316406
-0.1704101562
-0.0379638672
-0.0720825195
0.0401000977
0.0199584961
0.0343627930
0.0117797852
0.0100708008
-0.0249023438
0.0211791992
-0.0233154297
0.0266113281
-0.0375366211
0.0028076172
-0.0157470703
-0.0140380859
0.0497436523
0.0104370117
-0.0029296875
0.0006103516
0.0064086914
0.0208129883
0.0455932617
0.0208740234
0.0193481445
-0.0217895508
-0.0162353516
0.0168457031
0.0050659180
0.0112304688
-0.0289916992
0.0438232422
0.0037231445
0.0123901367
0.0009155273
