-0.0128784180
-0.0045776367
0.0475463867
-0.0319824219
0.0245971680
0.0195312500
-0.0427856445
-0.0052490234
0.0092163086
-0.0537109375
0.0148925781
-0.0205688477
-0.0074462891
-0.0013427734
0.0139160156
-0.0033569336
0.0212402344
-0.0158691406
0.0057373047
0.0153808594
0.0090332031
0.0090332031
-0.0133666992
-0.0189208984
-0.0204467773
-0.0289306641
-0.0051269531
0.0009765625
-0.0151977539
0.0411987305
-0.0047607422
-0.0187988281
-0.2241210938
-0.0842895508
-0.1378173828
0.0042114258
-0.0261230469
-0.1643066406
0.1156005859
-0.0744018555
-0.1535034180
-0.1800537109
-0.0813598633
-0.0743408203
0.0946044922
-0.0877075195
0.0495605469
0.1860351562
-0.1781616211
0.2045898438
0.2732543945
-0.2252197266
0.2334594727
-0.2041625977
-0.1572265625
0.1683349609
-0.1645507812
-0.1863403320
-0.2182006836
-0.1760253906
0.2490234375
0.2503051758
-0.2017211914
0.2292480469
-0.0238647461
-0.0015869141
0.0029907227
0.0123901367
0.0014038086
0.0137939453
-0.0180053711
0.0208129883
0.0200805664
-0.0260620117
0.0068969727
0.0433959961
0.0175170898
0.0190429688
-0.0059814453
0.0214233398
-0.1366577148
-0.2817382812
-0.0270385742
0.2357177734
-0.1873168945
0.2744750977
-0.1663208008
0.2478027344
0.2753295898
-0.2022705078
0.2730102539
-0.1853637695
0.3092041016
0.1446533203
0.2658691406
0.4248046875
0.0229492188
-0.0100097656
-0.0097045898
0.0229492188
-0.0228271484
0.0033569336
-0.0020751953
0.0203857422
0.0004272461
-0.0195312500
0.0148315430
0.0028076172
0.0400390625
-0.0364379883
-0.0079956055
-0.0289916992
-0.0232543945
-0.0805053711
0.0755004883
-0.0628051758
-0.1364135742
0.0632324219
-0.1428222656
-0.1096801758
0.0339965820
0.1381835938
-0.0191040039
0.0919799805
0.0350952148
-0.1325683594
-0.1082763672
-0.0679321289
0.0216674805
0.0003662109
-0.0281372070
0.0327758789
0.0219726562
0.0127563477
-0.0275878906
0.0014038086
-0.0250244141
0.0401000977
0.0244140625
0.0599975586
0.0270385742
-0.0327758789
0.0151367188
0.0333251953
0.1229248047
0.0307617188
-0.0152587891
0.0750122070
0.0135498047
-0.0042724609
-0.0273437500
-0.0320434570
-0.0578002930
0.0453491211
-0.0257568359
0.0459594727
0.0516967773
-0.0100097656
0.0168457031
-0.0311279297
