-0.0469970703
-0.0747680664
0.0924682617
-0.0452270508
0.0187377930
-0.0029907227
-0.0879516602
0.0270385742
0.0362548828
-0.0133056641
0.0434570312
0.0289306641
-0.0188598633
-0.0162963867
-0.0007324219
0.0317993164
-0.0096435547
-0.0115356445
0.0319213867
0.0049438477
0.0125732422
0.0352172852
0.0205688477
0.0071411133
0.0065307617
0.0092773438
0.0200805664
-0.0052490234
-0.0158081055
-0.0046997070
-0.0119628906
-0.0073242188
-0.0930786133
-0.0462646484
-0.0444335938
0.0386962891
-0.0142822266
-0.0595703125
0.0859375000
-0.0378417969
-0.0408935547
-0.0199584961
-0.0296020508
0.0072631836
-0.0151367188
-0.0213623047
0.0337524414
0.0897216797
-0.1207275391
0.1600341797
0.2487182617
-0.2687377930
0.1644287109
-0.1869506836
-0.2053222656
0.0837402344
-0.2259521484
-0.2409057617
-0.2034912109
-0.1066284180
0.1881103516
0.1641845703
-0.1474609375
0.0936279297
-0.0016479492
-0.0037231445
0.0059814453
0.0007934570
-0.0028686523
0.0064086914
-0.0012817383
-0.0031738281
-0.0005493164
0.0065307617
-0.0036621094
0.0083007812
0.0071411133
0.0120239258
-0.0077514648
0.0020751953
-0.0246582031
-0.1640625000
0.0011596680
0.1516723633
-0.0618286133
0.1367797852
-0.0484619141
0.1451416016
0.1218261719
-0.1011352539
0.1151123047
-0.0617675781
0.1444091797
0.0736694336
0.1549072266
0.2111816406
0.0297241211
0.0072631836
0.0416259766
0.0028686523
-0.0145874023
-0.0025024414
-0.0156860352
-0.0114135742
-0.0321655273
0.0010986328
0.0191650391
0.0196533203
0.0512084961
-0.0108032227
-0.0055541992
-0.0167236328
-0.0235595703
-0.0572509766
0.0243530273
-0.0306396484
-0.0609741211
0.0335083008
-0.0949707031
-0.0583496094
-0.0444335938
0.0921630859
-0.0105590820
0.0584716797
0.0238647461
-0.0681152344
-0.0272216797
-0.0492553711
-0.3676757812
0.3208618164
-0.0042724609
-0.0752563477
-0.3869628906
-0.0382080078
-0.0123291016
0.3535766602
-0.3493652344
0.0128173828
-0.0147705078
0.3329467773
0.0840454102
-0.2277832031
0.1521606445
0.3115844727
0.0503540039
0.0128784180
-0.0004272461
0.0515136719
0.0014038086
0.0146484375
-0.0241088867
-0.0104980469
0.0062866211
0.0267333984
-0.0181274414
-0.0115356445
0.0288696289
-0.0408935547
0.0109863281
0.0077514648
