-0.0136718750
-0.0696411133
0.0673828125
-0.0734252930
0.0219116211
0.0059814453
-0.0563964844
-0.0189819336
0.0161132812
-0.0835571289
0.0750732422
0.0244750977
-0.0296630859
-0.0466308594
-0.0159912109
0.0574951172
-0.0238647461
0.0239257812
-0.0216064453
-0.0191040039
0.0374145508
0.0222167969
0.0250244141
0.0153198242
0.0346069336
0.0350341797
-0.0015258789
0.0119018555
0.0349121094
-0.0213012695
-0.0163574219
-0.0191650391
-0.1413574219
-0.0419921875
-0.0387573242
-0.0021972656
-0.0535278320
-0.0679931641
0.1047363281
-0.0180664062
-0.0844116211
-0.0802001953
-0.0511474609
-0.0311279297
0.0063476562
-0.0592651367
-0.0546264648
0.0879516602
-0.0129394531
0.0475463867
0.0755615234
-0.0163574219
0.0964355469
-0.1044311523
-0.0073242188
0.0714721680
-0.1034545898
-0.0591430664
-0.0541992188
-0.0988159180
0.1239624023
0.0390625000
-0.0237426758
0.0828857422
-0.0683593750
0.0172119141
-0.0827026367
-0.0029907227
0.0232543945
-0.0455932617
0.0588989258
0.0783081055
0.0802612305
-0.0945434570
0.0114746094
-0.0580444336
-0.0045166016
0.0482788086
0.0320434570
-0.0146484375
0.0114746094
-0.1422119141
0.0186767578
0.1026611328
-0.0449829102
0.0677490234
-0.0861206055
0.0718383789
0.0793457031
-0.1080322266
0.0993041992
-0.0852661133
0.0823974609
0.0550537109
0.0984497070
0.1118164062
0.0081176758
0.0225830078
0.0115356445
0.0029296875
-0.0139770508
-0.0153808594
0.0078735352
0.0078125000
0.0086059570
0.0126953125
0.0204467773
0.0042724609
0.0009155273
-0.0125732422
-0.0204467773
0.0009155273
-0.2738647461
-0.2751464844
0.1497802734
-0.1927490234
-0.3049926758
0.3001098633
-0.2762451172
-0.2772827148
-0.0164794922
0.2830200195
-0.1250000000
0.2603759766
0.1976318359
-0.2893066406
-0.1952514648
-0.2396240234
0.0057983398
-0.0057373047
-0.0087890625
-0.0081176758
0.0024414062
-0.0203247070
-0.0006103516
-0.0032958984
0.0073852539
0.0095825195
0.0074462891
-0.0117797852
0.0108032227
-0.0033569336
-0.0119018555
-0.0010375977
0.0264282227
0.0526123047
-0.0382690430
0.1065673828
-0.0080566406
-0.0415649414
-0.1080322266
-0.0551147461
0.0270385742
0.0844726562
-0.0809326172
0.0366210938
0.0659179688
0.0112915039
-0.0339355469
-0.0485839844
