-0.0272216797
-0.0260009766
0.0294189453
-0.0182495117
0.0022583008
0.0276489258
-0.0150146484
-0.0062866211
0.0144653320
-0.0273437500
0.0258178711
0.0020141602
-0.0122070312
-0.0251464844
0.0299072266
0.0266113281
0.0275878906
-0.0208740234
0.0247802734
0.0209350586
0.0427856445
0.0183105469
0.0037841797
-0.0241699219
-0.0337524414
0.0081787109
-0.0231323242
0.0272216797
-0.0173339844
0.0181274414
0.0150756836
-0.0818481445
-0.0653076172
-0.0214233398
-0.0519409180
0.0134887695
0.0260620117
-0.0582275391
0.0521850586
-0.0319824219
-0.0462036133
-0.0763549805
-0.0496215820
-0.0021972656
0.0257568359
-0.0526733398
0.0009155273
0.0886230469
-0.2123413086
0.2057495117
0.3238525391
-0.3139648438
0.2434692383
-0.2279052734
-0.2144775391
0.1026611328
-0.2229614258
-0.2854614258
-0.2740478516
-0.2241821289
0.2313232422
0.2625122070
-0.1904907227
0.2596435547
-0.0208740234
0.0222167969
0.0021362305
0.0173950195
0.0135498047
-0.0069580078
-0.0003051758
-0.0011596680
0.0086669922
-0.0208740234
0.0390625000
0.0124511719
-0.0054321289
-0.0061645508
-0.0109863281
0.0260009766
-0.0808715820
-0.1947021484
0.0421142578
0.0921630859
-0.1366577148
0.2554931641
-0.1462402344
0.1703491211
0.2005615234
-0.1280517578
0.1930541992
-0.1398315430
0.1744995117
0.1389160156
0.2711791992
0.2969360352
-0.0089111328
0.0325317383
0.0100097656
0.0360107422
0.0100097656
-0.0122680664
0.0205688477
0.0303955078
0.0227050781
-0.0183105469
-0.0161743164
0.0430908203
0.0187988281
-0.0148925781
0.0120239258
-0.0303955078
-0.1151123047
-0.1240234375
0.0723876953
-0.1226196289
-0.1500244141
0.1494750977
-0.1569824219
-0.1176147461
-0.0339355469
0.2408447266
-0.0158691406
0.1448974609
0.1047363281
-0.1397705078
-0.0706787109
-0.1686401367
0.0054931641
0.0142822266
-0.0031738281
0.0128784180
0.0119628906
-0.0040283203
-0.0126953125
0.0031127930
-0.0128784180
0.0130004883
-0.0051269531
-0.0139770508
-0.0045166016
-0.0046386719
0.0008544922
0.0003662109
0.0687255859
-0.0553588867
-0.0662841797
0.0940551758
-0.0026855469
-0.0564575195
-0.0366821289
-0.0765991211
-0.0473632812
0.0690917969
-0.0196533203
0.0560302734
0.0784912109
0.0051269531
0.0023803711
-0.0531005859
