0.0000610352
-0.0430908203
0.0608520508
-0.0203247070
-0.0046386719
0.0499877930
-0.0375976562
0.0440063477
0.0506591797
-0.0623779297
0.0178833008
0.0000000000
-0.0267333984
-0.0067138672
0.0043334961
0.0589599609
0.0037231445
-0.0177001953
0.0155029297
0.0269775391
0.0049438477
0.0304565430
0.0184936523
0.0138549805
-0.0191040039
0.0179443359
0.0301513672
0.0398559570
-0.0125732422
0.0021972656
-0.0112915039
-0.0213623047
-0.1055297852
-0.0269165039
-0.0576782227
0.0589599609
-0.0549316406
-0.1165161133
0.1317138672
-0.1047973633
-0.0800170898
-0.1176757812
-0.0192260742
-0.0755615234
0.0581054688
0.0130004883
0.0531616211
0.1610107422
-0.2733764648
0.2133789062
0.3492431641
-0.2348022461
0.2751464844
-0.2540893555
-0.1956176758
0.1518554688
-0.2670898438
-0.2198486328
-0.2285766602
-0.1795043945
0.2976684570
0.2780761719
-0.1571044922
0.1817626953
0.0018920898
-0.0189208984
0.0090332031
-0.0123901367
0.0369262695
0.0368652344
-0.0076293945
0.0086059570
-0.0264282227
-0.0063476562
0.0278320312
0.0078735352
0.0335693359
-0.0219726562
-0.0052490234
0.0084838867
-0.0595092773
-0.2229614258
0.0159912109
0.1464233398
-0.1957397461
0.2286376953
-0.0930786133
0.2084350586
0.1784057617
-0.1563720703
0.2338867188
-0.1125488281
0.2116088867
0.1120605469
0.2162475586
0.2694702148
0.0169677734
-0.0025024414
0.0119018555
0.0074462891
0.0009155273
0.0299072266
-0.0028076172
0.0069580078
-0.0050659180
0.0038452148
0.0008544922
-0.0045166016
0.0128173828
-0.0015869141
-0.0033569336
-0.0112915039
-0.0712890625
-0.1595458984
0.1080322266
-0.0283813477
-0.1991577148
0.1249389648
-0.1809692383
-0.1029663086
-0.0482788086
0.1917724609
-0.0226440430
0.1389160156
0.0692138672
-0.1563720703
-0.0903930664
-0.1403198242
-0.0051879883
-0.0009155273
-0.0147094727
0.0098266602
0.0075073242
0.0003051758
0.0018920898
-0.0076293945
-0.0021362305
-0.0064086914
0.0178833008
-0.0054931641
-0.0001220703
0.0022583008
0.0031738281
-0.0234985352
0.0181884766
0.0219726562
-0.0028686523
0.0413818359
-0.0015258789
0.0017700195
-0.0008544922
-0.0083618164
-0.0018920898
-0.0046997070
-0.0323486328
0.0023193359
0.0242919922
0.0156860352
-0.0092163086
0.0107421875
