-0.0748901367
-0.1360473633
0.0626831055
-0.0874633789
0.0528564453
-0.0383300781
-0.0735473633
0.0167236328
-0.0269165039
-0.0359497070
0.1357421875
0.0367431641
-0.0989990234
-0.0953979492
0.0878906250
0.1176147461
-0.2892456055
0.2887573242
0.1525268555
-0.3494873047
0.0388793945
0.2479858398
-0.0554809570
0.3400268555
0.3524780273
-0.0083618164
0.0538330078
0.0708007812
0.1407470703
-0.3646850586
-0.0790405273
-0.0075073242
-0.0803833008
-0.0679931641
-0.1063232422
-0.0142822266
0.0202026367
-0.1136474609
0.0831909180
-0.0469970703
-0.0903320312
-0.1011962891
-0.0300292969
-0.0972290039
0.0796508789
-0.0228881836
0.0244140625
0.0771484375
-0.1111450195
0.1008300781
0.1630859375
-0.1256713867
0.1141967773
-0.1418457031
-0.1009521484
0.0975341797
-0.0729370117
-0.1444702148
-0.1603393555
-0.1865234375
0.1633911133
0.0787353516
-0.1343383789
0.1493530273
-0.0530395508
0.0250854492
-0.0365600586
0.0266113281
0.0100708008
-0.0245361328
0.0509033203
0.0452880859
0.0500488281
-0.0379638672
0.0353393555
-0.0283203125
-0.0142822266
0.0337524414
0.0146484375
0.0336914062
-0.0340576172
-0.0391235352
-0.0236206055
0.0336914062
-0.0416870117
0.0216064453
0.0182495117
0.0646972656
0.0277709961
-0.0805664062
-0.0313110352
0.0296630859
0.0623779297
0.0078735352
-0.0093994141
-0.0153198242
-0.0020751953
-0.0007324219
0.0072631836
-0.0023193359
0.0061035156
0.0156860352
-0.0227050781
-0.0125122070
-0.0058593750
-0.0155029297
-0.0054321289
-0.0011596680
0.0208129883
-0.0114746094
0.0050048828
-0.0009155273
-0.3113403320
-0.2675170898
-0.0438842773
-0.0516357422
-0.2257080078
0.2580566406
-0.2261962891
-0.1866455078
0.0327758789
0.1965332031
-0.0392456055
0.2937622070
0.0949096680
-0.2395019531
-0.0546264648
-0.1840209961
-0.0137939453
0.0289916992
0.0197143555
0.0026245117
-0.0044555664
0.0097045898
0.0233764648
0.0161743164
0.0072631836
0.0154418945
0.0110473633
0.0227661133
0.0195922852
-0.0031127930
-0.0173950195
0.0335693359
0.0839843750
-0.0064697266
-0.1076660156
0.0774536133
-0.0518798828
-0.0504150391
-0.0552368164
-0.0721435547
-0.0059204102
-0.0069580078
-0.0126953125
0.0528564453
0.0314331055
0.0704345703
-0.0715332031
-0.0686035156
