-0.0230102539
-0.0255737305
0.0453491211
-0.0218505859
0.0367431641
-0.0072631836
-0.0211791992
-0.0231323242
0.0526123047
-0.0434570312
0.0769042969
0.0187377930
0.0020751953
-0.0242309570
-0.0134277344
0.0125732422
-0.0061645508
0.0171508789
-0.0070800781
-0.0175781250
0.0313720703
0.0084838867
0.0235595703
0.0158081055
0.0039062500
0.0317993164
0.0053710938
-0.0158081055
0.0238037109
-0.0101318359
-0.0077514648
-0.0000610352
-0.0361938477
0.0124511719
-0.0072021484
0.0160522461
-0.0188598633
-0.0198364258
0.0459594727
0.0062255859
-0.0056152344
-0.0060424805
0.0216064453
0.0054931641
0.0409545898
-0.0473632812
-0.0130004883
0.0342407227
-0.0283813477
0.0792846680
0.1026000977
-0.0640258789
0.1111450195
-0.0764770508
-0.0389404297
0.0234375000
-0.0407714844
-0.0737304688
-0.0496826172
-0.0617065430
0.0603027344
0.0646972656
-0.0744628906
0.0983886719
-0.0131225586
-0.0040283203
-0.0122680664
-0.0336914062
-0.0117797852
-0.0093383789
0.0121459961
0.0269165039
0.0027465820
-0.0285034180
0.0143432617
-0.0064086914
0.0203857422
0.0186767578
-0.0129394531
0.0048828125
-0.0268554688
-0.1840820312
0.0098266602
0.1788940430
-0.0153808594
0.1663818359
-0.0270996094
0.1529541016
0.1956787109
-0.1699218750
0.1843872070
-0.1134033203
0.1816406250
0.0988769531
0.1624755859
0.2316894531
-0.0207519531
0.0305786133
0.0322265625
0.0415039062
-0.0083618164
-0.0127563477
0.0153808594
0.0354003906
0.0411376953
-0.0065917969
0.0079956055
0.0113525391
0.0912475586
-0.0131225586
-0.0466918945
-0.0104370117
-0.2031860352
-0.2667846680
0.2041015625
-0.2166748047
-0.3046264648
0.2046508789
-0.2854003906
-0.2861938477
-0.0765991211
0.3322753906
-0.1277465820
0.2546997070
0.2044677734
-0.2571411133
-0.3006591797
-0.1725463867
-0.0175170898
-0.0086059570
-0.0029296875
-0.0199584961
-0.0108642578
-0.0150146484
-0.0449218750
0.0274047852
-0.0274047852
0.0125122070
-0.0020751953
0.0223999023
0.0291748047
-0.0273437500
0.0032958984
0.0154418945
0.1766357422
0.0797729492
-0.1274414062
0.1951904297
-0.0238037109
-0.0982666016
-0.1683349609
-0.1310424805
-0.1486206055
0.2108154297
-0.1380615234
0.0981445312
0.1755371094
0.0152587891
-0.0197753906
-0.1254882812
