-0.0532226562
-0.0761108398
0.0710449219
-0.0749511719
0.0249023438
0.0026245117
-0.0454101562
-0.0399780273
-0.0087890625
-0.0701904297
0.0611572266
0.0174560547
-0.0026855469
-0.0303955078
0.0083618164
0.0901489258
-0.0165405273
0.0249023438
-0.0192260742
-0.0097656250
0.0227050781
0.0355834961
0.0308227539
0.0209960938
0.0161743164
0.0519409180
0.0039672852
0.0102539062
0.0357666016
-0.0101318359
0.0036621094
-0.0111083984
-0.0826416016
-0.0195312500
-0.0208129883
-0.0002441406
-0.0556030273
-0.0533447266
0.0670776367
0.0153198242
-0.0576171875
-0.0739746094
-0.0131835938
-0.0154418945
-0.0152587891
-0.0405883789
-0.0243530273
0.0744628906
-0.0029907227
0.0258789062
0.0397949219
-0.0024414062
0.0592041016
-0.0685424805
-0.0042114258
0.0397338867
-0.0614624023
0.0067138672
-0.0112304688
-0.0523681641
0.0928955078
0.0103759766
-0.0022583008
0.0459594727
-0.0107421875
-0.0018310547
-0.0228271484
-0.0046386719
0.0042114258
-0.0316772461
0.0023193359
0.0231933594
0.0059814453
-0.0363769531
0.0016479492
-0.0163574219
-0.0151977539
0.0184936523
0.0119628906
0.0114135742
-0.0006103516
-0.1093750000
0.0004272461
0.0924072266
-0.0346679688
0.0438842773
-0.0374145508
0.0876464844
0.0676269531
-0.0909423828
0.0958862305
-0.0585937500
0.0877075195
0.0446777344
0.0961303711
0.1132202148
0.0072631836
0.0222167969
0.0205078125
0.0004272461
-0.0360107422
0.0189819336
0.0108032227
0.0386352539
0.0158081055
0.0238037109
-0.0020141602
0.0089111328
-0.0193481445
-0.0108642578
-0.0338134766
0.0130004883
-0.2728881836
-0.2658081055
0.1627807617
-0.2136230469
-0.3102416992
0.2871704102
-0.2664184570
-0.2807617188
-0.0186157227
0.2811279297
-0.1361083984
0.2452392578
0.2109985352
-0.2874145508
-0.1948242188
-0.2312011719
0.0043945312
-0.0045776367
-0.0103759766
-0.0009155273
-0.0015869141
-0.0041503906
0.0188598633
-0.0030517578
0.0148315430
0.0004272461
0.0200805664
0.0057983398
0.0078735352
-0.0000610352
-0.0112304688
0.0113525391
0.0844116211
0.0399780273
-0.0850830078
0.1185302734
0.0162353516
-0.0300292969
-0.1187744141
-0.0666503906
-0.0071411133
0.0919189453
-0.0489501953
0.0525512695
0.0992431641
0.0469970703
-0.0675659180
-0.0648803711
