-0.0519409180
-0.0402221680
0.0004272461
-0.0028686523
-0.0344848633
-0.0134277344
-0.0076293945
0.0166625977
-0.0054321289
-0.0273437500
0.0576782227
0.0255126953
-0.0043945312
-0.0112304688
0.0285034180
0.0307617188
-0.3077392578
0.3270263672
0.1448364258
-0.3298339844
-0.0772705078
0.2725219727
-0.0865478516
0.3216552734
0.3740234375
0.0200195312
0.0850830078
0.1320800781
0.2235717773
-0.3640136719
-0.1405639648
-0.0089111328
-0.0693359375
-0.0254516602
-0.0721435547
0.0172119141
0.0292358398
-0.0924682617
0.0358886719
-0.0631713867
-0.0830688477
-0.0711669922
-0.0353393555
-0.0404663086
0.0749511719
0.0181884766
0.0180664062
0.0799560547
-0.0018310547
0.0072021484
0.0426025391
-0.0060424805
0.0094604492
-0.0594482422
-0.0340576172
0.0704345703
-0.0321655273
-0.0451660156
-0.0470581055
-0.0433959961
0.0521240234
0.0480957031
-0.0588378906
0.0541381836
-0.0266113281
0.0144653320
-0.0055541992
-0.0077514648
0.0186767578
-0.0283203125
0.0339965820
0.0061035156
0.0484619141
-0.0361938477
0.0354614258
-0.0119628906
-0.0028076172
0.0083007812
0.0057373047
0.0095214844
-0.0366210938
-0.0272827148
-0.0029907227
0.0270996094
0.0060424805
0.0106201172
-0.0063476562
0.0490722656
0.0130004883
-0.0186157227
-0.0002441406
-0.0133056641
0.0466308594
-0.0016479492
0.0161743164
0.0021972656
-0.0154418945
-0.0007934570
0.0172119141
-0.0006103516
0.0002441406
0.0012817383
0.0029296875
-0.0017089844
-0.0065917969
0.0014648438
-0.0054931641
0.0007324219
-0.0003662109
-0.0079345703
0.0004882812
0.0021362305
-0.1203613281
-0.0994873047
0.0026855469
0.0280761719
-0.0640869141
0.0966186523
-0.0929565430
-0.0399780273
-0.0062866211
0.0170288086
-0.0244140625
0.0725708008
0.0136108398
-0.0731811523
-0.0399169922
-0.0429077148
-0.0364990234
0.0588989258
0.0156860352
0.0073242188
-0.0412597656
0.0244750977
-0.0230102539
0.0601196289
-0.0482177734
0.0284423828
0.0481567383
0.0870361328
0.0374755859
-0.0316772461
-0.0170898438
0.0299072266
0.0549316406
-0.0139160156
-0.0714721680
0.0613403320
-0.0464477539
-0.0441894531
-0.0281372070
-0.0711059570
-0.0393066406
0.0278320312
-0.0279541016
0.0703125000
0.0398559570
-0.0027465820
-0.0013427734
-0.0759887695
