-0.0413818359
-0.0076904297
0.0654296875
-0.0560913086
0.0429077148
0.0405883789
-0.0410766602
-0.0225219727
0.0056152344
-0.0894775391
0.0308227539
-0.0383300781
-0.0370483398
-0.0349731445
0.0123291016
0.0075073242
-0.0196533203
0.0151367188
-0.0275878906
-0.0149536133
-0.0066528320
0.0204467773
0.0198974609
0.0009765625
-0.0021362305
0.0147094727
-0.0010375977
0.0220947266
0.0537109375
-0.0112915039
0.0042114258
-0.0204467773
-0.1455078125
-0.1038818359
-0.1177978516
-0.0270385742
-0.0753784180
-0.1797485352
0.1420288086
-0.0149536133
-0.2208251953
-0.1703491211
-0.0866699219
-0.0215454102
0.0258178711
-0.0748291016
-0.0403442383
0.2269897461
-0.0755615234
0.0957031250
0.1148681641
-0.1323242188
0.1667480469
-0.1240844727
-0.0841064453
0.1071777344
-0.0937500000
-0.1347656250
-0.1159057617
-0.1345825195
0.2122192383
0.1359252930
-0.0433349609
0.1195068359
-0.0262451172
0.0020141602
-0.0122070312
-0.0015869141
0.0032958984
-0.0023193359
0.0283203125
0.0261840820
0.0194702148
-0.0039062500
0.0360717773
-0.0198974609
0.0180053711
0.0114135742
0.0115356445
0.0113525391
-0.1012573242
-0.2047119141
-0.0072021484
0.1607666016
-0.1255493164
0.1508178711
-0.0839233398
0.1800537109
0.1980590820
-0.1150512695
0.1550903320
-0.1189575195
0.1415405273
0.1091918945
0.2088012695
0.2122192383
0.0485229492
0.0423583984
0.0234985352
0.0150756836
-0.0120239258
-0.0328979492
0.0064086914
0.0068969727
0.0681762695
0.0032958984
-0.0061645508
0.0139160156
0.0503540039
-0.0036621094
-0.0352783203
-0.0143432617
-0.2908325195
-0.2959594727
0.1005249023
-0.2091674805
-0.2897949219
0.2316284180
-0.2699584961
-0.2316284180
0.0470581055
0.2621459961
-0.1403198242
0.3170166016
0.1723632812
-0.3311157227
-0.1934204102
-0.2431030273
-0.0060424805
0.0735473633
0.0120239258
0.0339355469
-0.0314331055
0.0258178711
-0.0650024414
0.0098876953
-0.0059204102
0.0425415039
0.0461425781
0.0054931641
0.0455322266
-0.0136108398
0.0315551758
0.0490722656
0.0118408203
0.0154418945
-0.0567626953
0.0919189453
-0.0069580078
-0.0525512695
-0.0274047852
-0.0719604492
-0.0408325195
0.0469970703
0.0510864258
0.0593261719
0.0441894531
0.1006469727
-0.0287475586
-0.0700073242
