-0.0718994141
-0.1093750000
0.0198974609
-0.0729980469
0.0124511719
-0.0100097656
-0.0838012695
0.0736083984
0.0564575195
-0.0695190430
0.1366577148
0.0471801758
-0.0613403320
-0.0724487305
0.0742797852
0.0675659180
-0.0228271484
0.0368041992
0.0101318359
-0.0376586914
0.0064086914
0.0465698242
0.0045776367
0.0170288086
0.0196533203
0.0331420898
0.0485839844
0.0581665039
0.0280151367
-0.0195312500
-0.0206909180
0.0115356445
-0.3677368164
-0.0609741211
-0.3265380859
-0.0256958008
-0.0285034180
-0.3135986328
0.3442993164
-0.0524291992
-0.3370971680
-0.3012695312
-0.1925659180
-0.1518554688
0.0567016602
-0.1222534180
0.1744384766
0.3548583984
-0.0681762695
0.1081542969
0.0675048828
-0.0964965820
0.0797729492
-0.1024780273
-0.0438232422
0.1093139648
-0.0931396484
-0.0986328125
-0.0969238281
-0.0289306641
0.1246337891
0.1603393555
-0.0606689453
0.0940551758
-0.0225219727
0.0107421875
0.0103759766
0.0254516602
-0.0055541992
-0.0079956055
0.0076904297
-0.0001831055
0.0076904297
0.0223388672
0.0634765625
-0.0187377930
0.0177612305
-0.0022583008
-0.0044555664
0.0321044922
0.0037841797
-0.0887451172
-0.0032958984
0.0402832031
-0.0338134766
0.0548095703
-0.0151977539
0.1023559570
0.0444335938
-0.0743408203
0.0403442383
-0.0029296875
0.0748291016
-0.0037231445
0.0545043945
0.0649414062
0.0108642578
-0.0063476562
-0.0012207031
-0.0145263672
-0.0154418945
-0.0020141602
-0.0127563477
0.0078735352
0.0335693359
0.0277709961
0.0131225586
-0.0075683594
-0.0247192383
0.0192260742
0.0064086914
0.0190429688
-0.1035766602
-0.1370849609
0.0463867188
-0.0367431641
-0.1328125000
0.1599121094
-0.0939941406
-0.1287841797
-0.0397949219
0.1765747070
-0.0318603516
0.1317749023
0.0804443359
-0.1483154297
-0.0008544922
-0.1627197266
0.0360717773
0.0311889648
0.0307617188
-0.0022583008
0.0005493164
0.0209350586
0.0053710938
-0.0537719727
0.0281982422
-0.0227661133
-0.0092163086
-0.0346069336
0.0269165039
0.0311889648
0.0339355469
0.0034179688
0.0117187500
0.0102539062
0.0007324219
0.0243530273
-0.0182495117
0.0127563477
0.0017700195
-0.0000610352
0.0104370117
0.0061645508
-0.0169677734
-0.0144653320
0.0143432617
-0.0102539062
0.0085449219
0.0120849609
