0.0022583008
-0.0298461914
0.0371093750
-0.0524902344
0.0503540039
-0.0073242188
-0.0551757812
-0.0306396484
-0.0013427734
-0.0505981445
0.0368041992
0.0213623047
-0.0657348633
-0.0558471680
0.0311279297
0.0299072266
-0.0023193359
0.0000610352
0.0087280273
0.0064086914
0.0231933594
0.0120239258
-0.0017700195
-0.0042724609
-0.0017700195
0.0035400391
0.0130615234
-0.0167236328
-0.0101318359
0.0255737305
0.0114746094
-0.0183105469
-0.0321655273
-0.0086059570
0.0318603516
0.0040893555
0.0036621094
-0.0235595703
0.0186767578
-0.0354614258
-0.0097656250
-0.0184936523
-0.0156250000
-0.0473632812
0.0064086914
-0.0434570312
0.0479125977
0.0512695312
-0.0302734375
0.0561523438
0.1394653320
-0.1237792969
0.1401977539
-0.0688476562
-0.0563964844
0.1325683594
-0.0948486328
-0.1029052734
-0.0850219727
-0.0466918945
0.1245117188
0.1245727539
-0.0194091797
0.1229858398
-0.0114135742
0.0003662109
-0.0081176758
0.0313720703
-0.0041503906
0.0081176758
0.0196533203
0.0401000977
0.0163574219
-0.0247802734
-0.0087280273
-0.0074462891
-0.0086059570
0.0120849609
0.0018920898
0.0162963867
-0.0100708008
-0.1524658203
-0.0309448242
0.1341552734
-0.0455322266
0.1667480469
-0.0787353516
0.1427612305
0.2023315430
-0.0646362305
0.1332397461
-0.1551513672
0.1797485352
0.1305541992
0.1822509766
0.1967773438
0.0285644531
0.0256347656
0.0409545898
0.0158691406
-0.0269775391
-0.0181884766
0.0213623047
0.0294799805
0.0082397461
0.0278320312
0.0178833008
0.0509033203
0.0418090820
-0.0167236328
-0.0409545898
-0.0151977539
-0.1818847656
-0.2070922852
0.0552978516
-0.0678100586
-0.1496582031
0.1643066406
-0.1857910156
-0.1140747070
0.0471191406
0.1829223633
-0.0640869141
0.2313232422
0.0739135742
-0.2615966797
-0.0036621094
-0.1543579102
-0.0468139648
0.0623779297
0.0230712891
-0.0116577148
-0.0825805664
-0.0104980469
-0.0161132812
0.0385131836
-0.0495605469
0.0217895508
0.0198364258
0.0358276367
0.0000610352
-0.0556030273
0.0407714844
0.0781860352
0.2443237305
-0.0118408203
-0.2438354492
0.3356933594
-0.0072021484
-0.2574462891
-0.2933349609
-0.2722778320
-0.2571411133
0.3060302734
-0.1856689453
0.2781372070
0.3402099609
0.0066528320
0.0043334961
-0.2835083008
