-0.0220947266
-0.0333251953
0.0429687500
-0.0011596680
0.0303955078
-0.0010986328
-0.0106811523
0.0415039062
-0.0131835938
-0.0067749023
0.0253906250
0.0180053711
0.0110473633
-0.0093994141
0.0043945312
0.0459594727
0.0845947266
-0.0848388672
0.0139160156
0.1096191406
0.0406494141
-0.0247192383
0.0037231445
-0.1076049805
-0.1132202148
-0.0655517578
0.0576171875
-0.0309448242
-0.0729980469
0.1013793945
-0.0034179688
-0.0107421875
-0.2222290039
-0.0657348633
-0.1121826172
-0.0462646484
-0.0263061523
-0.1731567383
0.1397705078
-0.0058593750
-0.1809082031
-0.1483154297
-0.1240234375
-0.0174560547
-0.0123901367
-0.0950317383
0.0247192383
0.1622924805
-0.1880493164
0.1918945312
0.2786865234
-0.2509155273
0.1707153320
-0.2061767578
-0.1882324219
0.1273193359
-0.1345825195
-0.2167968750
-0.2531127930
-0.2001342773
0.2415161133
0.2449340820
-0.1572875977
0.2296752930
-0.0076293945
-0.0177001953
-0.0123291016
0.0112915039
0.0031738281
0.0072631836
-0.0097045898
-0.0048217773
0.0139770508
-0.0073852539
0.0345458984
0.0251464844
0.0046997070
-0.0145874023
-0.0029907227
0.0571289062
-0.1591796875
-0.2659301758
0.0209960938
0.2105712891
-0.1362304688
0.2829589844
-0.2261962891
0.2421875000
0.2750854492
-0.1802368164
0.2846679688
-0.1948852539
0.2536621094
0.1593627930
0.2985229492
0.4407958984
0.0299682617
0.0393066406
0.0467529297
0.0099487305
-0.0166625977
-0.0449829102
0.0255126953
0.0422363281
-0.0014038086
0.0157470703
-0.0036621094
0.0327758789
0.0068969727
-0.0501098633
-0.0051879883
-0.0537109375
-0.0435791016
-0.0725708008
-0.0177612305
-0.0014038086
-0.1039428711
0.0459594727
-0.1158447266
-0.0546264648
0.0274658203
0.0937500000
0.0247802734
0.0815429688
0.0062866211
-0.0889892578
-0.0718994141
-0.0289306641
-0.0081787109
0.0089111328
0.0297851562
0.0263061523
-0.0502319336
-0.0029296875
-0.0195312500
0.0223388672
-0.0137329102
0.0003662109
-0.0067138672
0.0333251953
0.0540771484
-0.0345458984
0.0142822266
0.0198364258
0.1055908203
0.0132446289
-0.1447143555
0.0753173828
-0.0458984375
-0.1807250977
-0.0581665039
-0.1911621094
-0.1514892578
0.1285400391
0.0500488281
0.1547851562
0.0897827148
0.0109252930
-0.0142822266
-0.1517944336
