-0.0173950195
-0.0443115234
0.0321044922
-0.0097045898
0.0109863281
-0.0154418945
-0.0174560547
0.0924072266
0.0258789062
-0.0579223633
0.0347290039
-0.0010986328
-0.0272827148
-0.0144653320
0.0094604492
0.0335693359
0.0144042969
-0.0030517578
0.0056152344
0.0123291016
0.0253295898
0.0071411133
0.0083007812
-0.0020751953
-0.0195922852
-0.0072631836
0.0132446289
0.0089111328
-0.0113525391
-0.0048217773
0.0072631836
-0.0238037109
-0.0614624023
-0.0324096680
-0.0191040039
-0.0035400391
-0.0258789062
-0.0753784180
0.0460815430
-0.0383300781
-0.0369873047
-0.0311279297
-0.0286865234
0.0226440430
0.0869750977
-0.0272216797
-0.0058593750
0.0658569336
-0.2346801758
0.2189941406
0.3334960938
-0.2567138672
0.2836303711
-0.2432250977
-0.2163085938
0.1788940430
-0.2526855469
-0.2548828125
-0.2481079102
-0.1898193359
0.2272338867
0.2430419922
-0.2404785156
0.2324829102
0.0235595703
0.0352783203
0.0214843750
0.0114746094
0.0322265625
0.0072021484
0.0050659180
-0.0128784180
-0.0037231445
0.0205688477
-0.0040283203
0.0010986328
0.0284423828
0.0012817383
0.0148315430
-0.0070800781
-0.1039428711
-0.1780395508
0.0507812500
0.1423950195
-0.1693115234
0.2289428711
-0.1523437500
0.2167968750
0.2346801758
-0.1719360352
0.1605224609
-0.0576782227
0.2027587891
0.1081542969
0.2177734375
0.2924194336
0.0017089844
0.0111694336
0.0231933594
0.0050048828
0.0079345703
-0.0164794922
0.0153808594
0.0027465820
-0.0184936523
-0.0114135742
0.0215454102
0.0184936523
0.0124511719
0.0001220703
-0.0159912109
-0.0167846680
-0.0434570312
-0.0778198242
0.1263427734
-0.0978393555
-0.1272583008
0.0737915039
-0.1494750977
-0.0989379883
-0.0625000000
0.1644897461
0.0016479492
0.0744018555
0.0805053711
-0.1268310547
-0.0680541992
-0.1575927734
0.0602416992
-0.0724487305
0.0246582031
0.0473022461
0.0957641602
0.0007934570
-0.0300292969
-0.0781860352
0.0556030273
-0.0536499023
-0.0050048828
-0.0786743164
0.0138549805
0.0525512695
-0.0115356445
-0.0694580078
0.0210571289
0.0314331055
0.0069580078
0.0250244141
-0.0081176758
0.0101318359
0.0296020508
-0.0277099609
-0.0119628906
-0.0113525391
0.0031738281
-0.0025634766
0.0239257812
0.0234985352
0.0238647461
-0.0140380859
