0.0025634766
-0.0253295898
0.0294189453
-0.0133056641
0.0385131836
0.0055541992
-0.0281982422
0.0263671875
0.0075683594
-0.0144653320
0.0074462891
0.0097656250
-0.0492553711
-0.0199584961
0.0415039062
0.0199584961
0.0106811523
-0.0161743164
-0.0029296875
0.0078735352
-0.0237426758
0.0187377930
0.0247802734
-0.0128173828
-0.0294799805
0.0008544922
0.0155639648
-0.0217285156
0.0077514648
0.0203247070
0.0004882812
-0.0093383789
-0.1818847656
-0.0914916992
-0.1339721680
0.0490112305
0.0531005859
-0.1780395508
0.1376342773
0.0090332031
-0.1057739258
-0.1138916016
-0.0883178711
-0.0286254883
0.0055541992
-0.1061401367
0.0346069336
0.1563110352
-0.0455932617
0.0998535156
0.1462402344
-0.1997070312
0.1229248047
-0.1274414062
-0.1498413086
0.0917358398
-0.1194458008
-0.1416015625
-0.1400146484
-0.0675659180
0.1239013672
0.1538085938
-0.1115112305
0.1079101562
-0.0196533203
-0.0099487305
-0.0018310547
0.0187988281
-0.0093383789
-0.0141601562
0.0025024414
0.0200805664
0.0001220703
0.0037231445
-0.0067138672
-0.0037231445
0.0202636719
0.0038452148
0.0093994141
0.0052490234
-0.1152954102
-0.2112426758
0.0419921875
0.1569824219
-0.1195068359
0.2597045898
-0.1604614258
0.2039184570
0.2459716797
-0.0703125000
0.2015991211
-0.1925659180
0.1982421875
0.1807861328
0.2689819336
0.3639526367
0.0322875977
-0.0065917969
0.0197143555
-0.0068969727
0.0095214844
-0.0001831055
0.0004272461
0.0072021484
-0.0131835938
-0.0154418945
0.0084838867
0.0014038086
0.0072021484
0.0099487305
0.0100097656
0.0052490234
-0.0072021484
-0.0143432617
0.0344848633
-0.0477294922
-0.0581665039
0.0176391602
-0.0397338867
-0.0591430664
-0.0275268555
0.0875854492
0.0062866211
0.0034179688
0.0517578125
-0.0411376953
-0.0170898438
-0.0416870117
-0.3731079102
0.3327026367
0.0297851562
-0.1176757812
-0.3995361328
0.0120239258
-0.0615234375
0.3768920898
-0.3175048828
0.0003051758
0.0300903320
0.3252563477
0.0453491211
-0.1950073242
0.1390380859
0.3222656250
0.0819702148
0.0183715820
-0.0000610352
0.0230712891
-0.0032348633
0.0230102539
0.0013427734
-0.0144042969
-0.0070190430
0.0324707031
-0.0737915039
-0.0422363281
0.0169677734
-0.0354003906
-0.0137329102
0.0213012695
