-0.0029907227
-0.0003662109
0.0237426758
0.0027465820
-0.0008544922
0.0217285156
-0.0136718750
0.0119018555
0.0074462891
-0.0009765625
0.0166625977
-0.0009765625
-0.0168457031
-0.0092773438
0.0155639648
0.0105590820
0.0216674805
-0.0347900391
0.0134277344
-0.0053710938
0.0584106445
0.0111694336
-0.0045166016
-0.0136108398
-0.0102539062
-0.0178833008
0.0507202148
0.0196533203
-0.0073242188
0.0007324219
-0.0086669922
-0.0419311523
-0.1511840820
-0.0338134766
-0.0856323242
0.0098266602
-0.0488281250
-0.1109008789
0.1206665039
-0.0388793945
-0.1083984375
-0.0473632812
-0.0517578125
-0.0431518555
0.0295410156
-0.0424804688
0.0249023438
0.1029663086
-0.2418212891
0.1853027344
0.3125000000
-0.2102050781
0.2864379883
-0.2706909180
-0.2557373047
0.1109619141
-0.2270507812
-0.2379150391
-0.3128051758
-0.1491699219
0.2731933594
0.2600097656
-0.2112426758
0.2404174805
0.0017089844
-0.0252075195
0.0131835938
0.0084838867
-0.0143432617
-0.0058593750
-0.0059814453
-0.0115966797
0.0092773438
-0.0017700195
0.0043334961
0.0009155273
0.0165405273
-0.0064086914
-0.0009765625
-0.0080566406
-0.1440429688
-0.2257690430
0.1232299805
0.1574096680
-0.1897583008
0.2941284180
-0.2086791992
0.1716918945
0.2677612305
-0.0584716797
0.2191772461
-0.1604003906
0.1915283203
0.2411499023
0.2783813477
0.3926391602
0.0249633789
0.0008544922
0.0144042969
0.0029296875
-0.0083618164
0.0121459961
0.0001831055
0.0261230469
0.0134887695
-0.0075683594
0.0007324219
-0.0110473633
0.0296020508
0.0207519531
-0.0151367188
-0.0257568359
-0.0140991211
0.0003051758
0.0037841797
-0.0177612305
-0.0379638672
0.0450439453
-0.0349121094
-0.0250854492
-0.0494995117
0.0363769531
-0.0135498047
0.0095825195
0.0260620117
-0.0040283203
-0.0173950195
-0.0383300781
0.0056152344
0.0177612305
-0.0006713867
-0.0219116211
-0.0037841797
-0.0098266602
-0.0224609375
0.0017089844
-0.0078735352
0.0120849609
0.0048217773
0.0014038086
0.0299072266
0.0109252930
0.0057373047
0.0040893555
0.0103149414
0.0247192383
0.0072021484
0.0118408203
0.0127563477
0.0135498047
0.0106201172
-0.0073852539
0.0159912109
0.0068969727
-0.0288696289
-0.0100097656
0.0084228516
0.0147705078
0.0000610352
0.0187988281
