-0.2558593750
-0.2727050781
0.2664794922
-0.2291870117
0.2579956055
-0.1682128906
-0.3009033203
0.0923461914
0.1226806641
-0.3101806641
0.3054809570
0.0371704102
-0.3160400391
-0.2781372070
-0.0374755859
0.2698364258
0.0148315430
-0.0206298828
-0.0198364258
0.0153808594
0.0270996094
0.0018310547
-0.0019531250
-0.0178222656
-0.0237426758
-0.0069580078
0.0028686523
-0.0017700195
-0.0141601562
0.0039672852
-0.0128784180
-0.0358276367
-0.0497436523
-0.0386352539
-0.0052490234
0.0087280273
-0.0325317383
-0.0135498047
0.0283813477
0.0010375977
-0.0118408203
-0.0267944336
-0.0071411133
-0.0008544922
0.0480346680
-0.0034179688
0.0153808594
0.0617675781
-0.0679321289
0.1448364258
0.2576293945
-0.2365112305
0.2594604492
-0.1616210938
-0.1758422852
0.2354736328
-0.2380371094
-0.1635742188
-0.1687011719
-0.1214599609
0.1586303711
0.1694335938
-0.1099853516
0.1295166016
0.0381469727
0.0569458008
0.0549926758
-0.0320434570
0.0042724609
0.0291748047
-0.0637207031
0.0170898438
-0.0562744141
0.0106811523
0.0647583008
0.0009765625
0.0269165039
-0.0451660156
0.0070800781
0.0732421875
-0.0239868164
-0.1126708984
-0.0402832031
0.1196289062
-0.1023559570
0.1738281250
-0.0344848633
0.1223754883
0.2075805664
-0.0818481445
0.0880737305
-0.0734252930
0.2269897461
0.1582641602
0.1557006836
0.2371215820
0.0222167969
0.0114746094
-0.0063476562
0.0429077148
-0.0341796875
-0.0205688477
0.0283813477
0.0205688477
0.0101928711
0.0146484375
-0.0140991211
0.0505981445
0.0141601562
0.0122070312
0.0279541016
-0.0216064453
-0.0549316406
-0.1270751953
0.0541381836
-0.0338745117
-0.0965576172
0.1101684570
-0.1414184570
-0.0980834961
0.0203857422
0.1997680664
0.0407714844
0.1008300781
0.0388793945
-0.1517333984
-0.0081176758
-0.0701293945
-0.0867919922
0.0734252930
0.0609130859
0.0170898438
-0.0856933594
0.0355224609
0.0005493164
0.1157836914
-0.1006469727
0.0027465820
0.0432739258
0.0607299805
-0.0214233398
-0.1021728516
0.0710449219
0.0957641602
0.0192260742
-0.0546264648
-0.0563964844
0.1119384766
0.0834350586
-0.0972900391
-0.0415649414
-0.1033935547
-0.1124267578
0.1085205078
0.0010986328
0.1088867188
0.1257934570
0.0618286133
0.0082397461
-0.0887451172
