-0.0061645508
-0.0089111328
0.0307617188
-0.0203247070
0.0202636719
0.0083007812
-0.0330810547
0.0130615234
0.0115966797
-0.0331420898
0.0385131836
-0.0046386719
-0.0228881836
-0.0391845703
-0.0036010742
0.0137329102
0.0639038086
-0.1246948242
-0.0195312500
0.0956420898
0.0033569336
-0.0286254883
0.0447998047
-0.0869140625
-0.0989990234
-0.0529785156
0.0305786133
-0.0327148438
-0.0135498047
0.1104736328
-0.0004272461
-0.0149536133
-0.1133422852
-0.0548706055
-0.0742797852
0.0084228516
0.0113525391
-0.1035766602
0.0560302734
-0.0608520508
-0.0495605469
-0.0679931641
0.0111083984
-0.0176391602
-0.0059814453
-0.0132446289
-0.0175781250
0.0957641602
-0.1264038086
0.1464233398
0.2154541016
-0.2034301758
0.1787109375
-0.1823120117
-0.1912841797
0.1335449219
-0.1196289062
-0.1604614258
-0.1557006836
-0.1210937500
0.1752929688
0.1462402344
-0.1810913086
0.1056518555
-0.1558837891
0.0263061523
-0.1610107422
0.0217285156
-0.0291137695
-0.1290283203
0.1350708008
0.1640625000
0.1420288086
-0.1365966797
-0.0051269531
-0.0696411133
0.0570068359
0.0975341797
-0.0129394531
-0.0051269531
-0.0803222656
-0.1873779297
-0.0418701172
0.1452636719
-0.0621948242
0.1797485352
-0.0936279297
0.1526489258
0.2415771484
-0.1428222656
0.1497192383
-0.0933837891
0.1879272461
0.1408081055
0.1369628906
0.2084350586
0.0005493164
0.3192138672
-0.0108642578
0.3044433594
-0.2393798828
-0.2541503906
0.3461303711
0.3092041016
0.0166625977
0.1567382812
-0.3197631836
-0.0601196289
-0.0027465820
-0.3255615234
0.0119018555
-0.3487548828
-0.0181884766
-0.0791625977
0.0090332031
-0.0092163086
-0.0598144531
0.0573730469
-0.1176147461
-0.0410766602
-0.0102539062
0.1044921875
-0.0918579102
0.0654296875
0.0016479492
-0.0806884766
0.0028686523
-0.0130615234
0.0057983398
0.0170898438
0.0286254883
0.0039672852
-0.0406494141
0.0161132812
-0.0492553711
0.0164794922
-0.0294799805
0.0364379883
0.0388183594
0.0234375000
0.0371093750
-0.0053100586
0.0165405273
0.0037841797
0.0730590820
0.0429687500
-0.0275878906
0.0717163086
-0.0138549805
-0.0123291016
-0.0634765625
-0.0378417969
-0.0248413086
0.0391235352
-0.0945434570
0.0314941406
0.0460815430
-0.0556640625
0.0096435547
-0.0291137695
