-0.0255737305
-0.0016479492
0.0417480469
-0.0178222656
-0.0097656250
0.0306396484
-0.0512084961
-0.0072631836
0.0222778320
-0.0450439453
0.0214843750
-0.0296020508
-0.0166625977
0.0004272461
0.0163574219
0.0026855469
0.0372924805
-0.0338745117
-0.0214233398
0.0487060547
0.0443115234
-0.0006713867
-0.0157470703
-0.0239868164
-0.0368041992
0.0001831055
-0.0209350586
0.0051879883
-0.0170288086
0.0374755859
0.0048217773
-0.0307006836
-0.1110839844
0.0048217773
-0.0579223633
0.0793457031
-0.0438232422
-0.1246948242
0.0832519531
-0.0498657227
-0.0841064453
-0.0855102539
-0.0532836914
-0.0791625977
0.0363159180
-0.0269775391
-0.0322265625
0.1085205078
-0.2705688477
0.1921386719
0.3090820312
-0.2644653320
0.2764892578
-0.2459716797
-0.2247314453
0.1770629883
-0.2422485352
-0.2404785156
-0.2593383789
-0.1409301758
0.2741699219
0.2812500000
-0.2349243164
0.1919555664
-0.0064697266
-0.0115966797
0.0067749023
0.0039062500
0.0010986328
0.0048217773
-0.0075683594
0.0048217773
-0.0005493164
0.0007324219
0.0042114258
0.0057983398
0.0102539062
-0.0029296875
-0.0088500977
-0.0144653320
-0.0966186523
-0.2227783203
0.0297241211
0.1422729492
-0.1868286133
0.2069091797
-0.1238403320
0.1988525391
0.2305908203
-0.1064453125
0.1728515625
-0.0900268555
0.2125854492
0.1136474609
0.2171020508
0.2875976562
0.0599975586
0.0175170898
-0.0201416016
0.0302734375
-0.0211791992
0.0101928711
0.0263061523
0.0628051758
-0.0011596680
0.0134887695
-0.0336914062
-0.0021972656
0.0287475586
-0.0256347656
0.0170898438
-0.0358276367
-0.0330200195
-0.0450439453
0.0184936523
-0.0153198242
-0.0616455078
0.0395507812
-0.0485229492
-0.0408935547
-0.0396118164
0.1001586914
-0.0000610352
0.0464477539
0.0086669922
-0.0511474609
-0.0338134766
-0.0499267578
-0.0109252930
0.0176391602
0.0093383789
-0.0065307617
0.0144653320
0.0139160156
-0.0194702148
0.0147705078
-0.0311889648
0.0002441406
0.0296630859
0.0123291016
0.0236816406
-0.0241088867
0.0103759766
0.0106201172
0.0184936523
0.0379638672
-0.0117797852
0.0480957031
0.0138549805
-0.0114135742
0.0062255859
-0.0095825195
-0.0264282227
0.0053100586
-0.0401611328
0.0181274414
0.0468139648
0.0171508789
-0.0131835938
0.0071411133
