-0.0189819336
-0.0145263672
0.0708618164
-0.0602416992
-0.0053710938
-0.0086669922
-0.0800781250
0.0025024414
0.0010375977
-0.0612792969
0.0173950195
-0.0183105469
-0.0537719727
-0.0441894531
0.0471191406
-0.0016479492
-0.0025024414
-0.0219116211
0.0103149414
0.0119628906
0.0100097656
0.0006713867
0.0139770508
-0.0086669922
-0.0112915039
0.0075073242
0.0364379883
0.0033569336
-0.0144042969
0.0091552734
0.0007934570
-0.0114746094
-0.0769042969
-0.0179443359
-0.0358276367
-0.0333862305
-0.0286865234
-0.0510864258
0.0584716797
-0.0486450195
-0.0120239258
-0.0623779297
-0.0214233398
-0.0484619141
0.0200195312
-0.0322265625
0.0149536133
0.0995483398
-0.0223999023
0.0609130859
0.1138305664
-0.1334228516
0.1475830078
-0.0941162109
-0.0230712891
0.0694580078
-0.0215454102
-0.0658569336
-0.0897827148
-0.0753173828
0.1020507812
0.0838623047
-0.0906982422
0.1175537109
-0.3049316406
0.0664672852
-0.3297119141
0.0310668945
0.1330566406
-0.2988891602
0.3267822266
0.3090209961
0.3464355469
-0.3313598633
0.0844116211
-0.2257690430
0.1087646484
0.2015380859
-0.0536499023
-0.0325317383
-0.0010986328
-0.1505126953
-0.0017700195
0.0511474609
-0.1273193359
0.1091918945
-0.0634155273
0.1116333008
0.1088256836
-0.0479125977
0.1070556641
-0.1094970703
0.0798339844
0.1342773438
0.1253051758
0.1015625000
0.0251464844
-0.0044555664
0.0371093750
0.0023803711
-0.0437622070
0.0165405273
0.0125122070
0.0543823242
0.0205688477
0.0125122070
-0.0006103516
-0.0272827148
0.0516967773
-0.0169677734
-0.0065307617
0.0000000000
-0.0772094727
-0.1068115234
0.0291748047
-0.0281982422
-0.0602416992
0.0548095703
-0.0977783203
-0.0198364258
0.0161132812
0.0963745117
-0.0380249023
0.1460571289
0.0374145508
-0.1596069336
-0.0388183594
-0.0340576172
0.0084838867
-0.0239257812
-0.0048217773
-0.0172729492
-0.0072631836
0.0123291016
-0.0189208984
-0.0028076172
-0.0064086914
0.0234985352
0.0059814453
-0.0049438477
0.0078125000
-0.0127563477
0.0048217773
0.0087890625
0.0139160156
0.0156250000
-0.0466918945
0.0447998047
-0.0230712891
-0.0424804688
-0.0326538086
-0.0330200195
-0.0493774414
0.0568847656
0.0429077148
0.0443115234
0.0414428711
0.0056152344
0.0140380859
-0.0260620117
