-0.0469970703
-0.0144042969
0.0333862305
-0.0714721680
-0.0056152344
-0.0283813477
-0.0454711914
0.0308227539
-0.0179443359
-0.0444335938
0.0339355469
0.0467529297
-0.0252685547
-0.0543823242
0.0352172852
0.0114135742
-0.0075073242
0.0189208984
-0.0252685547
0.0219116211
0.0144653320
0.0267944336
-0.0120239258
0.0005493164
-0.0255126953
0.0020141602
0.0131835938
0.0094604492
0.0405883789
0.0338745117
0.0302734375
-0.0349121094
-0.0881958008
-0.1082153320
-0.0354003906
0.0249633789
0.0303955078
-0.0719604492
0.0628051758
-0.0605468750
-0.0205688477
-0.0639038086
-0.0335693359
0.0047607422
0.0005493164
-0.0681152344
-0.0088500977
0.0940551758
-0.0497436523
0.0199584961
0.1586914062
-0.0836791992
0.1065063477
-0.0541381836
-0.1311645508
0.1576538086
-0.1064453125
-0.0869750977
-0.1397094727
-0.0173339844
0.1372680664
0.0962524414
-0.0715942383
0.0973510742
-0.3124389648
-0.0618896484
-0.2888183594
0.0030517578
-0.0667724609
-0.2960815430
0.3531494141
0.2667846680
0.3439941406
-0.2801513672
-0.1284790039
-0.3028564453
0.0752563477
0.2882080078
-0.0230102539
-0.1842651367
-0.0366821289
-0.0827636719
-0.0240478516
0.0183105469
-0.0413818359
0.0948486328
-0.0382690430
0.0513916016
0.1093139648
-0.0307006836
0.0529785156
-0.1188964844
0.0846557617
0.0912475586
0.0800170898
0.1344604492
0.0076904297
0.0080566406
-0.0002441406
-0.0422363281
0.0075683594
0.0103149414
-0.0080566406
0.0070190430
-0.0191650391
-0.0105590820
0.0128173828
-0.0187988281
-0.0147705078
0.0081787109
-0.0384521484
-0.0000610352
-0.0772094727
-0.1273803711
-0.0167236328
-0.0064086914
-0.1002197266
0.0605468750
-0.1049194336
-0.0625000000
0.0614624023
0.1008300781
-0.1064453125
0.1277465820
0.0365600586
-0.1207885742
-0.0258789062
-0.1178588867
0.0239257812
0.0025024414
-0.0009765625
-0.0014038086
0.0158081055
-0.0014038086
-0.0189819336
-0.0136718750
0.0092773438
0.0044555664
0.0130615234
-0.0140380859
0.0197753906
0.0020751953
0.0026245117
-0.0007934570
0.2156372070
-0.0057373047
-0.1613769531
0.1824951172
-0.0242919922
-0.1542358398
-0.1646728516
-0.1325683594
-0.1332397461
0.1612548828
-0.1659545898
0.1379394531
0.1923828125
-0.0583496094
0.0088500977
-0.1523437500
