-0.0014648438
-0.0089111328
0.0155029297
-0.0353393555
0.0193481445
-0.0233764648
-0.0238037109
-0.0062866211
0.0025024414
-0.0166625977
0.0195922852
-0.0020751953
-0.0069580078
-0.0195922852
0.0367431641
0.0243530273
-0.0014648438
-0.0010986328
-0.0087280273
0.0121459961
0.0116577148
0.0078125000
0.0035400391
-0.0002441406
0.0010986328
-0.0177001953
0.0271606445
-0.0255126953
0.0021972656
0.0133666992
0.0009155273
-0.0101928711
-0.1093750000
-0.0177001953
-0.0679321289
-0.0364990234
0.0291137695
-0.1049804688
0.0896606445
-0.0827636719
-0.0618896484
-0.1049194336
-0.0705566406
-0.0589599609
0.0345458984
-0.0540771484
0.0391235352
0.1264038086
-0.0330200195
0.0635986328
0.1381835938
-0.0697631836
0.0977172852
-0.0868530273
-0.0510253906
0.0853271484
-0.0966186523
-0.0912475586
-0.0769653320
-0.0756835938
0.0488891602
0.0906372070
-0.0525512695
0.0681762695
-0.0466918945
0.0721435547
-0.0473632812
0.0357666016
0.0213623047
-0.0372314453
0.0816040039
0.0724487305
0.0687866211
-0.0524902344
0.0023803711
-0.0460815430
0.0051269531
0.0126342773
-0.0186157227
0.0048217773
-0.0667724609
-0.2170410156
-0.0398559570
0.1804199219
-0.1122436523
0.2185668945
-0.1111450195
0.1883544922
0.2070312500
-0.0903930664
0.1771850586
-0.1490478516
0.1920166016
0.2301635742
0.2205200195
0.2727661133
0.0075073242
0.0062255859
0.0184326172
-0.0143432617
-0.0085449219
-0.0192260742
0.0009765625
0.0084228516
0.0344848633
0.0198364258
0.0221557617
0.0247192383
0.0185546875
-0.0015869141
-0.0038452148
-0.0012207031
-0.2369995117
-0.2551879883
0.0773925781
-0.1147460938
-0.2088012695
0.2075195312
-0.2449340820
-0.1752319336
0.0247192383
0.2335205078
-0.0918579102
0.2570800781
0.0985107422
-0.3064575195
-0.0607299805
-0.2073364258
-0.0825195312
0.1683959961
0.0266723633
0.0018310547
-0.1578979492
0.0522460938
-0.0911865234
0.0614624023
-0.1107177734
0.0828857422
0.0967407227
0.0336303711
0.0461425781
-0.0814819336
0.0927124023
0.1551513672
0.1391601562
0.0313720703
-0.2629394531
0.3021850586
-0.0697021484
-0.3123779297
-0.2518920898
-0.3007202148
-0.2731323242
0.2722778320
-0.1007690430
0.3170776367
0.3038330078
0.0731201172
-0.0248413086
-0.3273315430
