-0.0139770508
-0.0183105469
0.0543212891
-0.0173950195
-0.0217285156
0.0120239258
-0.0203857422
-0.0360717773
-0.0139160156
-0.0086059570
0.0175781250
-0.0183105469
0.0109863281
0.0159301758
-0.0192260742
0.0054931641
0.0309448242
-0.0269165039
0.0086059570
0.0847167969
0.0332031250
-0.0063476562
-0.0186767578
-0.0758666992
-0.0938720703
-0.0043945312
0.0416870117
0.0437011719
-0.0031127930
0.0759887695
0.0115966797
-0.0496826172
-0.0949096680
-0.0119018555
-0.0339965820
-0.0035400391
0.0239868164
-0.0772705078
0.0833129883
-0.0196533203
-0.0553588867
-0.0650634766
-0.0342407227
-0.0321655273
0.0183105469
-0.0356445312
-0.0217895508
0.0779418945
-0.1375122070
0.1324462891
0.1782836914
-0.2449951172
0.2778930664
-0.1424560547
-0.1576538086
0.1546020508
-0.0835571289
-0.1176147461
-0.2089233398
-0.1170043945
0.2390136719
0.1709594727
-0.1703491211
0.1849365234
-0.0034790039
0.0141601562
-0.0034179688
-0.0053100586
0.0043334961
-0.0000610352
0.0042724609
0.0037231445
0.0133056641
0.0019531250
0.0083007812
0.0062866211
0.0015869141
0.0017089844
0.0000000000
0.0142211914
-0.1412963867
-0.2359619141
0.0319824219
0.2181396484
-0.2101440430
0.2902221680
-0.1754760742
0.1996459961
0.3023071289
-0.2250366211
0.2523193359
-0.2258911133
0.2492065430
0.2194824219
0.3195190430
0.4041748047
0.0632934570
0.0242919922
0.0382080078
0.0133056641
-0.0199584961
-0.0186767578
-0.0066528320
0.0193481445
0.0062255859
0.0073852539
0.0380859375
-0.0009765625
0.0269165039
0.0158691406
-0.0316162109
-0.0206298828
-0.1459960938
-0.2327270508
0.0812377930
-0.0372314453
-0.2098388672
0.1918334961
-0.2344360352
-0.1488647461
0.0250244141
0.2315063477
-0.0868530273
0.2070922852
0.0484008789
-0.2396240234
-0.1384277344
-0.1351318359
0.0028686523
-0.0090942383
0.0086669922
0.0082397461
0.0217285156
-0.0185546875
0.0073242188
-0.0021362305
-0.0086669922
0.0226440430
0.0039672852
-0.0016479492
0.0111694336
-0.0136718750
0.0115966797
-0.0072631836
0.0817871094
0.0146484375
-0.0496215820
0.0664062500
0.0341796875
-0.0120239258
-0.0149536133
-0.0363769531
-0.0204467773
0.0458374023
-0.0103759766
0.0396118164
0.0393066406
-0.0429077148
0.0359497070
-0.0235595703
