-0.0902099609
-0.1015014648
0.1892700195
-0.1104736328
0.1936035156
-0.0274047852
-0.1380615234
0.0629272461
0.0247192383
-0.1176757812
0.1831665039
-0.0075073242
-0.1275024414
-0.1554565430
0.0003662109
0.1026000977
0.0332031250
-0.0552978516
-0.0101928711
0.0341186523
0.0410766602
-0.0168457031
-0.0036010742
-0.0534057617
-0.0458984375
0.0123291016
0.0112304688
-0.0010375977
-0.0443115234
0.0210571289
0.0052490234
-0.0035400391
-0.3161010742
-0.2626953125
-0.2963867188
0.0164184570
-0.0911865234
-0.3195190430
0.3084716797
-0.0913085938
-0.3168945312
-0.2836303711
-0.1418457031
-0.1812133789
0.0731811523
-0.0256347656
0.2232666016
0.3057250977
0.0024414062
0.1053466797
0.1035766602
-0.0904541016
0.0770263672
-0.0858764648
-0.0389404297
0.0922241211
-0.0905761719
-0.0875854492
-0.0336914062
-0.0183105469
0.0501708984
0.0607910156
-0.1255493164
0.0932617188
0.0061645508
-0.0044555664
0.0250854492
0.0228271484
0.0043334961
0.0023803711
-0.0055541992
0.0249023438
0.0027465820
0.0053710938
0.0015258789
-0.0211181641
0.0062866211
-0.0008544922
-0.0197143555
-0.0019531250
-0.1174926758
-0.1508178711
-0.0792236328
0.1311035156
-0.0676879883
0.1835327148
-0.1017456055
0.2393188477
0.1942749023
-0.0592041016
0.1337280273
-0.0301513672
0.2670898438
0.0844116211
0.1684570312
0.3034057617
0.0318603516
-0.0064086914
0.0040893555
0.0374755859
-0.0249023438
0.0067138672
0.0481567383
0.0309448242
-0.0259399414
0.0324707031
-0.0004882812
0.0467529297
-0.0271606445
-0.0175170898
-0.0137939453
-0.0275878906
-0.1160888672
-0.1493530273
0.1087646484
-0.0558471680
-0.1486816406
0.1376953125
-0.1605224609
-0.1506347656
-0.0023193359
0.2142944336
-0.0519409180
0.1260375977
0.0794677734
-0.1798095703
-0.0744628906
-0.1307983398
0.0104370117
-0.0099487305
0.0294189453
0.0379028320
-0.0064697266
0.0064697266
-0.0311279297
0.0007934570
0.0078125000
0.0272216797
0.0637817383
-0.0100097656
0.0107421875
0.0104980469
0.0360717773
-0.0063476562
0.0193481445
0.0005493164
-0.0046997070
0.0106201172
0.0093383789
-0.0003662109
0.0069580078
0.0039672852
-0.0076904297
0.0016479492
-0.0003051758
0.0057983398
0.0039672852
-0.0062255859
-0.0164184570
-0.0075073242
