-0.0792846680
-0.0716552734
0.0261230469
-0.0696411133
0.0236206055
-0.0277099609
-0.0638427734
0.0134887695
-0.0362548828
-0.0347290039
0.0831298828
0.0238647461
-0.0881347656
-0.0991821289
0.0448608398
0.0675048828
-0.3111572266
0.3473510742
0.1112670898
-0.3331909180
0.0772094727
0.2802124023
-0.0824584961
0.3485107422
0.3562011719
0.0487060547
0.0218505859
0.0370483398
0.1943969727
-0.3554077148
-0.0339355469
0.0009155273
-0.0197753906
-0.0173339844
-0.0429687500
0.0167236328
0.0012817383
-0.0423583984
0.0051269531
-0.0401000977
0.0012207031
-0.0613403320
-0.0051879883
-0.0371704102
0.0242919922
-0.0221557617
-0.0078125000
0.0394287109
0.0101318359
0.0710449219
0.0574340820
-0.0789184570
0.0196533203
-0.0233764648
-0.0186767578
0.0426025391
-0.0514526367
-0.0480957031
-0.0373535156
-0.0602416992
0.0621948242
0.0591430664
-0.0391235352
0.0311889648
-0.0987548828
-0.0633544922
-0.0775146484
0.0087890625
-0.0597534180
-0.1070556641
0.0863647461
0.0657958984
0.0883178711
-0.1389770508
0.0225830078
-0.1181640625
0.0286865234
0.0634765625
0.0656738281
0.0261230469
-0.0240478516
-0.0131835938
0.0192871094
0.0203247070
0.0135498047
0.0210571289
0.0426635742
0.0170898438
0.0283813477
0.0440673828
0.0131835938
-0.0133666992
0.0020751953
0.0046386719
0.0116577148
-0.0119018555
0.0150146484
0.0062866211
0.0171508789
-0.0017089844
0.0034179688
-0.0009155273
0.0087280273
0.0194091797
0.0025634766
-0.0126953125
-0.0009155273
-0.0044555664
0.0053100586
-0.0167236328
0.0092773438
0.0118408203
-0.1393432617
-0.1747436523
-0.0214843750
0.0398559570
-0.1517944336
0.1289062500
-0.1570434570
-0.0727539062
-0.0003662109
0.1099243164
-0.0592041016
0.1696166992
0.0285034180
-0.1520996094
-0.0130004883
-0.1030273438
-0.0438232422
0.0339965820
-0.0016479492
-0.0323486328
-0.0231323242
0.0189208984
-0.0126342773
0.0537109375
-0.0334472656
-0.0026855469
0.0310668945
0.0501708984
-0.0003662109
-0.0239257812
-0.0254516602
0.0279541016
0.0280761719
0.0438842773
-0.0900268555
0.0981445312
-0.0603637695
-0.0569458008
-0.0579833984
-0.0596923828
-0.0206909180
0.0087280273
0.0155029297
0.0936279297
0.0072021484
0.0382080078
-0.0662231445
-0.1029052734
