-0.0062713623
0.0000457764
-0.0001220703
-0.0053253174
-0.0025634766
-0.0030059814
-0.0108337402
0.0102844238
-0.0099945068
-0.0177307129
-0.0082397461
0.0084838867
-0.0066528320
-0.0179901123
-0.0029144287
0.0006713867
-0.2937011719
0.3266601562
0.1153869629
-0.3409881592
-0.0168304443
0.2587127686
-0.0543975830
0.3372039795
0.3460235596
0.1634521484
-0.0971832275
0.1233367920
0.2491149902
-0.3549041748
0.0272979736
0.0927734375
-0.0011444092
-0.0061035156
0.0242309570
0.0215148926
0.0182495117
0.0077972412
-0.0067749023
-0.0079650879
-0.0033111572
0.0061645508
-0.0151367188
0.0154266357
0.0037841797
-0.0042572021
0.0095520020
-0.0065002441
0.0050659180
-0.0112915039
-0.0180664062
0.0015411377
-0.0051269531
0.0162353516
0.0039672852
0.0119934082
-0.0064697266
-0.0019378662
0.0235595703
0.0219879150
-0.0270690918
-0.0138397217
0.0089263916
-0.0419006348
0.0030364990
0.0099639893
0.0005645752
-0.0076751709
0.0045318604
0.0081176758
0.0088348389
-0.0029602051
-0.0157165527
0.0224151611
0.0064544678
-0.0078735352
0.0015106201
0.0096282959
0.0065155029
0.0024414062
0.0065155029
0.0010223389
0.0090942383
-0.0007324219
0.0047149658
-0.0211334229
0.0119781494
-0.0032958984
0.0039520264
0.0091857910
-0.0049896240
-0.0011901855
-0.0153350830
0.0074615479
-0.0073852539
-0.0413055420
0.0119171143
-0.0025024414
-0.0041809082
0.0040435791
-0.0044860840
0.0106811523
-0.0022277832
0.0003204346
-0.0022125244
-0.0040435791
-0.0035705566
-0.0033111572
0.0036315918
0.0022583008
-0.0019683838
-0.0000152588
0.0085144043
0.0043029785
0.0063476562
0.0001983643
0.0022277832
-0.0079498291
0.0002136230
0.0100860596
-0.0064697266
-0.0043334961
0.0045623779
-0.0089721680
0.0018005371
0.0041809082
0.0033416748
-0.0042724609
-0.0071411133
-0.0085144043
0.0328369141
0.0012054443
0.0173492432
0.0280609131
0.0052947998
-0.0012207031
0.0149078369
-0.0147399902
-0.0057220459
0.0009918213
-0.0190582275
0.0123291016
0.0178680420
-0.0257720947
0.0138244629
-0.0135650635
-0.0000305176
0.0078582764
-0.0104522705
0.0102386475
-0.0039367676
-0.0027313232
0.0062866211
-0.0016937256
-0.0108337402
-0.0062103271
0.0004730225
-0.0098114014
0.0142669678
0.0070648193
