0.0045471191
0.0043640137
-0.0059051514
0.0032501221
-0.0042419434
0.0006103516
0.0079345703
0.0111083984
-0.0022583008
-0.0008544922
0.0025939941
-0.0010986328
0.0052032471
-0.0068359375
0.0002288818
-0.0015258789
-0.0023040771
0.0061187744
-0.0042877197
-0.0010833740
0.0010223389
0.0014190674
-0.0018615723
0.0014343262
0.0017700195
0.0022583008
-0.0095367432
-0.0016326904
0.0101928711
-0.0013885498
-0.0001068115
-0.0029449463
-0.3199768066
-0.2548370361
-0.2713470459
0.0121307373
-0.0697174072
-0.2876586914
0.3043060303
-0.0356140137
-0.3485870361
-0.2756958008
-0.1587219238
-0.2155914307
0.0521087646
-0.0725250244
0.2859344482
0.2754364014
0.0068206787
0.0053863525
0.0058135986
0.0001678467
0.0128936768
-0.0361633301
0.0040435791
0.0181427002
-0.0270843506
-0.0033111572
-0.0075531006
-0.0037841797
-0.0051422119
0.0077819824
-0.0206451416
0.0079956055
0.0043945312
0.0021820068
0.0098724365
-0.0103912354
-0.0000762939
0.0025939941
-0.0048675537
-0.0019531250
-0.0059814453
0.0085601807
-0.0006866455
0.0046691895
0.0011901855
0.0041656494
-0.0003204346
-0.0056610107
-0.0035552979
0.0040130615
0.0053253174
-0.0012512207
0.0040588379
0.0030822754
-0.0011596680
0.0038757324
-0.0007476807
0.0018768311
-0.0041503906
-0.0015106201
0.0018005371
0.0048675537
0.0009002686
0.0027008057
-0.0009307861
0.0041503906
0.0081939697
0.0043640137
-0.0009765625
0.0021514893
0.0019531250
0.0013885498
-0.0036163330
0.0000762939
-0.0017852783
0.0064849854
-0.0012664795
-0.0022277832
0.0021972656
-0.0035095215
0.0025939941
0.0013732910
0.0038604736
0.0023651123
0.0061187744
-0.0110931396
0.0080413818
-0.0018157959
-0.0008087158
0.0017547607
-0.0023803711
0.0003509521
0.0043029785
0.0071411133
0.0016326904
0.0016937256
-0.0047912598
0.0022583008
-0.0067596436
-0.0060882568
-0.0019989014
0.0004425049
-0.0088043213
0.0057067871
-0.0024261475
-0.0013732910
0.0045166016
0.0024108887
-0.0040130615
-0.0076904297
0.0050659180
0.0022277832
0.0067749023
-0.0092620850
0.0045623779
-0.0000915527
0.0126342773
0.0032501221
0.0043182373
0.0030822754
0.0090484619
-0.0063934326
-0.0110168457
-0.0030822754
-0.0031890869
0.0056762695
0.0103912354
-0.0001373291
