0.0034332275
0.0043487549
-0.0020294189
0.0043029785
0.0016021729
0.0067749023
-0.0027770996
0.0026397705
-0.0070037842
0.0044708252
-0.0121612549
-0.0058288574
0.0067901611
0.0135955811
0.0009307861
-0.0072479248
0.0014495850
-0.0001831055
-0.0015106201
-0.0030670166
-0.0055847168
-0.0013580322
-0.0050964355
0.0027770996
0.0020751953
0.0013732910
-0.0027160645
0.0011901855
-0.0006713867
-0.0026702881
0.0053253174
0.0026397705
0.0020751953
0.0023956299
-0.0026092529
0.0012969971
0.0005340576
0.0012207031
-0.0063934326
-0.0018005371
0.0125885010
0.0020141602
-0.0001373291
0.0024261475
0.0021209717
-0.0063476562
-0.0055236816
0.0032348633
-0.0022888184
-0.0061950684
-0.0081024170
0.0048217773
-0.0092163086
-0.0055236816
0.0006103516
-0.0066528320
-0.0046997070
0.0063323975
-0.0094757080
0.0037078857
-0.0037231445
0.0055541992
0.0023498535
0.0011596680
-0.0011596680
-0.0076141357
-0.0050811768
0.0202789307
-0.0069580078
-0.0030670166
0.0007629395
0.0041503906
-0.0062408447
-0.0003662109
-0.0176544189
0.0000305176
-0.0069885254
0.0046081543
-0.0053405762
-0.0061187744
0.0038604736
-0.0050659180
0.0002746582
0.0042419434
-0.0048370361
-0.0044555664
0.0055999756
0.0004119873
0.0039367676
0.0000305176
0.0020599365
0.0051727295
0.0021667480
-0.0013885498
0.0011444092
-0.0025634766
-0.0041961670
-0.0076599121
0.0002136230
-0.0034942627
0.0041961670
0.0064544678
-0.0068054199
-0.0064849854
0.0034332275
-0.0009918213
0.0015716553
0.0134582520
-0.0081634521
0.0072326660
0.0085144043
0.0104522705
0.0030059814
0.0039062500
0.0033874512
0.0009918213
0.0021820068
-0.0040283203
0.0010833740
-0.0028839111
-0.0025482178
0.0030517578
-0.0041961670
-0.0021514893
0.0036773682
0.0052795410
0.0033569336
0.0046997070
-0.3474121094
0.2859954834
0.0698699951
-0.0267028809
-0.3206481934
0.0740356445
-0.1891784668
0.3538970947
-0.3162536621
0.1630554199
0.1386871338
0.3177185059
0.0737152100
-0.2296447754
0.1769104004
0.3092803955
-0.0035705566
-0.0007934570
0.0028686523
0.0040588379
0.0068054199
-0.0043182373
-0.0048675537
0.0023345947
-0.0023498535
0.0053863525
-0.0153045654
0.0027923584
0.0062866211
-0.0001678467
-0.0063476562
-0.0050506592
