-0.2766571045
-0.3305816650
0.2210693359
-0.2290191650
0.3358154297
-0.2115325928
-0.2182159424
0.1541290283
0.2148132324
-0.1668395996
0.3279571533
0.1372680664
-0.2235565186
-0.1726684570
-0.0204925537
0.3162384033
-0.0000457764
0.0005798340
0.0003356934
-0.0015869141
-0.0023345947
-0.0001220703
0.0007171631
0.0015563965
0.0016326904
-0.0012054443
-0.0002593994
-0.0014495850
0.0014343262
-0.0014801025
-0.0031127930
0.0009002686
0.0149993896
0.0051727295
0.0028381348
0.0093994141
-0.0142364502
0.0051422119
-0.0173187256
0.0154571533
-0.0013732910
0.0151062012
0.0003051758
0.0161437988
-0.0238494873
-0.0173339844
-0.0119171143
-0.0135650635
-0.0079498291
0.0110015869
0.0112609863
-0.0085296631
0.0020904541
-0.0034332275
-0.0043334961
0.0082855225
0.0029907227
-0.0071716309
-0.0081481934
-0.0092163086
0.0127716064
0.0128936768
-0.0081329346
0.0052795410
-0.0031738281
-0.0046844482
-0.0042724609
-0.0298004150
-0.0052642822
0.0012664795
0.0005493164
0.0079650879
-0.0077056885
0.0019378662
0.0136108398
-0.0021209717
0.0032348633
0.0008392334
0.0184020996
-0.0015716553
0.0031433105
0.0005798340
0.0158691406
0.0049743652
-0.0211639404
0.0022125244
0.0031890869
0.0041198730
0.0120391846
0.0006713867
0.0035400391
-0.0011444092
-0.0015869141
0.0233917236
0.0081939697
0.0074462891
0.0069580078
-0.0075531006
0.0037078857
-0.0121307373
0.0082550049
-0.0037078857
-0.0079193115
-0.0027923584
0.0060882568
0.0014648438
0.0007629395
-0.0055847168
0.0039520264
0.0013580322
-0.0012969971
0.0053100586
-0.0028533936
0.0005340576
-0.0052795410
0.0010833740
-0.0000152588
0.0106201172
0.0026245117
0.0023193359
-0.0036621094
-0.0046691895
0.0205078125
-0.0084533691
-0.0047454834
0.0059661865
-0.0011749268
0.0065612793
-0.0003356934
0.0006866455
0.0044708252
0.0036010742
-0.0046997070
-0.0003204346
0.0054931641
0.0035247803
-0.0065765381
-0.0005035400
-0.0043792725
0.0063476562
0.0008239746
0.0000915527
-0.0066986084
0.0050201416
0.0012664795
-0.0093841553
0.0001983643
-0.0059509277
0.0097961426
0.0003204346
-0.0008544922
0.0015563965
-0.0047760010
0.0043334961
0.0036010742
-0.0001983643
-0.0015106201
0.0009307861
-0.0000762939
0.0066223145
