-0.2652282715
-0.3145904541
0.1832580566
-0.2934112549
0.3320617676
-0.2704620361
-0.2275085449
0.0327453613
0.1999816895
-0.1820678711
0.3054504395
0.1010131836
-0.2431640625
-0.1879730225
-0.0651397705
0.3261413574
0.0018157959
-0.0006713867
-0.0025024414
0.0020294189
-0.0003051758
-0.0018615723
-0.0046844482
-0.0014801025
-0.0023193359
-0.0009765625
0.0026702881
-0.0074768066
-0.0016784668
0.0014038086
-0.0052795410
0.0024261475
-0.0023803711
-0.0080261230
0.0018310547
0.0022277832
-0.0030212402
-0.0040283203
-0.0001220703
0.0002746582
-0.0039978027
-0.0016174316
-0.0050048828
-0.0054931641
-0.0036010742
-0.0034790039
0.0035858154
0.0008392334
-0.0093536377
0.0060577393
-0.0027770996
0.0039672852
-0.0021972656
0.0051116943
0.0030212402
0.0088653564
0.0039062500
0.0002288818
-0.0058135986
0.0016174316
0.0046081543
0.0116271973
-0.0041656494
0.0080413818
-0.0085449219
0.0079193115
-0.0062866211
-0.0332489014
-0.0178680420
0.0011749268
0.0024108887
0.0190734863
-0.0058593750
-0.0010681152
0.0319976807
-0.0003204346
0.0040893555
-0.0019073486
0.0238342285
0.0216369629
-0.0015106201
0.0062713623
0.0236511230
-0.0086364746
-0.0116882324
0.0025482178
0.0029907227
-0.0064849854
0.0104064941
0.0100555420
-0.0090179443
-0.0065765381
-0.0068969727
0.0135498047
-0.0003509521
-0.0068206787
0.0107421875
-0.0033874512
0.0055541992
-0.0071563721
0.0070648193
-0.0018157959
-0.0102691650
-0.0134429932
0.0051422119
-0.0024566650
0.0188293457
-0.0144653320
-0.0032348633
0.0073394775
-0.0060424805
0.0133361816
0.0021667480
0.0028686523
-0.0058746338
-0.0015716553
0.0009765625
-0.0013580322
0.0054626465
0.0005798340
0.0003814697
-0.0015563965
0.0008850098
-0.0049591064
-0.0009460449
0.0075683594
0.0020751953
0.0064697266
-0.0010681152
0.0012054443
-0.0030212402
0.0070953369
-0.0030059814
-0.0010070801
-0.0003204346
0.0005035400
0.0006408691
0.0037384033
0.0003509521
-0.0018920898
-0.0027313232
0.0019683838
-0.0014953613
-0.0002441406
-0.0023803711
-0.0016021729
0.0006561279
-0.0029144287
0.0086059570
-0.0018005371
0.0000915527
0.0013122559
-0.0026397705
0.0018920898
-0.0001678467
0.0005645752
-0.0004425049
0.0006561279
-0.0037689209
0.0018005371
