0.0023956299
-0.0086669922
0.0054626465
-0.0082855225
0.0186157227
-0.0151367188
-0.0059204102
0.0083007812
-0.0037994385
-0.0014953613
0.0070953369
0.0028533936
-0.0104370117
0.0037231445
0.0101928711
0.0146331787
0.0033416748
-0.0013275146
-0.0022430420
0.0048217773
0.0041961670
-0.0028686523
-0.0021972656
-0.0053100586
-0.0048522949
-0.0016021729
-0.0005035400
-0.0000152588
-0.0006256104
0.0045166016
0.0030517578
-0.0015869141
0.0200805664
0.0056152344
0.0302276611
0.0131988525
0.0025939941
0.0141143799
-0.0039825439
0.0054168701
0.0082397461
0.0330505371
-0.0049743652
0.0042419434
-0.0067749023
-0.0028839111
-0.0091247559
-0.0305328369
-0.2980499268
0.2009887695
0.2881317139
-0.2128143311
0.2737426758
-0.2062988281
-0.2330932617
0.1478729248
-0.1847381592
-0.2000274658
-0.2313232422
-0.1561889648
0.2693023682
0.2591705322
-0.2835540771
0.2186279297
0.0131683350
-0.0017089844
0.0128326416
0.0090026855
-0.0019836426
0.0135650635
-0.0128784180
-0.0177154541
-0.0104522705
0.0123596191
0.0193786621
0.0035552979
0.0001678467
-0.0045013428
-0.0134429932
0.0120849609
-0.0080108643
-0.0111541748
0.0054016113
-0.0052795410
-0.0084991455
0.0060882568
0.0005645752
-0.0018157959
0.0203704834
-0.0107879639
0.0098266602
-0.0137329102
-0.0016326904
-0.0272979736
0.0084838867
-0.0067138672
0.0067749023
0.0089111328
0.0043640137
0.0103912354
-0.0027008057
-0.0040740967
0.0033874512
0.0005798340
0.0025787354
-0.0133514404
0.0023498535
0.0049438477
0.0078277588
-0.0041961670
0.0063629150
-0.0123291016
0.0217895508
0.0213165283
-0.0166931152
0.0226898193
0.0158233643
-0.0210876465
0.0192871094
0.0190277100
-0.0035247803
-0.0189819336
0.0043029785
-0.0209655762
-0.0195312500
0.0193634033
0.0144348145
0.0015563965
-0.0031280518
0.0010681152
0.0004730225
0.0086669922
-0.0010223389
0.0110015869
-0.0020141602
0.0041656494
-0.0094909668
-0.0039367676
-0.0047912598
0.0043640137
0.0096893311
-0.0149993896
0.0019836426
0.0029754639
0.0022430420
0.0095520020
0.0046691895
-0.0037841797
-0.0081634521
0.0002288818
0.0033416748
-0.0005035400
-0.0064697266
0.0022735596
-0.0026245117
-0.0008850098
0.0003509521
0.0041809082
-0.0088958740
0.0066986084
