-0.0054016113
-0.0023040771
-0.0026092529
-0.0172119141
0.0355377197
-0.0150451660
-0.0181427002
0.0023498535
-0.0084075928
-0.0047454834
0.0117034912
0.0001983643
-0.0151214600
-0.0151672363
-0.0011444092
0.0095672607
-0.0122833252
0.0061645508
0.0062255859
-0.0145111084
0.0086975098
0.0087280273
0.0038452148
0.0143432617
0.0172576904
-0.0022735596
-0.0019836426
0.0020294189
-0.0000305176
-0.0151214600
0.0020904541
-0.0031585693
0.0030975342
-0.0019531250
0.0029296875
0.0035247803
-0.0029907227
0.0013427734
-0.0075378418
-0.0098876953
0.0002746582
-0.0100402832
-0.0022430420
0.0043029785
-0.0019836426
-0.0064697266
-0.0040740967
0.0039825439
0.0031738281
-0.0004882812
-0.0176696777
-0.0058135986
0.0154418945
-0.0055236816
0.0188293457
0.0090637207
0.0028228760
0.0077056885
0.0108489990
-0.0037078857
-0.0012817383
0.0222167969
0.0085754395
-0.0081787109
0.0059204102
0.0118713379
-0.0012054443
0.0008697510
0.0175323486
0.0094757080
0.0107421875
0.0075073242
-0.0128479004
0.0153808594
-0.0059356689
0.0065155029
-0.0185852051
0.0027770996
0.0162200928
0.0171813965
-0.0176696777
-0.0048828125
0.0375823975
0.0047454834
0.0064239502
0.0187225342
-0.0004272461
0.0091705322
0.0182189941
0.0004730225
0.0077667236
0.0014038086
-0.0013275146
0.0100708008
0.0250396729
0.0136718750
-0.0006256104
-0.0037994385
-0.0000457764
-0.0217895508
0.0132751465
-0.0210571289
-0.0160675049
-0.0041046143
0.0489959717
-0.0000762939
0.0285644531
-0.0178833008
0.0292053223
0.0053100586
-0.0080718994
0.0019836426
0.0154876709
0.0119934082
-0.0038299561
0.0287322998
0.0212554932
-0.0038909912
0.0172882080
-0.0082092285
-0.0063934326
-0.0036010742
0.0177307129
0.0068664551
-0.0149993896
0.0062408447
0.0051269531
0.0051422119
-0.3155822754
0.3545532227
0.0043182373
0.0748443604
-0.3916168213
0.0028228760
-0.1333465576
0.2876586914
-0.2947235107
0.1408996582
0.1618499756
0.1939392090
-0.0055389404
-0.2328796387
0.0102691650
0.3449554443
-0.0447998047
0.0076141357
0.0231781006
-0.0190277100
-0.0031738281
0.0012054443
0.0370635986
-0.0019836426
0.0046386719
-0.0193328857
-0.0234680176
-0.0020446777
-0.0056457520
0.0077972412
-0.0057067871
-0.0090942383
