0.0053100586
0.0032348633
-0.0028076172
0.0061798096
-0.0105285645
0.0047302246
0.0020599365
-0.0021209717
-0.0099182129
0.0020599365
-0.0078735352
-0.0021820068
0.0040740967
0.0090179443
-0.0016937256
-0.0043640137
-0.0012817383
0.0025329590
-0.0014801025
-0.0008087158
-0.0062561035
-0.0000610352
-0.0013580322
0.0013275146
0.0005493164
-0.0060424805
0.0009918213
-0.0028533936
0.0009460449
-0.0009307861
-0.0049285889
-0.0013580322
0.0007781982
0.0034027100
-0.0011901855
-0.0001831055
0.0019378662
-0.0013427734
-0.0048217773
-0.0106048584
0.0073089600
-0.0033416748
-0.0062408447
0.0074920654
0.0019531250
-0.0089111328
0.0005798340
0.0089721680
-0.0074462891
-0.0068664551
-0.0006256104
0.0090789795
-0.0058441162
0.0047912598
0.0037994385
-0.0007476807
0.0077819824
0.0048370361
-0.0088806152
0.0045776367
0.0039978027
-0.0079193115
0.0000152588
0.0039672852
-0.0044250488
-0.0178985596
-0.0088653564
0.0225830078
0.0078735352
-0.0048370361
0.0030212402
0.0078277588
0.0004577637
-0.0062561035
-0.0113830566
-0.0026245117
-0.0081329346
0.0038604736
0.0012054443
-0.0012207031
0.0073394775
-0.0027465820
-0.0013275146
0.0108337402
-0.0023651123
-0.0074615479
0.0107727051
-0.0043487549
-0.0021209717
0.0088653564
0.0002136230
0.0057220459
0.0029907227
0.0073852539
-0.0077362061
-0.0031890869
0.0067901611
0.0116119385
0.0180206299
0.0064239502
0.0003662109
-0.0133056641
-0.0016632080
-0.0032348633
0.0204162598
-0.0083007812
0.0059509277
-0.0078735352
0.0089416504
-0.0091400146
-0.0038909912
-0.0086364746
-0.0099487305
-0.0032501221
0.0040283203
-0.0049285889
-0.0035095215
-0.0006256104
-0.0053710938
0.0038299561
-0.0016632080
-0.0006866455
-0.0014801025
-0.0017089844
0.0106201172
-0.0017547607
-0.0066680908
0.0021209717
-0.3778686523
0.3166351318
-0.0458984375
-0.0018005371
-0.3859405518
-0.0489349365
-0.0366668701
0.3465728760
-0.3533630371
0.0940246582
-0.0370788574
0.3295440674
0.0023498535
-0.1545715332
0.0774078369
0.3152465820
0.0043792725
-0.0016937256
-0.0053863525
0.0024719238
-0.0023193359
0.0012969971
-0.0081787109
0.0018310547
0.0006561279
0.0053253174
0.0028076172
0.0012359619
0.0021209717
-0.0029907227
0.0005340576
0.0001983643
