-0.0014801025
0.0111846924
-0.0120391846
-0.0034484863
0.0086669922
-0.0080718994
0.0046081543
0.0051879883
0.0043029785
-0.0011596680
-0.0124053955
-0.0013580322
0.0027923584
-0.0046234131
0.0053253174
-0.0083770752
-0.0025939941
0.0026397705
-0.0006713867
-0.0010223389
0.0000000000
0.0017242432
-0.0013275146
0.0010223389
0.0005798340
-0.0010681152
0.0005340576
-0.0024414062
-0.0011596680
-0.0009307861
-0.0003356934
0.0008850098
0.0000000000
0.0006408691
0.0028381348
-0.0046234131
0.0096282959
-0.0035705566
-0.0078887939
-0.0109100342
0.0065917969
-0.0135192871
-0.0011444092
-0.0029449463
0.0030670166
-0.0116882324
0.0181884766
0.0119476318
0.0005187988
0.0031280518
0.0018310547
0.0026702881
-0.0038909912
-0.0086669922
0.0029144287
0.0103607178
-0.0059204102
0.0053558350
0.0049743652
-0.0003662109
0.0016784668
0.0041961670
0.0101318359
-0.0137481689
-0.3108520508
0.0024261475
-0.2774047852
0.0073394775
-0.0610504150
-0.3247070312
0.3523254395
0.2969055176
0.3086547852
-0.2798919678
-0.0923461914
-0.3144226074
0.0670471191
0.3224334717
0.0636444092
-0.0628967285
-0.0027618408
0.0012512207
-0.0075836182
-0.0053558350
0.0061950684
-0.0115966797
0.0162506104
0.0063781738
-0.0022430420
-0.0013122559
-0.0063018799
0.0020141602
-0.0110778809
-0.0145721436
-0.0109863281
-0.0189514160
0.0011138916
-0.0117492676
0.0050811768
0.0020141602
0.0024871826
0.0149536133
-0.0031890869
-0.0064086914
-0.0065612793
-0.0152893066
-0.0031890869
-0.0031890869
-0.0139160156
0.0073852539
0.0047454834
0.0107574463
-0.0018615723
0.0042114258
-0.0004272461
-0.0010986328
0.0054168701
0.0010223389
0.0051116943
0.0029296875
-0.0092926025
-0.0044403076
0.0010528564
0.0012359619
0.0005187988
-0.0005798340
0.0030517578
-0.0012207031
-0.0177612305
0.0143737793
0.0016784668
-0.0048675537
-0.0089111328
0.0056762695
-0.0211181641
0.0135040283
-0.0093536377
0.0015869141
0.0180206299
0.0089569092
-0.0019378662
-0.0109405518
-0.0112457275
0.0099029541
0.0032196045
0.0059356689
0.0154113770
-0.0074462891
-0.0081787109
0.0239257812
0.0138702393
0.0094451904
0.0188598633
-0.0191040039
-0.0182952881
-0.0234375000
-0.0147552490
-0.0019989014
-0.0030364990
0.0187225342
