0.0027160645
-0.0026855469
0.0036163330
-0.0010528564
-0.0007324219
-0.0002136230
-0.0032348633
-0.0038604736
-0.0074920654
-0.0041961670
-0.0027160645
0.0017242432
-0.0047607422
0.0029602051
0.0010375977
0.0047454834
0.0038604736
-0.0001220703
-0.0041351318
0.0054473877
-0.0109252930
-0.0034027100
0.0006561279
-0.0068664551
-0.0059814453
-0.0029449463
0.0025787354
0.0036468506
-0.0017242432
0.0051269531
0.0008087158
-0.0035858154
0.0271453857
0.0122375488
0.0232543945
0.0043487549
0.0113220215
0.0173950195
-0.0114440918
-0.0078735352
0.0164031982
0.0291290283
0.0014953613
0.0063171387
-0.0011138916
-0.0169372559
-0.0034332275
-0.0268402100
-0.2870178223
0.1953582764
0.2761840820
-0.1871337891
0.2466583252
-0.2492980957
-0.2222900391
0.0642547607
-0.1793670654
-0.2225799561
-0.2886810303
-0.1875762939
0.2864990234
0.2552185059
-0.2702789307
0.2765502930
0.0035400391
-0.0014343262
-0.0008544922
0.0041198730
0.0036315918
0.0019073486
0.0000000000
-0.0103454590
-0.0004272461
0.0017700195
0.0007171631
-0.0043334961
-0.0021514893
-0.0014038086
-0.0045166016
-0.0032196045
0.0128936768
-0.0142669678
-0.0100097656
0.0145111084
0.0049285889
-0.0206909180
0.0192413330
-0.0219421387
-0.0066833496
-0.0091400146
0.0043182373
0.0045623779
0.0097961426
-0.0222320557
-0.0133514404
-0.0113983154
0.0014801025
0.0068359375
0.0011291504
0.0049438477
-0.0038146973
-0.0021972656
0.0018005371
-0.0006866455
0.0014038086
0.0038452148
0.0023345947
0.0056304932
-0.0036468506
0.0023040771
-0.0012359619
-0.0051269531
0.0147399902
0.0204925537
-0.0206604004
0.0255279541
0.0123748779
-0.0236358643
0.0159301758
0.0171813965
-0.0012207031
-0.0170288086
0.0120849609
-0.0219879150
-0.0130004883
0.0186920166
0.0048522949
0.0138702393
0.0118713379
-0.0208740234
0.0139617920
0.0114746094
0.0177001953
0.0253143311
-0.0093231201
0.0035705566
-0.0130920410
0.0168304443
-0.0141143799
0.0095520020
0.0277709961
-0.0088653564
-0.0049438477
-0.0103454590
-0.0023498535
-0.0022888184
0.0046234131
-0.0038757324
0.0009918213
0.0016326904
0.0014953613
0.0015411377
-0.0004577637
0.0011444092
-0.0066375732
-0.0026855469
-0.0031585693
-0.0006408691
0.0010375977
0.0080871582
