0.0032501221
0.0126647949
-0.0295104980
-0.0115509033
-0.0287322998
-0.0030517578
0.0087432861
-0.0050811768
-0.0032348633
0.0052947998
-0.0011901855
0.0145568848
0.0032348633
-0.0176086426
0.0187377930
-0.0002288818
-0.3198089600
0.3285064697
0.1309204102
-0.3461151123
0.0805969238
0.2796020508
-0.1014556885
0.3427276611
0.3615264893
0.0892486572
-0.0046539307
0.0915985107
0.2074584961
-0.3631439209
-0.0175170898
-0.0014495850
0.0023803711
-0.0004577637
0.0013580322
0.0014495850
0.0012664795
0.0029449463
-0.0003204346
-0.0014648438
0.0013275146
0.0028076172
0.0040283203
-0.0042419434
0.0021362305
0.0000610352
0.0000610352
-0.0034179688
0.0004119873
-0.0006561279
0.0131225586
-0.0095977783
0.0211486816
0.0002288818
-0.0066375732
0.0090026855
-0.0205383301
-0.0106353760
0.0048980713
0.0176086426
0.0118865967
-0.0086822510
-0.0032653809
-0.0120849609
0.0054931641
0.0029296875
0.0022888184
-0.0062561035
0.0017547607
0.0073394775
-0.0000915527
-0.0131072998
-0.0068054199
0.0077972412
-0.0040740967
-0.0043487549
0.0052947998
-0.0090789795
0.0092773438
0.0021972656
-0.0016326904
0.0177307129
0.0165252686
-0.0079956055
0.0189514160
-0.0144805908
0.0131072998
-0.0101013184
-0.0008392334
0.0231475830
-0.0147399902
0.0031585693
-0.0215301514
0.0022888184
-0.0015411377
-0.0360717773
0.0077819824
-0.0030364990
0.0228881836
-0.0090637207
-0.0008239746
0.0041656494
-0.0024261475
-0.0018157959
0.0152740479
-0.0191192627
0.0224609375
-0.0124511719
0.0068969727
0.0053405762
-0.0291290283
-0.0001831055
-0.0009918213
-0.0015106201
0.0009002686
-0.0016174316
-0.0026397705
0.0036621094
-0.0036468506
0.0023651123
-0.0097045898
0.0029754639
-0.0022735596
-0.0049133301
-0.0023498535
0.0009002686
0.0033721924
-0.0083160400
-0.0135040283
0.0086059570
0.0096435547
0.0081787109
-0.0078277588
0.0032348633
-0.0002288818
0.0078582764
-0.0049591064
-0.0060119629
0.0018615723
0.0070648193
-0.0032958984
-0.0138092041
0.0170898438
0.0045471191
0.0012207031
-0.0003509521
-0.0007476807
0.0026092529
-0.0000305176
0.0011291504
-0.0006866455
-0.0012207031
0.0033874512
-0.0012359619
-0.0007781982
0.0006713867
-0.0004119873
-0.0055694580
0.0031738281
-0.0006713867
