0.0010681152
0.0013275146
-0.0076141357
0.0039367676
0.0050506592
0.0059204102
0.0030212402
0.0139160156
-0.0044555664
0.0049133301
0.0030364990
0.0101165771
0.0161895752
0.0032196045
0.0098419189
-0.0045166016
-0.3226776123
0.3333587646
0.1156921387
-0.3410949707
-0.0868072510
0.2669830322
-0.0565795898
0.3231506348
0.3550720215
-0.0254058838
0.1423797607
0.0375213623
0.1871032715
-0.3538665771
-0.1321258545
-0.0928344727
0.0075683594
-0.0309448242
-0.0112457275
0.0145263672
-0.0137634277
0.0045318604
-0.0021514893
-0.0078735352
0.0243530273
0.0224304199
0.0040588379
-0.0202484131
0.0075988770
0.0225219727
-0.0105438232
-0.0109252930
-0.0019226074
-0.0003204346
0.0040435791
0.0052642822
0.0022735596
0.0102233887
-0.0065155029
-0.0043945312
-0.0026702881
-0.0020751953
0.0153656006
0.0061340332
-0.0087432861
-0.0100402832
-0.0025482178
-0.0161285400
0.0083160400
0.0255432129
0.0100097656
0.0033721924
-0.0191497803
0.0095825195
-0.0106506348
-0.0134429932
-0.0042572021
0.0055236816
0.0131225586
0.0095825195
0.0081787109
-0.0146331787
-0.0094146729
0.0138397217
0.0040130615
0.0043182373
-0.0131072998
-0.0108489990
-0.0012054443
0.0009460449
-0.0039978027
0.0012969971
-0.0039215088
0.0070800781
-0.0142822266
0.0038452148
-0.0055847168
-0.0058135986
-0.0023651123
-0.0091705322
0.0036621094
0.0031280518
0.0059356689
-0.0009307861
-0.0033264160
-0.0051727295
-0.0008392334
0.0010528564
0.0085754395
0.0096893311
0.0086212158
-0.0020294189
-0.0047912598
0.0049133301
-0.0072631836
0.0033874512
0.0014038086
0.0048217773
-0.0027465820
0.0154724121
0.0014801025
0.0152282715
0.0042114258
-0.0093231201
0.0093383789
-0.0015716553
0.0066528320
-0.0028686523
-0.0013732910
0.0065002441
0.0147857666
0.0057373047
-0.0022430420
-0.0023651123
0.0020751953
-0.0014190674
0.0018463135
0.0013885498
0.0064239502
0.0041046143
-0.0020446777
-0.0084991455
-0.0030670166
0.0074615479
0.0021820068
-0.0027770996
0.0064392090
-0.0015563965
-0.0128784180
-0.0024414062
0.0052032471
0.0010375977
-0.0086212158
-0.0025787354
0.0036163330
0.0005798340
0.0018920898
-0.0028381348
-0.0082244873
-0.0006103516
0.0001831055
-0.0138854980
0.0061645508
-0.0000152588
