-0.0005035400
0.0025634766
-0.0036010742
0.0000152588
-0.0010986328
-0.0007781982
0.0020599365
0.0006256104
0.0032196045
0.0003814697
-0.0039825439
0.0003204346
0.0054473877
0.0025482178
-0.0018920898
-0.0050201416
-0.0045013428
0.0055694580
0.0024108887
-0.0037994385
-0.0061950684
0.0041351318
-0.0014343262
0.0023040771
0.0030670166
0.0019226074
-0.0002899170
0.0113677979
0.0032501221
-0.0023040771
0.0042114258
0.0004730225
-0.0010833740
0.0003051758
-0.0053863525
-0.0004730225
-0.0033416748
0.0000000000
-0.0001678467
-0.0007019043
0.0017089844
0.0001068115
-0.0094146729
0.0039062500
-0.0050964355
0.0023193359
-0.0072937012
0.0010528564
-0.0143432617
-0.0089569092
-0.0221710205
0.0289001465
0.0005645752
0.0152435303
0.0242614746
0.0010528564
0.0255737305
0.0219421387
0.0064392090
0.0146179199
0.0071105957
-0.0011901855
0.0086059570
0.0031280518
0.0003967285
-0.0026855469
-0.0001678467
-0.0071716309
-0.0002136230
0.0023956299
-0.0025634766
-0.0047149658
-0.0033264160
-0.0008697510
0.0042266846
-0.0020599365
-0.0017852783
-0.0007781982
0.0032653809
0.0028076172
-0.1369476318
-0.0803680420
0.2320861816
0.0234680176
-0.2064208984
0.3189697266
-0.2649536133
0.0553436279
0.2827453613
0.0729064941
0.1783142090
-0.2711181641
-0.0223236084
0.3439636230
0.3214874268
0.4380645752
0.0008392334
0.0000457764
0.0089111328
-0.0007171631
0.0041961670
0.0007934570
-0.0058441162
-0.0044097900
-0.0008392334
0.0041198730
0.0037231445
-0.0016479492
-0.0033264160
0.0046539307
-0.0027160645
0.0030364990
0.0035705566
0.0024719238
0.0083007812
0.0067749023
-0.0015258789
-0.0030975342
-0.0043334961
0.0014495850
0.0039825439
-0.0028686523
-0.0078430176
-0.0008392334
0.0033416748
-0.0030212402
-0.0006103516
-0.0053558350
0.0135345459
-0.0163269043
0.0081176758
-0.0018615723
0.0106353760
0.0124664307
0.0150299072
-0.0050354004
-0.0060119629
0.0102691650
0.0016021729
0.0074920654
0.0054016113
-0.0101013184
0.0009460449
-0.0018005371
-0.0076904297
-0.0028533936
-0.0012207031
-0.0028533936
-0.0037994385
-0.0054779053
-0.0000762939
-0.0060272217
-0.0073547363
0.0025329590
0.0005340576
0.0034942627
0.0012969971
0.0020599365
-0.0037231445
-0.0008239746
