0.0011901855
0.0008697510
-0.0018463135
0.0029449463
-0.0076293945
0.0076599121
0.0006256104
0.0142669678
-0.0186462402
0.0005950928
-0.0133514404
0.0173034668
0.0063781738
-0.0007781982
0.0002136230
0.0054779053
-0.0000305176
-0.0016784668
0.0089416504
-0.0039520264
-0.0047454834
0.0010528564
0.0083923340
0.0027923584
0.0037078857
-0.0066986084
-0.0041503906
0.0061798096
0.0016784668
-0.0058898926
-0.0041809082
-0.0094146729
0.0014190674
-0.0036773682
-0.0068206787
0.0063018799
0.0019378662
-0.0037994385
-0.0052795410
0.0043792725
-0.0004730225
-0.0083465576
0.0006866455
0.0051422119
-0.0036163330
-0.0017242432
0.0048675537
0.0057678223
-0.0138549805
-0.0235290527
-0.0605316162
-0.0081329346
-0.0227966309
0.0028686523
0.0703887939
-0.0279693604
-0.0196228027
-0.0113983154
-0.0059661865
-0.0040588379
-0.0491485596
-0.0091247559
0.0277862549
-0.0268096924
0.0068206787
-0.0101165771
0.0078582764
-0.0073699951
0.0021667480
0.0062866211
-0.0097808838
-0.0142211914
0.0007171631
-0.0007781982
0.0032348633
0.0026702881
-0.0008850098
-0.0013275146
-0.0020904541
0.0058441162
-0.0001373291
-0.0049285889
-0.0010681152
0.0135498047
0.0140380859
0.0027465820
0.0038909912
-0.0002899170
-0.0044708252
-0.0133361816
0.0061187744
0.0042266846
-0.0009307861
-0.0077972412
0.0063476562
0.0149841309
-0.0033721924
0.0143585205
-0.0062866211
0.0053863525
-0.0032348633
-0.0144348145
0.0132904053
0.0107574463
0.0042419434
-0.0026550293
-0.0063629150
0.0105895996
-0.0040740967
-0.0133666992
0.0010070801
-0.0132141113
0.0009765625
0.0087738037
-0.0038299561
0.0128326416
0.0032043457
-0.0086517334
0.0133819580
-0.0094604492
0.0145874023
0.0019989014
0.0032958984
-0.0119323730
0.0107727051
0.0169830322
-0.0021667480
0.0096740723
0.0014190674
0.0018615723
-0.0015258789
-0.0093841553
0.0003662109
0.0052490234
-0.0030822754
-0.0084991455
0.0031585693
0.0057678223
-0.0075988770
-0.0089111328
0.0123291016
0.0079345703
-0.0001983643
-0.0011901855
0.0687103271
-0.0395050049
-0.2426300049
0.2000274658
-0.0027008057
-0.3298797607
-0.1803588867
-0.3004608154
-0.3218231201
0.2795562744
0.0160522461
0.3377532959
0.2681732178
0.1522216797
-0.0277557373
-0.3279266357
