-0.0011596680
-0.0011138916
-0.0010070801
0.0032196045
0.0032196045
0.0083770752
0.0067901611
-0.0023193359
-0.0021514893
0.0061798096
0.0023651123
0.0061492920
0.0047302246
-0.0021514893
0.0057067871
0.0019226074
-0.0169067383
0.0197296143
-0.0024566650
-0.0111999512
-0.0031127930
0.0120697021
-0.0066375732
0.0113983154
0.0143280029
0.0158386230
0.0029449463
0.0044250488
0.0254821777
-0.0094146729
-0.0081024170
-0.0007934570
-0.0290679932
0.0099792480
0.0009155273
0.0031738281
0.0122985840
-0.0050048828
0.0160827637
0.0192871094
0.0129241943
-0.0005340576
0.0006713867
0.0119476318
0.0104064941
-0.0153198242
0.0146789551
0.0249633789
-0.0049133301
-0.0010681152
0.0042266846
0.0042419434
0.0164794922
-0.0052490234
0.0072479248
0.0070648193
-0.0045013428
-0.0139465332
-0.0140228271
-0.0085601807
0.0071258545
-0.0035705566
0.0097961426
0.0039978027
0.0014038086
-0.0017089844
-0.0009307861
0.0046844482
0.0003356934
-0.0018768311
-0.0015563965
0.0012512207
0.0024261475
-0.0028381348
0.0006103516
0.0009460449
0.0014190674
-0.0018768311
0.0047454834
0.0018310547
0.0147705078
0.0026702881
0.0141143799
-0.0020904541
-0.0034637451
0.0090026855
0.0008850098
-0.0079956055
0.0098724365
0.0018920898
-0.0021362305
0.0019989014
0.0153656006
0.0177307129
0.0033111572
0.0220489502
0.0171661377
-0.0021057129
0.0081024170
-0.0121917725
0.0021362305
-0.0088195801
-0.0100097656
-0.0116424561
0.0015258789
-0.0004577637
0.0201568604
0.0064086914
0.0223083496
0.0044403076
-0.0149383545
-0.0017395020
-0.2318267822
-0.2660522461
0.1048583984
-0.1378173828
-0.2351684570
0.3009796143
-0.2449493408
-0.2223205566
-0.0350189209
0.2766265869
-0.1381683350
0.2131195068
0.0920257568
-0.2435607910
-0.1065979004
-0.2944488525
-0.0247039795
0.0159149170
0.0255126953
0.0051727295
-0.0156860352
0.0188446045
-0.0127105713
0.0256652832
-0.0263824463
0.0156402588
0.0134735107
0.0319213867
0.0054779053
-0.0168762207
-0.0016784668
0.0148010254
-0.0124511719
0.0009155273
0.0063781738
-0.0074768066
0.0050506592
0.0129699707
0.0097656250
0.0098724365
0.0192565918
-0.0121917725
0.0021209717
-0.0109863281
-0.0120391846
-0.0047607422
0.0076904297
0.0069427490
