-0.0030517578
0.0067138672
-0.0249328613
-0.0053863525
-0.0223236084
0.0008697510
0.0010986328
0.0123748779
-0.0181274414
0.0016021729
-0.0059204102
0.0114135742
0.0046386719
-0.0123138428
0.0274505615
-0.0010833740
-0.3313140869
0.3381652832
0.1089324951
-0.3407897949
0.0332336426
0.2760162354
-0.0820007324
0.3330841064
0.3580474854
0.0455932617
0.0954895020
0.0389709473
0.1836853027
-0.3552703857
-0.0894470215
-0.0286102295
0.0047149658
-0.0142822266
-0.0112457275
0.0041046143
-0.0025787354
0.0003662109
0.0013885498
-0.0098266602
0.0143890381
0.0036163330
0.0093078613
-0.0220031738
0.0101928711
0.0167236328
-0.0114135742
-0.0003662109
0.0026397705
-0.0007781982
0.0175170898
-0.0213165283
0.0080108643
0.0083618164
-0.0061492920
0.0024871826
-0.0173950195
-0.0167694092
0.0093383789
0.0072326660
-0.0019378662
-0.0137329102
0.0006103516
-0.0153503418
0.0029144287
0.0071258545
0.0054168701
-0.0045166016
-0.0105133057
0.0023498535
-0.0064086914
-0.0115966797
0.0008239746
-0.0017395020
-0.0113067627
-0.0008392334
0.0092315674
-0.0074157715
-0.0006713867
0.0029449463
0.0013122559
0.0029754639
0.0016021729
-0.0020141602
0.0049743652
-0.0067901611
0.0064086914
-0.0019989014
-0.0009460449
0.0116119385
-0.0058746338
0.0012207031
-0.0058898926
-0.0045471191
-0.0032958984
-0.0195770264
0.0023345947
0.0016174316
0.0028228760
-0.0007934570
-0.0004119873
-0.0023498535
0.0005950928
0.0018768311
0.0009307861
0.0064849854
-0.0009155273
-0.0053710938
-0.0044555664
-0.0025787354
-0.0013427734
0.0032348633
-0.0004730225
-0.0053710938
-0.0010833740
0.0073699951
-0.0041656494
0.0084381104
-0.0059967041
0.0006561279
-0.0051727295
0.0031127930
-0.0003051758
-0.0016937256
-0.0057220459
-0.0008087158
0.0084075928
-0.0068054199
-0.0040893555
0.0020599365
0.0033569336
0.0034179688
-0.0012207031
-0.0018310547
0.0009155273
0.0034790039
-0.0010986328
-0.0059814453
0.0032043457
0.0054779053
0.0057830811
-0.0041961670
0.0065612793
0.0014495850
-0.0106506348
-0.0104827881
-0.0008697510
0.0001678467
-0.0055541992
-0.0034942627
0.0027313232
-0.0036163330
0.0026702881
-0.0020751953
-0.0024566650
0.0039672852
-0.0018310547
-0.0075531006
0.0095977783
-0.0043334961
