0.0039520264
0.0085144043
-0.0254669189
-0.0137939453
-0.0288391113
0.0078125000
-0.0017547607
-0.0103302002
-0.0190429688
0.0030364990
0.0063018799
0.0108489990
-0.0072326660
-0.0201110840
0.0257263184
0.0042572021
-0.3263854980
0.3291473389
0.1221008301
-0.3450164795
0.0612335205
0.2786865234
-0.0400695801
0.3437805176
0.3613281250
0.0786590576
0.0161590576
0.0558471680
0.2102966309
-0.3594818115
-0.0257873535
-0.0595245361
0.0067291260
-0.0129089355
-0.0060119629
0.0011749268
-0.0105743408
0.0053558350
-0.0001373291
-0.0023040771
0.0181579590
0.0084838867
0.0046539307
-0.0151824951
0.0059967041
0.0061035156
-0.0070037842
-0.0049896240
0.0030670166
0.0061340332
0.0211181641
-0.0168457031
0.0263519287
0.0054168701
-0.0096893311
0.0140838623
-0.0098266602
-0.0115661621
0.0005340576
0.0183715820
0.0169830322
0.0062255859
-0.0079345703
0.0047607422
0.0002593994
0.0084533691
-0.0007781982
-0.0001831055
-0.0066375732
0.0037231445
0.0005798340
-0.0104217529
-0.0017547607
-0.0003051758
-0.0023956299
-0.0066680908
0.0104064941
-0.0107879639
0.0019989014
0.0113983154
0.0042419434
0.0035095215
-0.0009460449
-0.0026855469
0.0115661621
-0.0065917969
0.0120086670
-0.0053558350
0.0033874512
0.0151214600
-0.0067749023
-0.0005035400
-0.0168762207
-0.0064697266
0.0062713623
-0.0204010010
-0.0004730225
0.0003814697
0.0071868896
-0.0005493164
-0.0027313232
-0.0003356934
0.0015869141
0.0015563965
0.0066375732
-0.0015411377
0.0057067871
-0.0067901611
-0.0009307861
-0.0011138916
-0.0048370361
0.0009460449
-0.0006256104
-0.0062255859
-0.0039520264
0.0115051270
-0.0109710693
0.0066986084
-0.0077514648
-0.0057067871
-0.0072631836
0.0068664551
-0.0049133301
0.0005950928
-0.0017242432
-0.0018920898
0.0065307617
-0.0034179688
-0.0088043213
-0.0009460449
0.0048828125
-0.0081634521
-0.0043945312
-0.0035552979
0.0031738281
0.0100860596
-0.0086975098
-0.0089111328
0.0038452148
0.0124664307
0.0003509521
-0.0187683105
0.0139160156
0.0043487549
-0.0082244873
-0.0017395020
0.0002288818
-0.0026855469
-0.0027923584
-0.0021820068
0.0022125244
-0.0005645752
0.0017395020
-0.0014038086
-0.0002593994
0.0025329590
-0.0023193359
-0.0066986084
0.0007019043
-0.0012664795
