0.0008544922
-0.0013122559
0.0000000000
0.0007019043
0.0007629395
0.0019531250
-0.0020904541
0.0041351318
-0.0024719238
-0.0001373291
-0.0004425049
0.0043029785
0.0030059814
0.0048217773
0.0007171631
-0.0004577637
-0.0008239746
-0.0012817383
-0.0018005371
-0.0005798340
0.0045928955
0.0002899170
0.0024566650
0.0010528564
0.0001373291
-0.0006408691
0.0023040771
-0.0072479248
-0.0050811768
-0.0001678467
0.0030364990
0.0012817383
-0.0186157227
-0.0170898438
-0.0008239746
-0.0087280273
-0.0083160400
-0.0035552979
0.0071563721
0.0076446533
-0.0041503906
-0.0101318359
-0.0174407959
0.0165557861
-0.0149383545
-0.0282897949
-0.0228118896
0.0100555420
-0.0487823486
0.0089111328
-0.0063629150
-0.0317993164
0.0012512207
-0.0126190186
0.0002441406
0.0147552490
-0.0426483154
-0.0201568604
-0.0314025879
0.0122833252
0.0154266357
0.0372772217
-0.0364837646
0.0128631592
0.0135345459
0.0000762939
0.0107727051
0.0007476807
0.0036468506
0.0148315430
-0.0055847168
-0.0087280273
-0.0125122070
0.0169372559
-0.0064849854
0.0047760010
0.0082702637
-0.0116882324
-0.0010986328
0.0075988770
0.0009002686
-0.0083007812
0.0046386719
0.0029144287
0.0054626465
-0.0047302246
0.0099487305
0.0030517578
-0.0272064209
-0.0135498047
0.0010833740
0.0085754395
0.0049285889
-0.0270690918
-0.0247192383
-0.0028991699
0.0072479248
0.0131988525
0.0224151611
0.0034942627
-0.0019989014
-0.0178527832
0.0089263916
0.0004577637
-0.0092010498
-0.0069885254
0.0159301758
0.0092468262
0.0035705566
-0.0039978027
-0.0018005371
-0.0181427002
-0.0156250000
-0.0095520020
-0.0037841797
0.0265197754
-0.0108032227
0.0106201172
-0.0076141357
-0.0055541992
0.0132904053
0.0024719238
-0.0486145020
0.0175170898
0.0016784668
-0.0240020752
-0.0039367676
-0.0246276855
-0.3257904053
0.2816772461
0.0128173828
-0.0835876465
-0.3636932373
-0.0443115234
0.0587615967
0.3121032715
-0.3684387207
-0.0252227783
-0.0858612061
0.3117828369
0.0128021240
-0.1903228760
0.0048828125
0.3193359375
0.0020599365
-0.0036468506
0.0092010498
-0.0047454834
0.0011291504
0.0104827881
-0.0010223389
0.0085144043
0.0055541992
0.0012969971
-0.0100708008
-0.0083312988
-0.0032958984
0.0007019043
0.0093078613
0.0111541748
