0.0043792725
0.0020599365
-0.0018157959
0.0038452148
0.0016326904
-0.0007476807
-0.0001678467
0.0039672852
-0.0064239502
0.0043029785
-0.0014190674
-0.0032043457
0.0037384033
0.0035552979
0.0031585693
-0.0045013428
-0.0186614990
0.0238952637
-0.0008544922
-0.0193939209
-0.0109558105
0.0147094727
-0.0050506592
0.0196533203
0.0195159912
0.0008392334
-0.0021514893
0.0034637451
0.0202636719
-0.0196533203
-0.0028686523
-0.0103302002
0.0151672363
-0.0020294189
0.0092926025
-0.0103759766
-0.0045623779
0.0068511963
-0.0188293457
-0.0042419434
0.0188293457
0.0108947754
-0.0032348633
0.0167388916
-0.0084533691
0.0019378662
-0.0124206543
-0.0125885010
-0.0009002686
0.0012054443
0.0006103516
0.0009765625
-0.0038757324
-0.0042114258
0.0004272461
-0.0034942627
-0.0031433105
-0.0017852783
-0.0032501221
-0.0006713867
-0.0002746582
0.0003509521
0.0007324219
-0.0023956299
0.0040893555
-0.0023956299
0.0010223389
0.0069580078
0.0122222900
0.0053558350
0.0052642822
0.0074310303
-0.0009460449
0.0089721680
-0.0027923584
0.0052947998
-0.0018920898
-0.0031738281
-0.0000915527
-0.0050811768
0.0028839111
0.0019073486
-0.0016937256
0.0041198730
-0.0060424805
-0.0014343262
0.0162353516
0.0136718750
-0.0061187744
0.0058746338
-0.0044555664
0.0104980469
0.0000762939
0.0013732910
-0.0035095215
-0.0033111572
-0.0026092529
0.0001373291
0.0134429932
-0.0046997070
0.0085144043
-0.0158081055
-0.0087738037
-0.0109863281
0.0122680664
-0.0050811768
0.0168762207
-0.0017242432
0.0131988525
0.0039062500
-0.0031433105
-0.0009765625
-0.0040283203
-0.0006256104
0.0122528076
-0.0059204102
-0.0008850098
-0.0015869141
-0.0002136230
0.0005950928
-0.0057525635
-0.0013885498
0.0056304932
-0.0037231445
0.0112152100
0.0007171631
-0.0112152100
0.0003814697
-0.3728332520
0.3160400391
-0.0751190186
-0.0664825439
-0.3934478760
-0.1125183105
0.0542297363
0.3539123535
-0.3471374512
-0.0742034912
-0.0928344727
0.3251953125
0.0075073242
-0.1439971924
-0.0199584961
0.2979583740
0.0321807861
-0.0001831055
-0.0139923096
0.0110321045
-0.0034179688
0.0066833496
-0.0133056641
-0.0065307617
0.0055389404
0.0015869141
-0.0164489746
-0.0025787354
-0.0002746582
-0.0182952881
-0.0017242432
0.0038757324
