-0.0034790039
-0.0004882812
-0.0069274902
0.0027465820
-0.0023651123
0.0077514648
0.0031127930
0.0026702881
-0.0065917969
0.0008087158
-0.0013122559
0.0127563477
0.0072021484
-0.0017089844
-0.0034027100
-0.0025024414
-0.3044433594
0.3299560547
0.1405792236
-0.3448486328
-0.0819702148
0.2684783936
-0.0954742432
0.3288726807
0.3569183350
0.0094757080
0.0776519775
0.1363372803
0.2096252441
-0.3623352051
-0.1229858398
-0.0310516357
-0.0088500977
-0.0214691162
-0.0208282471
0.0123138428
0.0051116943
-0.0087585449
0.0108337402
-0.0200653076
0.0119628906
-0.0074157715
0.0258026123
-0.0277404785
0.0122222900
0.0242309570
-0.0003967285
0.0078582764
-0.0002746582
-0.0076751709
-0.0117187500
-0.0055541992
-0.0080108643
0.0056304932
0.0007324219
-0.0086975098
-0.0028686523
-0.0054473877
0.0025024414
0.0050048828
-0.0154418945
-0.0036621094
-0.0012054443
-0.0119781494
0.0060119629
0.0067138672
0.0047607422
0.0042572021
-0.0068664551
0.0038909912
-0.0011596680
-0.0092620850
0.0071563721
0.0000915527
-0.0007934570
0.0008544922
0.0004119873
-0.0061950684
0.0027008057
-0.0012512207
0.0072631836
0.0120697021
0.0109558105
-0.0165100098
0.0067901611
-0.0130004883
0.0071868896
-0.0114440918
-0.0175323486
0.0160827637
-0.0164031982
0.0036010742
-0.0173950195
-0.0189819336
-0.0168304443
-0.0342407227
-0.0004730225
-0.0036163330
0.0036010742
-0.0095367432
0.0077056885
-0.0035552979
-0.0049438477
-0.0021209717
0.0003509521
0.0021057129
0.0078277588
0.0005187988
-0.0080566406
0.0039520264
-0.0027770996
0.0055999756
0.0090484619
-0.0063476562
0.0187683105
0.0047912598
0.0088043213
0.0051269531
-0.0037689209
0.0119323730
-0.0064239502
-0.0033569336
0.0009155273
-0.0056304932
-0.0041961670
0.0012207031
-0.0104522705
-0.0096588135
0.0007324219
-0.0000457764
-0.0089263916
0.0289459229
-0.0000915527
0.0018615723
-0.0097808838
0.0061340332
-0.0119476318
0.0128173828
0.0140075684
0.0106048584
0.0064849854
-0.0154418945
-0.0061798096
0.0134277344
-0.0146026611
-0.0024414062
0.0034637451
-0.0067901611
0.0014953613
-0.0039978027
0.0098114014
-0.0058593750
-0.0005493164
-0.0057678223
0.0040435791
0.0052642822
-0.0039367676
-0.0051422119
0.0116424561
-0.0053710938
