0.0009155273
0.0068817139
-0.0010833740
0.0050201416
-0.0095977783
0.0038299561
0.0024566650
0.0050964355
-0.0007019043
0.0025024414
-0.0127258301
-0.0000457764
0.0071105957
0.0079650879
0.0017700195
-0.0063171387
0.0038909912
-0.0004425049
-0.0079956055
0.0061187744
0.0095825195
-0.0027008057
-0.0153198242
-0.0047149658
-0.0078887939
0.0012359619
-0.0124664307
0.0008850098
0.0020904541
0.0070495605
0.0113983154
-0.0053710938
-0.3234252930
-0.1759185791
-0.2513732910
-0.0048980713
-0.1202239990
-0.3339996338
0.2949523926
-0.0570831299
-0.3424987793
-0.3416442871
-0.1467132568
-0.2552032471
0.0106506348
-0.0594329834
0.1872711182
0.3634185791
0.0075531006
0.0080261230
0.0098724365
-0.0046539307
0.0063629150
-0.0041351318
0.0006561279
0.0084381104
0.0011444092
-0.0021972656
0.0050506592
0.0067291260
0.0052642822
-0.0024871826
0.0042266846
-0.0066070557
0.0034179688
0.0039062500
0.0050659180
-0.0064697266
0.0006256104
0.0036621094
-0.0031280518
0.0002288818
-0.0040435791
0.0033721924
0.0053558350
0.0050201416
-0.0004272461
-0.0002136230
-0.0022125244
0.0020294189
0.0042877197
-0.0016937256
0.0000457764
0.0009918213
0.0025634766
0.0037384033
-0.0012817383
0.0079803467
0.0105590820
-0.0077972412
0.0081176758
-0.0014190674
-0.0130920410
0.0125732422
0.0089569092
-0.0002288818
0.0023498535
-0.0102539062
0.0076293945
-0.0022888184
0.0043029785
-0.0012054443
-0.0090026855
-0.0122070312
-0.0006256104
0.0039672852
0.0122222900
0.0028839111
0.0090026855
0.0053558350
0.0007324219
0.0183868408
0.0083007812
0.0193176270
-0.0007934570
-0.0242919922
0.0088195801
-0.0193634033
0.0175933838
-0.0168151855
0.0002746582
0.0140686035
-0.0085144043
-0.0104217529
0.0200653076
0.0212402344
0.0008392334
0.0080566406
-0.0099334717
0.0043182373
-0.0026855469
-0.0030822754
-0.0099792480
-0.0045013428
0.0086975098
0.0055389404
-0.0021209717
-0.0073547363
-0.0069274902
0.0030059814
-0.0164184570
0.0073852539
-0.0034484863
0.0008697510
-0.0042572021
0.0045776367
-0.0001678467
-0.0023498535
0.0044555664
-0.0001983643
0.0047302246
0.0016174316
0.0044097900
-0.0052185059
-0.0003814697
0.0006408691
-0.0035552979
0.0006866455
-0.0029754639
-0.0036621094
