0.0028381348
0.0073699951
-0.0104064941
-0.0075836182
0.0013427734
0.0011749268
-0.0030822754
-0.0107269287
-0.0039825439
-0.0010681152
-0.0084991455
0.0070800781
-0.0010681152
-0.0011901855
-0.0063323975
-0.0018920898
-0.0030975342
0.0063934326
-0.0047912598
-0.0012969971
-0.0122070312
0.0028076172
-0.0070037842
0.0006713867
-0.0012359619
-0.0016174316
0.0027770996
0.0052337646
-0.0034027100
-0.0005950928
0.0053405762
0.0011138916
-0.0023956299
-0.0006713867
0.0007629395
-0.0087890625
-0.0054473877
0.0006561279
-0.0002441406
0.0043945312
0.0024566650
-0.0000152588
-0.0100402832
0.0058288574
-0.0045318604
-0.0026702881
-0.0007324219
0.0030364990
-0.0038452148
0.0016479492
-0.0109252930
-0.0040893555
-0.0000305176
0.0155181885
0.0019531250
-0.0079193115
0.0199890137
0.0042572021
0.0081787109
-0.0108489990
-0.0026855469
0.0114440918
-0.0016479492
0.0144653320
0.0120544434
-0.0068359375
0.0062255859
0.0055847168
-0.0015258789
0.0171508789
-0.0056762695
-0.0189056396
-0.0084991455
0.0089416504
-0.0031890869
-0.0008850098
-0.0010375977
-0.0123138428
-0.0107421875
0.0123748779
-0.1622924805
-0.1684722900
0.1575469971
0.1057739258
-0.2155151367
0.3028869629
-0.2598266602
0.1164550781
0.3043365479
-0.0546417236
0.2477569580
-0.2789306641
0.0648193359
0.2704315186
0.3547058105
0.4181518555
0.0007781982
-0.0003814697
0.0094299316
-0.0016021729
-0.0007781982
0.0041198730
-0.0025634766
-0.0018615723
0.0028228760
-0.0005645752
0.0054473877
0.0031890869
0.0003662109
0.0049133301
-0.0072631836
0.0014343262
0.0089721680
0.0043029785
0.0121002197
0.0093536377
-0.0004272461
-0.0081329346
-0.0094604492
0.0025634766
0.0085296631
0.0018463135
-0.0047607422
-0.0041046143
-0.0054931641
0.0004730225
-0.0122375488
-0.0023498535
0.0107116699
-0.0080566406
0.0258636475
-0.0091094971
0.0039672852
0.0097808838
0.0092315674
-0.0117645264
-0.0027160645
0.0186767578
-0.0108337402
-0.0034942627
0.0077362061
0.0044860840
-0.0004425049
-0.0057830811
-0.0027160645
-0.0002746582
0.0049896240
0.0017089844
-0.0020141602
-0.0056304932
-0.0104217529
-0.0021972656
-0.0099792480
0.0124053955
-0.0158843994
0.0041961670
0.0073852539
-0.0108642578
0.0086975098
0.0047760010
