-0.0003814697
0.0056762695
-0.0069274902
0.0003204346
-0.0012054443
0.0092315674
-0.0007171631
-0.0012054443
-0.0054626465
0.0025482178
-0.0070343018
-0.0055084229
0.0007019043
-0.0038452148
0.0019836426
-0.0040435791
-0.0043487549
0.0021972656
0.0070953369
-0.0073242188
-0.0022277832
0.0049591064
-0.0011138916
0.0076904297
0.0045318604
-0.0040130615
-0.0016937256
0.0034637451
-0.0042419434
-0.0060729980
0.0163269043
-0.0042877197
0.0118408203
-0.0030364990
0.0138244629
0.0072937012
0.0109710693
0.0002593994
-0.0169525146
-0.0112915039
0.0206451416
-0.0096130371
-0.0007629395
0.0042114258
0.0251159668
-0.0148468018
0.0023803711
0.0099334717
-0.0190429688
0.0033721924
0.0164184570
-0.0006256104
0.0060577393
-0.0044555664
-0.0038299561
-0.0014801025
-0.0173034668
-0.0139617920
-0.0038604736
-0.0179138184
-0.0052337646
0.0004730225
0.0061950684
0.0143585205
-0.0198059082
-0.0016632080
-0.0187072754
0.0011901855
-0.0052947998
-0.0219116211
0.0247192383
0.0028991699
0.0180664062
-0.0270233154
-0.0130767822
-0.0315399170
0.0271301270
0.0063171387
0.0134277344
-0.0261840820
0.0005950928
-0.0104217529
-0.0137939453
0.0107574463
0.0096282959
-0.0031738281
0.0019836426
0.0138854980
0.0050506592
-0.0010528564
0.0055236816
0.0018920898
0.0091857910
0.0041503906
-0.0051879883
-0.0032653809
0.0259857178
-0.0260162354
0.0516967773
-0.0372009277
0.0349426270
0.0097808838
-0.0432434082
-0.0532836914
0.0404205322
-0.0592498779
0.0554809570
0.0012664795
0.0105133057
0.0303497314
-0.0406799316
0.0206451416
0.0073242188
0.0170745850
0.0039825439
-0.0005798340
0.0061340332
-0.0126647949
-0.0003662109
0.0041198730
-0.0069427490
-0.0026245117
0.0009918213
-0.0078735352
0.0085754395
0.0077209473
0.0105895996
0.0042419434
-0.3733062744
0.3214874268
0.0795745850
0.0173492432
-0.3794097900
0.0242462158
-0.0733642578
0.3374786377
-0.3369293213
0.0308074951
0.0086212158
0.2935791016
-0.0056152344
-0.2188262939
0.1116333008
0.3167572021
-0.0128479004
-0.0116882324
0.0240325928
-0.0073089600
0.0033416748
0.0253448486
0.0078277588
0.0233764648
0.0182037354
-0.0111083984
-0.0210113525
-0.0228271484
-0.0085296631
0.0112457275
0.0063323975
0.0181427002
