-0.1218414307
-0.1278839111
0.1064147949
-0.1718597412
0.1674499512
-0.1309661865
-0.2094268799
0.0292663574
0.0969238281
-0.1891632080
0.1405944824
-0.0181121826
-0.1524658203
-0.0762329102
0.0359954834
0.0862274170
0.0018768311
0.0035095215
-0.0134582520
0.0038757324
-0.0079650879
-0.0030364990
0.0062255859
-0.0016174316
-0.0034484863
0.0085906982
-0.0030364990
-0.0186767578
0.0099487305
0.0021362305
-0.0101318359
-0.0028686523
0.0048675537
-0.0078735352
0.0014343262
-0.0053710938
-0.0065765381
-0.0005798340
0.0035095215
-0.0112915039
-0.0022583008
-0.0044555664
0.0050354004
-0.0076904297
-0.0029602051
0.0079803467
-0.0227355957
-0.0127105713
0.0090332031
0.0142517090
-0.0000457764
-0.0138244629
-0.0056152344
-0.0003662109
-0.0007781982
0.0161590576
0.0000305176
0.0107421875
0.0142669678
-0.0104064941
-0.0048522949
0.0053405762
-0.0128631592
-0.0011596680
-0.0009307861
0.0043945312
0.0031890869
-0.0051727295
0.0061492920
0.0049133301
0.0075531006
0.0000762939
0.0032806396
0.0054016113
0.0028228760
-0.0070648193
-0.0011138916
0.0112152100
-0.0122680664
0.0146942139
0.0023803711
0.0109405518
-0.0584259033
0.0012359619
-0.0270996094
0.0048065186
0.0346984863
0.0375976562
-0.0081481934
0.0043182373
-0.0106811523
0.0090332031
-0.0057373047
-0.0207366943
0.0062408447
-0.0014190674
0.0630035400
0.2344360352
0.2031250000
0.1620178223
-0.2161560059
-0.1687469482
0.1712493896
0.1632385254
0.1478729248
0.0597991943
-0.0248260498
0.0035552979
0.2579498291
-0.1884918213
-0.2233276367
-0.2060394287
0.0042724609
0.0044250488
0.0162811279
-0.0180511475
-0.0000152588
0.0234222412
-0.0097808838
-0.0273437500
0.0147399902
0.0020446777
0.0055694580
0.0337829590
0.0176544189
-0.0173034668
-0.0060119629
0.0354614258
-0.0007324219
-0.0080261230
0.0088195801
0.0524749756
0.0034332275
0.0274200439
0.0030822754
0.0047912598
-0.0057373047
0.0494995117
0.0263061523
0.0103302002
0.0053100586
-0.0165100098
0.0490112305
0.0090026855
-0.0173645020
-0.0011291504
0.0072631836
-0.0040893555
0.0001525879
0.0085906982
0.0009307861
0.0083618164
0.0016937256
-0.0015716553
0.0140838623
-0.0134277344
0.0000457764
-0.0157165527
-0.0043945312
0.0105133057
