-0.0018920898
-0.0027465820
-0.0005798340
0.0009613037
0.0003509521
0.0077972412
0.0027465820
-0.0117340088
-0.0059661865
-0.0052490234
-0.0020751953
0.0047302246
0.0055236816
-0.0010375977
-0.0076446533
0.0045166016
-0.0078887939
0.0272979736
-0.0301971436
0.0029144287
-0.0087280273
0.0048065186
0.0197296143
-0.0005340576
-0.0015411377
0.0432739258
-0.0275573730
0.0000305176
0.0561370850
0.0030364990
-0.0022888184
-0.0186157227
-0.0016326904
0.0010986328
0.0052947998
0.0056304932
-0.0055236816
-0.0000610352
0.0080413818
0.0060729980
-0.0038146973
0.0041656494
-0.0057220459
0.0026397705
0.0045318604
-0.0049438477
-0.0025024414
0.0010528564
-0.0043487549
-0.0078735352
-0.0111999512
0.0196380615
0.0027618408
0.0027465820
-0.0005950928
-0.0010681152
-0.0072631836
0.0101013184
-0.0006103516
0.0038452148
0.0063934326
-0.0096588135
0.0019226074
-0.0003967285
-0.0004425049
-0.0072784424
0.0009155273
0.0039062500
-0.0021667480
-0.0031280518
0.0005035400
-0.0001068115
0.0056762695
-0.0035552979
0.0010375977
-0.0023651123
0.0060882568
0.0042724609
0.0058441162
-0.0038146973
0.0009307861
-0.0005645752
0.0011596680
0.0000305176
-0.0007629395
0.0000000000
-0.0014343262
0.0028991699
0.0028381348
-0.0063323975
-0.0000305176
0.0046844482
0.0047760010
0.0067138672
-0.0045776367
0.0036468506
0.0038604736
-0.0038299561
-0.0034484863
-0.0038604736
-0.0020904541
0.0042724609
0.0017395020
0.0008697510
-0.0089569092
0.0041809082
-0.0007476807
0.0070495605
-0.0016479492
-0.0010223389
-0.0016937256
0.0008392334
-0.2754364014
-0.2696533203
0.1679687500
-0.1344604492
-0.3109283447
0.2933044434
-0.2660369873
-0.2459716797
-0.0327606201
0.2425994873
-0.1260681152
0.2385406494
0.2341918945
-0.2857818604
-0.1578674316
-0.2695007324
-0.0014495850
-0.0034942627
0.0021972656
-0.0083312988
0.0029296875
-0.0026550293
-0.0005798340
0.0023803711
0.0002593994
-0.0050506592
0.0001220703
0.0050811768
-0.0013885498
-0.0004730225
-0.0050659180
-0.0030822754
-0.0133514404
-0.0008697510
0.0053710938
-0.0099792480
0.0018768311
0.0081787109
0.0068817139
0.0113677979
0.0107116699
-0.0040740967
-0.0011291504
-0.0074768066
-0.0083007812
-0.0014495850
0.0013580322
0.0053710938
