0.0014343262
0.0055084229
-0.0068054199
-0.0059967041
0.0056304932
0.0040435791
-0.0090179443
-0.0003967285
-0.0104522705
-0.0119781494
-0.0093231201
0.0103302002
0.0063781738
0.0001678467
-0.0003662109
-0.0095367432
0.0006103516
0.0008697510
-0.0019531250
0.0015106201
0.0001525879
0.0000610352
-0.0057067871
-0.0016174316
-0.0017852783
-0.0047454834
-0.0003967285
-0.0005950928
-0.0013122559
0.0010375977
0.0017700195
-0.0029602051
-0.0037384033
0.0001068115
0.0007629395
0.0056304932
-0.0081481934
-0.0017089844
0.0037231445
0.0111389160
-0.0012817383
-0.0025787354
-0.0088500977
0.0077209473
-0.0055236816
-0.0058746338
0.0022277832
0.0060577393
-0.0252075195
0.0033111572
-0.0219421387
-0.0052337646
-0.0553131104
-0.0010681152
0.0284118652
-0.0490722656
0.0001678467
-0.0205993652
-0.0250244141
-0.0086212158
-0.0089874268
-0.0095825195
0.0103149414
-0.0220489502
0.0077819824
-0.0161895752
0.0025939941
0.0156860352
-0.0098114014
0.0059661865
-0.0104675293
-0.0051422119
-0.0016021729
0.0004119873
-0.0056915283
0.0042266846
0.0069580078
-0.0119781494
-0.0056457520
-0.0019226074
-0.0952606201
-0.3014526367
-0.0090789795
0.2373046875
-0.1586608887
0.2425384521
-0.1929779053
0.2111511230
0.2245178223
-0.2380371094
0.3205566406
-0.1871185303
0.2026519775
0.1443786621
0.2925872803
0.4209747314
0.0003356934
-0.0049591064
0.0076293945
-0.0061798096
0.0020294189
0.0030517578
-0.0012969971
0.0001678467
-0.0083160400
-0.0063476562
0.0078582764
0.0018005371
0.0043182373
0.0019989014
-0.0039825439
0.0015869141
-0.0010681152
-0.0002441406
-0.0005798340
-0.0003051758
-0.0003051758
0.0004730225
-0.0018157959
0.0008239746
-0.0012359619
0.0009918213
0.0036773682
-0.0013580322
-0.0019683838
0.0004425049
-0.0049438477
0.0000457764
0.0032196045
-0.0043792725
0.0030364990
0.0059814453
0.0066833496
-0.0014801025
0.0137329102
-0.0027313232
-0.0007324219
0.0038299561
-0.0020446777
0.0028228760
-0.0034790039
0.0036010742
-0.0060424805
-0.0027770996
0.0261230469
-0.0009460449
-0.0083618164
0.0141143799
-0.0103302002
0.0037536621
-0.0164337158
0.0053253174
0.0052795410
0.0078735352
-0.0201873779
-0.0014190674
0.0044708252
-0.0083312988
0.0025177002
0.0056915283
