0.0012512207
-0.0056762695
0.0054168701
0.0075378418
0.0035247803
0.0044097900
0.0025177002
0.0120544434
-0.0023803711
0.0018768311
-0.0024719238
0.0080108643
0.0151672363
0.0144958496
0.0104370117
-0.0012817383
-0.3002319336
0.3123474121
0.1533660889
-0.3429260254
-0.0828704834
0.2622528076
-0.1231689453
0.3215026855
0.3494873047
-0.0746917725
0.1521453857
0.1004028320
0.1347808838
-0.3588104248
-0.1443176270
-0.0396270752
0.0024871826
-0.0271606445
-0.0023803711
0.0000915527
0.0056152344
-0.0065917969
-0.0051269531
-0.0101013184
0.0031280518
-0.0073089600
-0.0043182373
-0.0089874268
0.0021057129
0.0127716064
-0.0046691895
0.0010375977
-0.0089569092
0.0023651123
0.0000152588
0.0028686523
0.0001220703
0.0001525879
-0.0008392334
-0.0048828125
-0.0039520264
-0.0032806396
0.0020446777
-0.0068969727
-0.0026702881
0.0003356934
-0.0040588379
-0.0031280518
0.0112762451
0.0003204346
0.0138092041
0.0052032471
-0.0137176514
0.0055541992
-0.0147399902
-0.0118560791
0.0046539307
0.0063629150
-0.0130920410
0.0135803223
-0.0081481934
-0.0041351318
0.0023498535
-0.0032348633
0.0047760010
0.0043945312
-0.0071258545
-0.0075531006
0.0020446777
-0.0072326660
0.0061340332
0.0009307861
-0.0107879639
0.0095367432
-0.0137786865
0.0059814453
-0.0025177002
-0.0096740723
-0.0124053955
-0.0172882080
-0.0181121826
-0.0087585449
0.0017242432
-0.0151214600
0.0120239258
-0.0057678223
-0.0113983154
-0.0077362061
0.0188140869
0.0005645752
0.0214080811
0.0155944824
-0.0090942383
0.0150299072
0.0054931641
0.0123443604
0.0071411133
-0.0010070801
0.0041198730
0.0042572021
0.0144195557
-0.0049591064
-0.0014190674
0.0108184814
0.0003967285
0.0001373291
0.0131072998
-0.0017242432
-0.0053405762
0.0042266846
0.0027008057
-0.0041961670
-0.0192718506
0.0147399902
-0.0305328369
0.0275115967
-0.0202636719
-0.0121459961
0.0132141113
0.0252838135
-0.0300445557
-0.0034790039
-0.0028533936
0.0279235840
-0.0252838135
-0.0114288330
-0.0131378174
0.0250549316
-0.0001831055
-0.0140075684
0.0084075928
0.0008544922
0.0017852783
0.0082550049
0.0022277832
0.0082550049
0.0098724365
-0.0040130615
-0.0119934082
-0.0068511963
-0.0026245117
0.0021667480
0.0167083740
0.0051727295
