-0.0036468506
-0.0019683838
0.0022735596
0.0015411377
0.0000305176
0.0031890869
-0.0029907227
-0.0016479492
-0.0002441406
-0.0075836182
-0.0007019043
0.0029602051
0.0041503906
0.0064544678
0.0015563965
-0.0032348633
-0.0006866455
0.0033111572
-0.0033874512
0.0003051758
-0.0013580322
0.0019226074
-0.0072174072
0.0004730225
-0.0016174316
-0.0008850098
-0.0038909912
0.0011749268
0.0007781982
0.0007629395
0.0080261230
-0.0051422119
-0.0056762695
-0.0025024414
-0.0042724609
0.0058593750
0.0104827881
-0.0046691895
-0.0008239746
0.0005035400
-0.0026245117
-0.0039825439
-0.0002746582
0.0021362305
0.0012969971
-0.0089416504
0.0092163086
0.0037841797
-0.0086975098
0.0060424805
-0.0265655518
-0.0200195312
0.0050354004
0.0066223145
0.0285491943
0.0019226074
0.0159912109
0.0029907227
0.0035400391
-0.0152282715
-0.0080413818
0.0225219727
0.0014648438
-0.0125885010
0.0017700195
-0.0003662109
-0.0012207031
-0.0007324219
-0.0017700195
0.0029449463
0.0026550293
0.0031127930
0.0002441406
0.0046081543
0.0001678467
-0.0017242432
0.0038146973
-0.0023803711
-0.0037231445
0.0013732910
-0.0016479492
0.0003356934
-0.0050811768
0.0013275146
0.0158233643
-0.0023193359
0.0038909912
0.0012664795
0.0021514893
0.0094604492
0.0017852783
0.0054779053
-0.0090942383
-0.0150299072
0.0028381348
-0.0119323730
-0.0021667480
0.0074157715
0.0020294189
0.0068817139
-0.0043487549
-0.0065917969
0.0035095215
0.0042724609
-0.0042419434
0.0072631836
0.0057220459
0.0103302002
0.0018615723
0.0016784668
0.0034179688
-0.0014190674
-0.0005035400
-0.0007476807
-0.0038757324
0.0137176514
-0.0104370117
0.0027770996
0.0027618408
-0.0081176758
0.0077056885
0.0029754639
-0.0088348389
0.0021209717
0.0021057129
-0.0046539307
-0.0062713623
-0.0114593506
0.0016326904
-0.0010833740
0.0016632080
-0.0099945068
-0.0028991699
0.0160369873
-0.0074005127
-0.0038909912
-0.0155944824
0.0082092285
-0.0111846924
0.0032501221
0.0087890625
-0.0180969238
-0.0107574463
0.0074310303
0.0413818359
0.0641174316
-0.2203674316
0.2138061523
-0.0951385498
-0.3345947266
-0.1943359375
-0.2901916504
-0.3126831055
0.2726593018
-0.0570983887
0.3432922363
0.2883453369
0.0469207764
-0.0417785645
-0.3369903564
