0.0093688965
0.0140838623
-0.0128631592
-0.0039825439
0.0027770996
-0.0051727295
0.0057830811
-0.0092468262
0.0022583008
0.0045776367
-0.0121307373
-0.0000915527
0.0087738037
0.0124664307
0.0133972168
-0.0146942139
0.0001831055
-0.0011138916
-0.0018768311
0.0023498535
0.0043029785
-0.0004882812
0.0002441406
-0.0008392334
-0.0009765625
0.0021362305
0.0014495850
-0.0075683594
-0.0006713867
0.0028991699
0.0001831055
0.0008392334
-0.0037231445
-0.0012817383
0.0020599365
-0.0049896240
0.0020294189
-0.0005493164
0.0013427734
0.0032501221
0.0061645508
-0.0019989014
-0.0023193359
0.0007324219
-0.0016174316
-0.0120391846
-0.0002593994
0.0030975342
0.0053100586
-0.0146636963
-0.0136413574
-0.0013427734
-0.0058288574
0.0029754639
0.0098114014
0.0000152588
-0.0004577637
-0.0083923340
-0.0123901367
0.0166778564
-0.0093688965
0.0009307861
0.0135650635
-0.0127716064
-0.0036468506
0.0016937256
-0.0176849365
0.0016632080
-0.0061798096
-0.0032806396
0.0225219727
0.0181274414
0.0142211914
-0.0025329590
-0.0288543701
-0.0084381104
0.0040283203
-0.0074157715
0.0070343018
-0.0027465820
-0.0008087158
-0.0118713379
-0.0074920654
0.0290832520
0.0003051758
0.0124053955
-0.0022583008
0.0036773682
0.0171203613
-0.0100402832
0.0070037842
0.0085601807
0.0077819824
0.0314178467
0.0219573975
0.0312805176
0.0000152588
-0.0009002686
-0.0152587891
-0.0116271973
0.0064392090
-0.0081176758
-0.0119628906
-0.0066375732
0.0153045654
0.0263214111
0.0119934082
0.0136566162
-0.0034942627
0.0132751465
-0.0061340332
0.0135650635
-0.0214080811
0.0252532959
-0.0265502930
-0.0108795166
0.0013885498
0.0156402588
0.0225982666
-0.0227966309
-0.0151824951
-0.0011138916
-0.0008392334
0.0129241943
0.0220947266
-0.0011138916
0.0379028320
-0.0074768066
-0.0078125000
0.0050811768
0.0079193115
-0.0263214111
-0.0053405762
0.0169830322
-0.0023345947
-0.0074005127
0.0105590820
0.0053405762
0.0016174316
-0.0098724365
-0.0165100098
0.0110321045
0.0170135498
-0.0015106201
0.1001129150
0.0084838867
-0.2252044678
0.2595977783
-0.0696716309
-0.2824554443
-0.2291259766
-0.2594604492
-0.2395629883
0.2505340576
-0.1601562500
0.2998809814
0.2860107422
0.0674438477
-0.0284271240
-0.3362884521
