0.0096130371
0.0116577148
-0.0156860352
-0.0063934326
-0.0196533203
-0.0020751953
0.0022735596
-0.0005645752
-0.0096893311
-0.0037841797
-0.0042419434
0.0140533447
0.0003509521
-0.0089721680
0.0147705078
-0.0030364990
-0.3088836670
0.3306732178
0.1143646240
-0.3345489502
0.0367431641
0.2673645020
-0.0944366455
0.3306884766
0.3524780273
0.1342773438
-0.0351715088
0.0970306396
0.2569122314
-0.3524322510
-0.0097351074
-0.0006561279
-0.0027160645
-0.0018005371
0.0046081543
0.0086669922
0.0129089355
0.0028228760
0.0065002441
-0.0028533936
-0.0107421875
0.0068206787
-0.0031585693
0.0030059814
0.0049743652
-0.0094299316
0.0067901611
-0.0083923340
-0.0019226074
0.0028839111
-0.0018157959
-0.0035705566
0.0096130371
0.0007629395
-0.0019531250
0.0023651123
-0.0094146729
-0.0012359619
0.0064392090
0.0085906982
0.0013122559
-0.0009002686
-0.0118408203
-0.0085144043
-0.0066070557
0.0101318359
-0.0092620850
-0.0069274902
0.0139465332
-0.0058593750
0.0128784180
0.0025024414
0.0034484863
-0.0023651123
0.0133361816
-0.0113677979
0.0012359619
0.0062408447
0.0101776123
0.0050964355
-0.0012817383
0.0029144287
-0.0017242432
0.0013885498
0.0073242188
-0.0084686279
0.0141601562
0.0052337646
0.0028533936
-0.0022277832
-0.0153503418
0.0038146973
-0.0000457764
-0.0056304932
-0.0033264160
-0.0336151123
0.0049285889
-0.0101776123
-0.0005645752
-0.0103454590
0.0029602051
0.0089569092
-0.0074310303
-0.0079193115
0.0114898682
-0.0276031494
0.0179595947
-0.0107879639
0.0271759033
0.0025482178
-0.0157928467
-0.0007324219
-0.0018920898
0.0008239746
-0.0015563965
0.0056304932
-0.0009002686
0.0057830811
-0.0004425049
0.0046691895
-0.0121154785
-0.0021362305
0.0030517578
-0.0040283203
-0.0018310547
-0.0005035400
0.0068969727
-0.0106811523
-0.0108947754
0.0044097900
0.0126800537
-0.0019836426
-0.0020904541
0.0140991211
0.0028381348
0.0025939941
0.0045623779
-0.0159606934
-0.0033721924
-0.0028533936
-0.0086975098
0.0000915527
0.0096740723
-0.0061492920
0.0019378662
-0.0087890625
0.0011138916
0.0013427734
-0.0010833740
0.0071563721
0.0015411377
0.0002441406
0.0097808838
-0.0060119629
-0.0066223145
-0.0035552979
-0.0034484863
-0.0126037598
0.0082244873
0.0008850098
