-0.0075531006
-0.0119171143
0.0048065186
-0.0082702637
0.0535736084
-0.0101623535
-0.0125122070
-0.0057220459
-0.0060272217
-0.0212402344
0.0232849121
-0.0056152344
-0.0052032471
-0.0185394287
0.0012054443
0.0084533691
0.0013732910
-0.0027313232
-0.0010986328
0.0036010742
-0.0013885498
-0.0028228760
0.0068664551
-0.0030670166
-0.0026092529
0.0068969727
-0.0005798340
0.0046844482
0.0039367676
0.0039672852
0.0120697021
-0.0111999512
0.0113067627
0.0235595703
0.0255432129
-0.0177764893
-0.0035552979
0.0096282959
0.0047760010
-0.0000457764
0.0290374756
0.0044860840
-0.0094757080
-0.0031127930
0.0097198486
0.0009765625
0.0004882812
0.0090789795
-0.1244201660
0.1934814453
0.3061523438
-0.2826843262
0.2359924316
-0.2412567139
-0.2364501953
0.0188903809
-0.1881866455
-0.2908325195
-0.2733917236
-0.1300659180
0.2246093750
0.2287445068
-0.2365875244
0.3255615234
-0.0008087158
0.0011444092
-0.0009307861
-0.0039672852
0.0017395020
-0.0008392334
0.0037078857
0.0007934570
0.0060272217
-0.0012359619
-0.0075073242
-0.0015869141
0.0039978027
-0.0014038086
-0.0031433105
0.0035400391
-0.0202941895
0.0221099854
0.0256500244
-0.0382385254
-0.0059814453
-0.0115051270
-0.0054016113
-0.0159912109
-0.0020141602
-0.0039672852
0.0008697510
0.0010375977
-0.0047912598
-0.0387268066
-0.0098266602
-0.0442199707
0.0051422119
-0.0092926025
0.0079650879
-0.0053558350
0.0037994385
0.0067138672
-0.0063476562
-0.0128021240
-0.0104217529
-0.0081939697
0.0071411133
0.0086059570
0.0041656494
0.0077819824
-0.0128631592
0.0000762939
-0.0009918213
0.0254974365
-0.0137939453
0.0018920898
0.0168609619
-0.0120697021
0.0186614990
0.0122680664
-0.0028228760
-0.0151824951
0.0011138916
-0.0208129883
-0.0002136230
0.0196075439
0.0089263916
0.0065002441
-0.0769500732
0.0364685059
-0.0053253174
-0.0130004883
-0.0271453857
-0.0276947021
0.0238800049
0.0631408691
-0.0006866455
-0.0186767578
-0.0135803223
0.0343780518
-0.0383911133
0.0438537598
0.0625762939
-0.0170440674
-0.0225372314
0.0147094727
0.0097198486
-0.0160217285
0.0109558105
0.0094299316
0.0065460205
0.0192260742
0.0140533447
-0.0078430176
0.0014495850
-0.0151214600
-0.0178833008
-0.0093231201
-0.0156555176
0.0144500732
