0.0016479492
-0.0029907227
-0.0082092285
-0.0033416748
-0.0054168701
-0.0021057129
-0.0021667480
-0.0125122070
-0.0067901611
-0.0048828125
0.0054626465
0.0018768311
0.0082550049
0.0037536621
0.0014953613
0.0021057129
-0.0007476807
0.0029449463
-0.0012969971
0.0000000000
-0.0002288818
0.0011444092
-0.0006408691
0.0003662109
-0.0001525879
-0.0013580322
-0.0018615723
-0.0010833740
0.0019073486
-0.0001068115
-0.0005340576
-0.0033721924
0.0028533936
-0.0051574707
0.0049285889
0.0028381348
-0.0034790039
0.0002441406
0.0028839111
0.0032348633
-0.0011901855
0.0033721924
-0.0047607422
-0.0016784668
-0.0026855469
-0.0007171631
-0.0043334961
-0.0045471191
-0.0026550293
-0.0103607178
-0.0140686035
0.0162963867
-0.0092468262
0.0119781494
-0.0038146973
-0.0007476807
-0.0001678467
0.0132141113
0.0059661865
0.0089111328
-0.0073242188
-0.0046844482
0.0077667236
-0.0041198730
-0.0013885498
-0.0035552979
-0.0005187988
0.0035095215
0.0005035400
-0.0022735596
-0.0016784668
-0.0030670166
0.0010070801
-0.0034790039
-0.0029296875
-0.0016479492
-0.0046539307
0.0048980713
0.0030212402
0.0049743652
-0.0020446777
0.0048370361
0.0079498291
-0.0029907227
-0.0019531250
0.0015869141
-0.0004272461
0.0010833740
0.0048980713
-0.0007629395
-0.0082855225
0.0126953125
-0.0058898926
0.0028839111
0.0006103516
-0.0058593750
-0.0105133057
-0.0100708008
0.0027008057
-0.0106353760
0.0018615723
0.0109252930
-0.0005187988
-0.0016479492
-0.0005950928
-0.0021820068
-0.0019378662
0.0212402344
-0.0094146729
0.0003967285
0.0012512207
0.0056915283
-0.2782440186
-0.2411499023
0.1963348389
-0.1416168213
-0.2909393311
0.3227081299
-0.2622375488
-0.2722930908
0.0432128906
0.2168121338
-0.1259918213
0.2732086182
0.2474365234
-0.3001708984
-0.1876220703
-0.1972808838
-0.0009002686
-0.0027923584
0.0025329590
-0.0034179688
-0.0012817383
0.0033416748
-0.0019378662
0.0036773682
-0.0033569336
0.0024261475
0.0022277832
0.0059356689
0.0019989014
-0.0015411377
-0.0009765625
0.0025787354
-0.0046691895
-0.0026245117
-0.0007324219
-0.0010986328
-0.0016937256
-0.0006103516
-0.0009155273
0.0027923584
0.0002288818
0.0014801025
0.0006103516
0.0000305176
0.0004272461
0.0015106201
-0.0005798340
-0.0011444092
