0.25
-0.25
-0.25
0.25
0
0
0.5
0
2.5
0.25
-1.25
-2.5
-1.5
-0.75
2.25
-2.25
2
31.75
0.5
-3
0.25
2.5
1
-3
-4.5
0
-10.5
25.5
1
3.25
-2.25
-3.5
2.75
-0.5
-1.5
-1
-11.5
-1.25
-2.75
-0.75
1
-0.75
0.75
0.5
-1.5
-11.5
-1.5
-1.25
1.5
0.75
2
-1
-3.25
0.5
0
-0.5
4.75
0.25
-8.25
2.5
0.75
2.25
0.75
-5.75
31.75
-0.75
4.5
-2.75
1.5
-3.75
1.5
3.25
-0.75
0.5
29.75
7.5
1.5
-1.5
-1
1.25
-4.5
-1.5
1.75
2.75
4
2
-2.5
2
-2
-0.5
0.25
1.25
-1.75
-0.5
-32
-0.75
0.75
0
2
-0.5
0.25
0.75
1.5
-0.75
-1
31.75
1.5
-0.75
1.25
1.75
1
1.5
0.25
0.75
-0.5
-0.25
0.25
0.5
0.5
-4.75
-0.5
-0.25
0.75
0.75
-1
0
2
-1.25
2.75
1.75
4.75
0.25
2.25
2
-2.25
-0.25
-2
1.75
0.75
-8.25
-4
-1
0.25
2.25
0
0.5
-0.5
0.25
0.5
-0.25
0
0.25
9.75
-1.25
1.5
3.75
2.5
0.5
-3.25
-2.5
-1.75
1
31.25
0
-1
3
3.75
1.5
-0.25
0.5
-0.25
0.25
-1
0.75
0.5
0
-0.5
-0.75
1
-32
-2.5
0.5
-0.25
0.5
0.75
21
1
-1
-1.25
0
0.25
-0.25
-5
6.25
1
5
3.75
-5.75
7.25
4.25
-0.75
-2.25
14.5
-1
-0.25
1.25
-1
-0.5
-0.5
1.25
2.25
-1.5
0.5
-1
-0.75
-3.25
-1
1.5
1.5
31.75
-0.5
-1.25
-1.5
-1.75
-3.25
31.75
-1.5
4
-0.75
1
-0.75
1
4.25
-4.5
14.75
0.25
0.75
12.25
-0.75
-1
0.5
-5.75
-1.25
0.25
-0.5
0
0
0.25
17.75
-1.75
1.25
1
-3.5
0
1.5
-3
0.5
-0.25
-0.25
0.5
0
0
0.5
-0.25
2.75
-0.25
-0.5
-2.5
-1
-1
2
-1.75
2.5
31.75
0.25
-2.75
0
2.25
1.25
-2.75
-4.5
0
-10.5
26
0.5
3.25
-1.25
-2.5
3
0
-1.25
-0.5
-13
-0.75
-3.75
-0.5
2
-1
1.25
0.75
-0.5
-9
-0.5
-1.75
1.25
0
1
-1.25
-1.5
0.75
-0.25
-1.25
3.75
-0.25
-7.75
2.75
1.25
2
0.5
-5
31.75
-0.75
4.25
-2.75
2
-3.75
1.5
3
-0.25
-0.5
30.75
7.75
1.5
0.5
-0.25
0.5
-3.75
-1.75
2
4.5
5.25
2.5
-2.75
2.5
-1.5
0.25
0.5
0.75
-0.75
-0.5
-32
-0.5
-0.25
0.25
1
-0.5
-0.75
0.75
1
-0.25
-1.5
31.75
1.25
-1
1.5
0.75
1
0.5
0
0.25
0
-0.25
0
0
0.5
-2.5
0
-0.75
0.25
0
-0.25
-0.75
1.5
-0.5
2.75
2.75
5
0
2.25
1.25
-1.75
0
-1.75
1.5
0.5
-9.25
-4.5
-0.5
1.75
2
0.25
0.75
-1.5
0.25
0.5
-0.25
0.25
0.25
12.5
-0.75
1.25
3.75
0
0
-5.75
-2.25
-1
0.75
31.75
-0.25
0.25
2.75
2.75
2
-0.25
0
-0.5
0.25
-0.5
0.75
0.25
-0.25
0
-0.75
1
-32
-0.75
0.25
-0.75
0
0.75
22.75
0.5
-1.5
-1.75
0
0.5
0.5
-5
6.25
1
4.5
3.25
-5.5
7
4
-2.75
-3
14.25
-1.5
0
1.75
-2.25
-1
-0.75
0.5
2
-2.25
-0.5
-1
-0.5
-2.5
-1
1.75
0
31.75
-1
-1.5
-0.5
-1.75
-2
31.75
-2.25
2
-0.75
0.75
-1.25
0.75
3.5
-4
18.5
0
-0.5
11.25
-1.75
-1.25
0.5
-7.5
-1
0.5
-0.5
0.25
0.25
0
18
-1.5
1.25
1.25
-2.25
0.25
0
-2.25
0.75
0
-0.25
-0.25
-0.25
-0.5
0.25
-0.25
2.25
-0.75
0
-2
-0.75
-0.5
1.5
-0.75
2.5
31.75
0.75
-2.75
-0.5
1.25
1.75
-2
-4
-0.25
-9.25
24.75
0.75
2.75
0
-2.5
3
0.25
0.25
0
-15.25
0.5
-5.25
-0.75
3
-2
1.75
1.75
-0.25
-4.5
0.25
-2.5
0.5
0.25
0.5
-1.5
0.75
1.5
-0.25
-1.5
2.25
-0.25
-7.25
2
1.5
1.75
0
-3.25
31.75
-0.25
3.25
-1.75
1.5
-3.25
0.75
2.25
-0.5
-1.5
30.5
7.25
-0.25
3
2.25
-0.75
-3.25
-2
2.25
5.25
6
2.75
-2.75
2.5
-1.5
2
0.75
0.25
1.5
-0.25
-31.25
-0.75
-0.75
0.5
0
-0.25
-2
0.75
0.75
0
-1.25
31
0.75
-1.75
1.25
-0.75
1
-0.25
-0.5
0
0.25
0
0
-0.25
0
0.25
0.25
-1
-0.5
-0.25
0
-1
1.75
-0.5
1.75
2.75
3.5
-0.75
2.5
0.25
-1
-0.25
-1.75
1
0.75
-8.25
-4.25
-0.25
2.75
0.75
0.25
0.75
-1.5
-0.25
0.25
0.25
0.25
-0.5
15.5
0
-0.25
3
-3
0.5
-8.5
-2
0.25
0.75
31.75
0
1.5
1.5
1.75
2.5
0.25
-0.25
-0.5
0
-0.25
0
-0.5
-0.25
-0.25
0
1.5
-32
1.25
0.5
-1.25
-0.5
0.25
21.5
0.25
-2.5
-2
-0.25
0.5
1.75
-5
5.5
0.75
3.75
2.5
-4.5
5.75
3.25
-4.5
-3.25
13
-1.25
-0.5
2.75
-2.75
-2.25
-1.75
-0.25
1.25
-1.5
-0.25
-1.25
-0.25
-0.75
-1
2
-0.75
31.75
-2
-2.25
0.25
-0.75
-1
31.75
-2.5
0.5
-1.25
1
-0.5
0.75
2.75
-3
20.5
-1
-2.5
11
-3.25
-0.75
0.5
-9.25
-0.75
0.25
-0.25
0
0.75
-0.25
16.25
-1
1.5
1.25
-1
0.25
-1
-1.75
0
-0.25
0
0
0
-0.5
0
-0.25
1
-1
0.25
-1
0
0.5
0.5
0.5
2.25
31.75
1
-2.5
-1
0
2
-1.25
-3
0.75
-7
21.5
1
3
0
-2
3.25
0
1
0.25
-15.75
1
-6
-1.5
3.25
-2.75
1.25
2
0.25
-0.5
0
-2.5
-0.75
1.25
1.25
-1.75
2
2.5
-0.5
-0.75
1.5
-0.25
-6.5
1.25
0.75
1.75
-0.75
-3
31.75
-0.25
2.5
-0.75
1.5
-2.5
0.25
2
-0.25
-1.75
27
6.25
-1.25
3.75
3.5
-1.75
-2.75
-1.5
2.5
5
6.25
2.5
-2
2.25
-1.5
2.75
0.5
0
2.5
-0.5
-29.25
-0.75
-1.5
0.75
-2.25
-0.5
-2.75
1
0.5
0.25
-1.25
29
1
-1.75
0.5
-0.5
0.5
0.5
-0.5
0
0
0
0
-0.25
-0.25
0.5
0.25
-1.5
-0.5
0.5
-1
-0.25
2.75
-1.25
1.25
2.5
2.75
-1.25
3
-0.25
-0.5
-1
-1.5
0.5
0.75
-6.75
-2.75
-1
2.75
0
0.25
0.75
-0.75
-0.75
0.25
0.5
0.25
-0.5
14.75
0.5
-1.25
2.25
-5
0.25
-9.25
-1.75
0.75
0.75
31.75
0.5
1.75
0.5
1.25
2
0.25
-0.25
-0.5
0
-0.25
0.25
0
-0.25
-0.5
0.25
1.75
-27.25
1.75
0.25
-1.25
-0.25
-0.5
18.5
0
-3
-2.25
-0.25
0.5
2.5
-4.5
4.5
0.5
2.5
1.75
-3.25
4.5
2.25
-5
-3.5
10
-1
-0.75
4
-2.5
-2
-2
0
0.75
-0.5
0.25
-2
-0.5
-0.5
-1
2.25
-0.25
31.75
-2.25
-2
0.5
0.25
-0.5
30.75
-2
1.25
-2.25
0.75
0.75
1.25
2.75
-2.5
18.25
-1.5
-3.5
9.5
-3.25
-0.25
0.5
-9
-0.25
-0.5
-0.5
-0.25
0.75
-0.75
12.5
-1.5
2
1.25
-1.25
0.5
-1.25
-1.5
-0.25
0
0.25
0
0.25
-0.25
0.25
-0.25
0.25
-0.75
0.5
-0.5
-0.25
1
0
0.75
2
31.75
1.5
-2
-1.25
0.25
2.25
-1
-2
1.5
-6.25
18.25
1.25
2.5
0.75
-2.5
2.25
-0.25
1
0.75
-13
1.25
-4.5
-0.5
3.25
-2.5
1
1.25
0.75
1.25
0.25
-2.25
-1.25
0.75
1.5
-2
4.25
3.75
-0.5
-0.5
1.75
-0.5
-4
1
0
1.75
-0.25
-3.25
29.75
0
1.5
-0.75
1.25
-1.25
-0.5
1.5
-0.25
-1.5
20.75
4.75
-1.5
3.75
3.5
-1.5
-3
-1
2.25
4.25
6
2
-1
1.75
-1
3
1
0
2
-1.25
-26.75
0
-1.75
1
-4
-0.75
-2.5
1.25
0
0.5
-1
25
-0.5
-1.75
0.25
-0.25
0.5
0.75
0.25
0.25
0
0
0
-0.25
0
0
0
-1.75
0.25
1.25
-2.5
1.25
3
-2
2
2.75
2.75
-0.75
3.5
0.5
-1.25
-1.25
-1
0
0.75
-5.5
-1.75
-1.75
2.25
-0.25
0.25
0.5
0.25
-0.5
0.5
0.25
0.25
-0.25
10.75
0.5
-0.75
1.5
-5.5
-1
-8.5
-1.75
0.5
0.5
29.25
1
1.75
-0.5
1.5
0.5
0.25
0
0
0
0.25
0
0.25
-0.25
-0.25
0.25
1.75
-22
0.5
0.25
-0.25
0.25
-1
15.75
-0.5
-3.5
-2.25
-0.5
0.25
3
-3.75
3.25
0.5
1.75
1
-2.5
3.5
1.5
-5.5
-3
9.75
-1
-0.75
4.75
-2.25
-2
-1.25
1.5
0
-0.25
0.5
-1.75
-0.75
-1
-0.25
1.75
0
31.75
-1.5
-1.75
0.75
1.25
0.75
26
-1.25
2
-3
0.75
1.5
2.25
2.5
-0.75
14.25
-1.5
-4.75
7.75
-3.5
0.75
0.25
-9.75
0.25
-1
0
-0.75
1
-1.25
10
-1.75
2.25
1
-1.25
0.25
-1.25
-1
0
0
0
0
0.25
0
0.25
0
0
-0.5
0.75
-0.5
-0.25
1.75
0.25
0.5
1.5
28.25
1.75
-1.75
-0.75
1
1.75
-0.5
-1.25
2
-6
16.25
0.75
2.5
1
-1.5
0.75
0
2
1
-9
0.5
-4
0
2.5
-1.5
1
0.5
1.75
1.25
0.5
-2.25
-0.75
-0.5
1.25
-1.75
6.75
4.5
-1
-0.75
1.5
-0.25
-2.75
0.75
-0.5
1.25
-0.25
-2.25
25.25
1
0.75
-0.75
2.25
-0.5
-0.75
0.25
-0.5
-1.25
13.75
3.5
-1.75
3.5
4
-1.25
-2.75
-0.25
2.25
3.5
5.25
1.5
-0.75
1.25
-1.25
3
1.75
0
1.5
-0.5
-23.5
0
-1.25
1.5
-5
-0.75
-1.5
2
0
0.25
-0.5
20.25
-1.75
-1.75
0.75
0
0.75
1
0.25
0
-0.25
0
0
0.25
0.25
0
-0.5
-1.5
1.25
1.25
-3
2.75
3.5
-1.5
2.25
2.75
2.75
0
4.25
1
-1.5
-1.5
-0.75
0.25
1
-4.75
-1.75
-2.75
1.25
-0.5
0
0.5
0.25
-0.5
0
0.25
0
0.25
7.5
0.75
-0.75
0.75
-5
-1.25
-6.75
-1
0.25
0
24
0.75
2
-0.75
1.25
0
0.5
0.25
0.25
-0.25
0.25
0
0
-0.25
0.25
0.5
1
-18.25
-0.5
0.25
0.5
0.5
-0.75
13.75
-0.5
-3.5
-2.25
-0.75
0.5
2.25
-2.75
2
0.25
1.25
0.75
-1.75
2.75
0.75
-6.5
-1.75
8.5
-0.5
-0.25
4.75
-1.75
-2.25
-0.5
2
-0.5
-0.5
0.75
0
-1.25
-1.25
0.25
1.5
-0.25
31.75
-0.25
-1.25
0.5
1.5
2
22.25
-1
1.75
-2.5
1.25
1.25
2
1.75
0
10.75
-1.25
-4.75
7
-3
0.75
-0.75
-9.75
0.5
0
-0.25
-1.25
1.25
-1.25
8.75
-2
1.25
0.5
-1.5
0
-0.75
-1.5
0.5
-0.5
-0.25
0
0
0.75
0.25
0
0.5
0
-0.75
-0.75
-0.75
-1
1.25
-0.75
0
29.5
0.25
-0.5
2
1.25
0
-1.5
-4
-1.5
-15.75
29.5
-0.25
1.5
0
-10.25
1
0.5
-1.5
0.5
-9
-0.25
1.25
1
-0.25
-1.5
0
0.25
-1.5
-5.25
-2.5
0.5
1.25
0
1.75
-0.75
-3
-0.5
-0.75
-0.5
5
1.25
-7.25
2.5
0.75
3
-0.5
-9
24.75
-1
2.75
-1.5
-0.75
-1
-4.25
1
0.25
-0.75
31.5
8.5
1.75
-2.5
0
1.5
-5.5
1.25
2
0.5
4
2
-1.5
0.5
-3
-2.5
-0.25
2
-1.25
0.25
-32
-1.25
1.5
0.25
0
-0.25
0
1
0.25
-0.5
-0.75
31.75
3.5
-1
1.75
2
2.25
2.75
0.25
0.25
-0.25
-0.5
0.25
0.5
0.75
-4
-0.75
-1.75
0
-1.25
0
-0.5
0.75
0.25
4.25
3.5
5.75
1.25
1
3.5
-3.25
0.75
-2.5
1.25
0.5
-5.5
-2.5
4.5
1
3.75
-0.25
0.25
-0.75
0.5
0.5
-0.25
0.25
1.5
11.75
-2.5
1.5
2.75
2.5
0.25
0.5
-1
0
-0.75
18
-1.25
-1.25
0.25
1.75
1
0
0.25
0
0
-0.5
0.75
0
-0.25
0
0.75
0
-32
-1.25
0
1
-1.25
1.25
30.75
0
0.75
1
-1
-0.25
-0.75
-3.75
5.25
3.75
4.5
4.5
-5
6
3
-0.75
-1.25
14.75
-0.25
-0.5
0.5
-0.75
-0.25
1.5
0.75
0.75
-2.25
-0.5
-0.25
-1.25
-3.5
1
1
1
31.75
-1.5
-0.5
-3.25
-0.25
-1.25
31.75
-1
0
0.75
1.75
0.25
1.25
7
0.5
11.25
0
1.5
14
-3.5
-1.25
1.25
-7.75
0
-0.5
0.5
-0.5
-0.5
0.25
16
-0.25
0.75
1.75
-2
0.5
-0.75
0
0.5
-0.5
0
0.25
-0.5
0.5
0.25
0
0.5
0.5
-0.5
-0.5
-0.5
-0.75
0.5
-0.25
0.75
27.5
0.5
-1
1.5
0.5
0.25
-1.5
-3.75
-1.5
-16.25
31.75
0.75
0.75
1.25
-11
0.5
1.5
-0.75
0.25
-11.25
1.25
0.25
0.75
0
-1.5
0.75
0.25
-1
-2.75
-1.5
-0.75
1
-0.75
0.5
-1.25
-1.5
-0.75
-1.5
-0.5
3.25
1
-7
2
0.75
2
-0.5
-7
27.25
-0.5
2.5
-1.5
-1.25
-0.5
-5
1.25
0.25
-1.5
31.75
9.25
2
-1.25
0.75
1.25
-4.75
1.5
1.5
2
4.5
1.75
-0.75
1
-1.5
-2.5
-0.75
0.75
-1
-0.25
-31
-1.5
0.5
0.5
-1
-0.5
-1
0.75
0.25
-0.25
-0.75
31.75
2.75
-0.75
1.25
1.5
1.25
2
0
-0.25
0.5
-0.5
0
-0.25
0.25
-1.75
-0.75
-1.75
0.25
-1.25
0
-0.75
1
1
4
4.25
5.5
0.75
1.5
3
-1.75
1
-1
1.25
-0.5
-5.75
-3
4.25
2.25
3.25
-0.25
0
-1.75
0.5
0.75
-0.5
0
1.25
14.5
-1.75
1.25
2.5
0
0
-1.25
-0.5
0.25
-1
19.25
-1.25
0
0.25
1.25
1
0.25
0.25
-0.5
0
-0.25
0.75
-0.5
-0.25
0.5
0.5
-0.5
-32
-0.25
-0.5
0.5
-0.75
1.25
31.75
-0.75
1
1
-0.5
-0.5
-0.75
-4
5.25
3.5
4.25
4
-4.5
5.75
2.75
-0.75
-0.75
16.25
-0.25
0
0.5
-1.75
-1.5
0.25
-0.5
1.25
-1.75
-0.5
0
-0.75
-2.25
1
0.75
0.25
31.75
-1.75
-1
-3.5
-0.25
-0.25
31.75
-0.75
-1.25
1.25
1.75
-0.75
0.5
6
1.5
15.25
0.25
0.25
14
-4.5
-1.75
1
-10
0
-0.5
0.5
-0.75
0.5
-0.25
17.5
0.25
0.25
2
-0.75
0.75
-1.5
0.5
0.75
-0.5
-0.25
-0.25
-0.5
0.25
0.5
0
0.75
0.75
-0.5
-1
-0.5
-0.25
0
0
1.5
23.25
1
-1.25
1.25
-0.25
1.25
-1.75
-3.5
-1
-14.75
31.75
1.25
-0.25
2.25
-10.75
0.75
2
0.5
-1
-13.5
4.25
0.25
-1.25
0.25
-1.5
1.75
0.75
-0.5
1
0
-2.25
0
-1.75
-1
-1
0.5
-0.5
-0.75
-0.75
1
0.75
-5.5
1.25
0.25
0.5
-0.75
-4
27.75
-0.5
1.5
-0.25
-2
-0.25
-6
0.75
0.25
-2.25
31.75
9
1
1
1.75
0.5
-3.75
1.75
1.25
2.5
5.25
1.5
-0.25
1.25
-1
-1.25
-0.5
0.75
0.5
-0.25
-29.25
-2.25
-0.25
0.5
-1.75
0
-1.25
0.75
0.25
-1.25
-0.25
31.75
1.5
-1.25
0.5
0.25
0
1
-0.5
-0.25
0.5
0
-0.25
0
0.25
0
-0.5
-1.75
0.25
-1
0.25
-1.5
1
0.75
2.75
3.75
4
-0.75
1.75
1.75
-0.5
1
0.75
0
-1
-4.5
-2.25
3.25
4
1.25
0
0
-2
-0.25
0.75
0.25
-0.25
0.75
17.5
-1
-1
1.5
-3.5
0.75
-3.75
-0.5
0.25
-0.75
19.25
-0.75
1.25
0.5
0.5
1
0.75
0
-0.5
0
0
0.25
-0.75
-0.75
0.25
0.5
0.25
-29.75
1
-0.75
-0.25
-0.5
0.75
29.5
-0.5
0.5
1.25
-0.25
-0.25
-0.5
-4.25
5.25
2.75
3.75
3.5
-3.75
5
2
0
1
16.5
0.25
0.25
-0.5
-1
-3.75
-0.5
-1.25
1
-0.25
-0.25
-0.5
-0.5
-0.25
1
1
0
31.75
-2.25
-1.5
-4
0
0.25
30.5
-1
-1.75
1
1.75
-0.5
0.25
5
2
18.25
0
-1.75
13.5
-5.25
-2.25
1
-11.25
-0.75
-1
0
-1
1.5
-0.75
16.25
-0.25
0.5
2.75
-0.75
1.5
-1.5
0.5
0.25
-0.25
0
0
0
0
0.75
0
0
0.5
-0.5
-0.75
-0.5
0
0
0.25
1.75
21.75
1.25
-1.25
1
-0.5
2
-2.25
-2.25
-0.5
-11.5
29
1.25
0.25
2.25
-8.75
1.25
2
1.25
-1.5
-14.25
5.5
-0.25
-2
2
-2.25
1
-0.25
1.75
4.25
-0.75
-1.75
-1
-2.5
-1.75
-0.5
2.75
1
-0.25
-0.75
1
-0.5
-2.75
1.25
-1.25
0.5
-1
-3.25
26
-0.5
1
0.75
-2
-0.25
-5.75
1.75
0.5
-2.5
29.75
7.5
-0.5
2.25
2.75
-0.75
-3.25
1.25
1.75
2.25
5.25
2
-0.25
1.25
-1
0.25
0
0.75
0.75
-0.25
-27.75
-2.5
-1.25
0.25
-4
0
-1.25
1.5
0.25
-1.75
0.5
31.25
1
-1.5
-0.75
-0.5
-0.5
1.25
-0.25
0
0.25
0.25
-0.25
0
0.25
-0.25
0
-1.5
0.25
-0.75
0
-1.25
1.5
-0.75
2.25
3.25
3.5
-1.5
2.25
1.5
-0.75
0.5
1.25
-0.5
0
-3.25
-0.75
2.25
4.25
0.5
0
0
-0.5
-0.5
0.75
0.5
0.25
0.5
16.5
-0.75
-2.5
1
-6
1.25
-4.5
-1.25
0.5
-0.25
19.25
-0.25
2
0
-0.5
1
0.75
-0.25
-0.5
0
0.25
0.25
-0.5
-0.25
-0.25
0.5
0.5
-24.5
1.5
-0.5
-0.5
-0.25
0.25
25.75
-0.5
0.75
1
0
0.25
-0.25
-4
4.5
1.5
2.5
2.25
-2.5
3.75
1.75
0.25
2
16
0.25
0
-0.75
-0.75
-5.5
0.25
-0.5
0.25
0
0.5
-0.5
-1
-0.25
0.5
1.5
0.5
31.75
-2.25
-1
-3.75
0
-0.5
28.25
-1.25
-1.25
-0.5
1.75
0.75
0.75
4.75
1.75
16.75
0
-3
11.25
-4.75
-2.5
0.5
-11.75
-1
-2
0
-1.5
1.5
-1
11.75
-0.5
1
2.5
-0.5
1.5
-1
0.5
0
0
0.25
0.25
0.25
0
0.5
-0.25
-0.25
1
-0.25
-0.5
-0.5
0
0
0
1.25
21.5
0.5
-1
0.25
0.5
1.75
-1.5
-1.5
0.25
-9.75
25.25
1.25
0.5
2.25
-6.5
0.5
1
1.5
-1.25
-12.25
3.75
-0.5
-1.5
2.5
-2
1
-0.75
3.75
4.25
-0.75
-1.75
-1.75
-4.5
-2.75
-0.25
5.5
1.5
-0.75
-1.25
2
-0.5
-1
1.25
-1.25
1
-0.25
-3.5
22.5
0
0.5
1.25
-1.5
0
-5.25
1.75
0
-2.25
22
6
-0.5
2.5
2.5
-1
-2.75
1
1.5
2
4.5
1.5
0
1
-1
1.25
1.25
1.25
1.25
0.25
-23
-1.75
-1.75
0.25
-6
-0.5
-1.25
2.5
0.25
-1.25
0
26.25
-0.5
-1.75
0.25
-0.75
-0.25
0.5
0
0.25
0
0
-0.25
-0.25
0.25
-0.5
-0.25
-0.75
0.75
-0.25
-0.75
0
1.5
-1.25
2.25
3
3.25
-1.5
2.25
1.25
-0.75
0.25
1
-0.75
0.25
-2.5
-0.25
2
3.25
-0.25
-0.25
-0.25
0.5
-0.25
0.5
0
0.5
0.5
13
-0.5
-3.25
0.5
-6.5
1.25
-4.25
-1
1
0
19
0.75
3
-0.75
-1
0.75
0.5
0
-0.25
0
0.25
0.25
-0.25
0
0.25
0.75
0.5
-22
0.25
-0.25
0.75
0
-1
24
-0.5
0
1.5
-0.25
0.25
0.5
-3.25
3.25
0.5
1.75
0.75
-2
3
1.25
0
2.25
15
-0.25
0.25
-0.5
-0.5
-6
0.5
0.5
-0.25
-0.75
1.25
0.25
-0.75
-1
0.75
1
1.25
31.25
-1.5
-1
-2.25
0.75
-0.25
23.5
-0.25
-0.5
-1.25
2.5
1.25
0.75
3.25
1.75
13.5
-0.75
-3.5
8.5
-4.5
-1.25
0.25
-12.5
-0.75
-2.25
0.5
-2.75
1.5
-1.25
8.75
-1
1.25
1.5
0
1.25
-0.75
0.5
0
0
0
0
0
0
0.5
0.25
-0.25
0.75
-0.25
-0.25
-0.25
0
0
0
1.25
19.75
0.25
-0.75
-0.25
1
1
-0.5
-1.25
0.5
-7.25
21.5
0.5
-0.25
2
-4.5
0.25
0.75
2.25
-1.75
-10
3
-0.75
-1.75
1.25
-0.75
0.75
-0.75
4
2.5
-0.25
-2.25
-1
-5.5
-3.25
0.25
7.5
2.25
-0.5
-0.75
1.5
-0.25
-0.5
0.75
-1.5
0.75
-0.5
-3
18
0.25
0.25
0.75
0.25
-0.25
-2.75
0.75
-0.25
-1
15
4
-0.5
2
2.75
-0.75
-1.25
1
1
1
3.25
0.75
-0.25
0.75
-1
1.5
2
1.5
1
1
-21
-2
-2
0.5
-7
-0.75
-0.75
4
0
-1
-0.25
20.75
-1
-1.75
1
-0.25
0.75
0.5
0
0
0
-0.25
-0.25
0
0.25
-0.25
-0.5
-1
1.25
0.25
-0.75
1.75
2
-0.75
2.25
2.5
2.25
-1
2
1
0
-0.25
1.5
-0.5
0.5
-1.75
0
1
2.25
-1
0
0
0.25
-0.25
0
0
0
0.75
9
-0.25
-3
0.5
-6
1
-2.75
0
1
-0.25
14.5
1.25
3.5
-0.5
-1.75
0.75
0.5
-0.25
0.25
0
0
0.25
-0.25
0
0.25
0.25
0.25
-20.25
-0.75
0
0.75
0.5
-1
20.25
-0.75
0.25
0.75
-0.75
0.75
0
-2
1.75
-0.25
1.25
0.5
-1.25
2.25
0.75
-0.5
2.5
11.25
0
1
-1.25
-0.75
-4.5
1
1.25
-0.5
-1.25
1.25
1
-0.75
-1.25
0.75
0.75
1
27.75
-0.25
-0.75
-1.5
1
0.75
20.5
-0.75
0
-1
2.25
1.25
0.75
1.25
1
10.25
-0.75
-3.25
6.5
-3.25
-0.5
-0.25
-10.25
-0.5
-0.75
0.5
-2.5
1
-0.5
6.5
-1.5
1
0.5
0
0.5
-0.75
0
-0.25
-0.5
0.5
-0.25
-0.25
-0.25
0.25
0.25
0.25
-0.25
0
0.5
-0.75
-0.5
1.25
-0.5
-0.25
10.25
0.25
1.5
0.75
2
0.5
-1
-1.25
-2.25
-11.25
18.5
1.5
-0.75
2
-11.25
-3.5
3.25
-1
1
-2
3.25
3.5
1.25
-1.25
-0.5
1
1.25
2.5
-1
-0.25
-1.75
1.5
0.5
0.5
-1.5
-2.5
-0.25
-0.75
0.75
4.75
1.75
-5
2.5
-0.5
2.5
-2.5
-8.5
20.25
0.5
-0.75
-1.75
0.5
1
-4.5
-0.5
2.25
-3.25
28.75
8.25
0.25
-2.25
0.25
1
-3.25
1.5
0.75
-0.5
3.25
1.25
-1.5
0
0
-1.75
-1.25
1.25
0.5
-0.5
-25.25
1
0.75
-0.25
3.75
-0.5
-0.5
1
-0.75
-1.25
-2.75
31.75
-4.75
-1.75
0.5
0.25
2
1.75
-0.25
0
0
0
-0.25
0.25
0.5
-2.25
-0.25
-1.5
-0.25
-1.5
0
-0.75
0.75
-0.5
1.5
3
4.75
-0.25
-0.25
3
-3.25
-0.5
-1
0.25
-2.75
-2.25
-1.25
4
0.75
3
0
-0.5
-2.5
0
0.75
0
0
1.25
13.25
-2.5
0.5
-2.25
-4
0.25
-0.5
1
-0.25
-0.75
8
0.25
-2
0.25
-2.5
-0.5
0.25
0.5
-0.25
-0.5
-0.25
0.5
-0.25
0
0.25
0.25
-0.5
-21
0
0.75
1
-1.75
1
21.75
1.5
2.75
3.75
-0.75
-0.25
-0.75
-4.5
5
5.25
4.75
5.25
-4.5
5.25
3
-0.5
-0.25
9.25
-0.25
0.5
-1.25
0.75
0
2.75
0.75
-0.5
-2.5
-1.25
0
-1
-3
-0.25
1.75
0.75
19
-3
-0.25
-2
-0.25
1.75
22.25
-1.5
-2.5
1.25
0.25
0.75
0.75
7.5
4.25
10.75
0.5
-0.5
11.25
-4.75
0.5
0
-14.5
2.25
0.75
0.5
1
-1
1.25
13.25
0.25
0.75
0.25
-0.75
-1
-0.75
-0.75
0
-0.75
0.5
-0.25
-0.5
0
0
0.5
0
0.5
0
0.25
-1
-0.75
0.25
-0.25
-0.25
10.75
0.5
0.75
0.75
1
0.25
-1.25
-0.75
-2.25
-12.5
21.5
2.25
-2
4.25
-13
-4
3.5
-0.75
0.5
-4.5
4.75
3.25
0.75
-1.75
-0.75
1.5
0.5
1.75
1.75
0.25
-1.5
0.75
-0.25
-1.25
-1.5
0
-0.5
-1
0.5
3
1.5
-3.5
1.25
-0.25
1.5
-1.75
-7
22.5
0.75
-0.75
-1.75
-0.75
1
-5.75
0
1.75
-4
31.75
9.25
0.25
-1.5
0.75
1.25
-3
2.75
0.25
-0.25
3
0.5
-0.25
0
-0.25
-1.75
-1
1.5
1.5
0
-25.5
0
-0.5
-0.25
3
0
-0.75
0.25
-0.5
-1
-1.75
31.75
-5.25
-1
0.25
0.25
1
0.75
0
0
0.25
0
0
0
0
-1.25
-0.5
-2.25
0
-1.25
-0.5
-1.25
0.25
0
1.5
3.5
4.25
-0.5
0.25
3
-2.25
0.25
1.25
-0.5
-3.5
-1.75
-1.25
3.5
2.5
1.75
-0.25
0
-3.5
0
0.5
0
0
1.5
14.5
-1.75
0
-2.5
-5.25
0.25
-2.25
0.75
-0.25
-1
7.25
0.75
-1.25
-0.5
-3.75
-0.5
0
0
-0.5
-0.5
0.25
0.75
-0.75
-0.25
0.5
1
-0.75
-21.5
0
-0.25
0.75
-1.25
1.25
20.75
1.25
2.75
4
-0.25
-1
-1
-5.25
5.5
5
4.5
4.5
-4.25
5.25
2.75
0.25
0.75
11.75
0.5
1.25
-2.25
1.25
-2.5
0.75
0
0.25
-0.75
-1
0.25
-0.5
-1.75
-0.75
2
1.5
20
-3
-1
-3
-1
2.25
22.5
-1.5
-2.25
1.75
1
0
0.5
7.5
6
15.25
1.25
-1.25
12.75
-6
0
0.25
-16.5
2
0.5
0
0.5
-0.25
0.75
13.25
0
1
1.5
-0.5
0.25
-0.5
-0.75
0.25
-0.5
0
-0.25
-0.25
0.5
0
-0.25
0.5
0
0
-0.25
-1
0
-0.5
0.25
0
11.25
0.5
0.5
1
0.75
0.5
-1.75
-0.25
-1.5
-12
23.25
2
-3
6.25
-13
-3
3.25
0.25
-1.5
-7.75
8
3.5
-1
-1.75
-1.5
1.5
-0.75
1.75
5.25
0
-1.25
-0.25
-1.25
-1.25
-1
2.75
-0.25
-0.5
0.25
1.5
0.75
-1
0.25
-0.75
1
-1.25
-5.5
24
0.5
-1
-0.75
-2
1.25
-7
0.25
1.5
-4.75
31.75
9.5
0.5
-0.25
0.75
1
-2.5
3
0
0.25
2.5
0.25
0.5
0.25
-1
-0.75
0.5
2
3
0.75
-26
-1.5
-0.75
0
0.75
0.5
-0.75
0.25
-0.5
-1.5
-0.5
31.75
-5
-0.75
-0.25
0
0.25
0.5
0
0
0.5
0.25
-0.25
0
0
-0.75
-0.5
-2
0.25
-1
-0.25
-1
0.75
0.25
1.5
3.5
3.5
-1
0.5
3
-1.75
0.75
2
-1.5
-2.5
-1
-0.25
2.5
4.5
0.5
0
-0.25
-3
-0.75
0.75
0.5
-0.5
1.25
15.25
-1.5
-1.75
-3
-6.75
1.5
-3.75
0.75
-0.75
-1
4.75
0.75
-0.5
-0.5
-4.25
-1
0.25
-0.25
-0.5
-0.25
0
0
-0.25
-0.25
0.75
1.25
-0.75
-20.25
1
-0.25
0.25
-1
1.25
16.75
1.75
3.25
4.5
-0.75
-0.75
-1.75
-5.5
5.5
4
4
3.75
-3.5
4.75
2.25
1
2.75
13.5
1.75
1.75
-3.25
2
-4.75
-0.25
-0.5
0.75
1.25
0.25
0.5
-0.75
-0.25
-1.25
2.75
0.25
18
-3.75
-1.25
-4.25
-1.25
1.75
22.25
-1.25
-1.5
1.25
1.5
0.25
1
6.5
6.75
17.75
1.5
-2.75
12.25
-6.25
-1
0.25
-16
0.75
0
0.25
-0.25
0.25
0
10.25
-0.5
1.5
2.75
-1
1.25
-0.25
-0.75
0
0
0
0
0
0.25
0.25
-0.25
0
-0.25
-0.5
-0.5
-0.75
0
-0.25
0.5
0
11.75
1
0.25
0.75
0.25
0.25
-2.25
0.25
-0.75
-10.5
23
1.75
-2.5
6.25
-11
-1.25
1.75
0.75
-2
-10.5
8
3
-1.5
0.25
-2.25
0.25
-1.75
3.75
7.25
-1.75
0.5
-0.25
-3.5
-2
-0.5
5
0.5
-0.25
-0.75
1.75
0
2.25
0.5
-2.5
1.5
-1
-5.5
22.5
-0.25
-1.5
0.5
-2
1.25
-6.75
1
1.25
-4.25
28.25
7.75
-0.25
0.5
1.5
0
-2
1.75
0
0.25
2.5
0.75
0.5
0.5
-1.75
1.25
2
2.25
2.75
1.25
-25
-2
-1.75
0.25
-2
0.5
-0.5
0.5
0
-2
0.5
25.75
-5
-0.5
-0.5
-0.5
-0.25
1.5
0.25
0.25
0.25
0
0
0
0
-0.25
-0.5
-1.25
0.25
-1
-0.25
-0.5
1.5
0
1.75
3.25
3.25
-1
1
3
-2.25
1.25
1.25
-1.75
-0.5
-0.75
1
2.25
4.5
0
0
-0.25
-0.5
-0.5
0.5
0.5
0
0.75
13.5
-2
-3.75
-2.5
-7.75
2.5
-2.75
-0.25
-0.25
-0.75
2.5
1
0.25
-0.75
-4.25
-0.75
0.25
-0.75
-0.25
0.5
0
0.25
0
0.25
0.25
1.25
-1
-18
1.5
-0.25
-0.25
-1.25
1
15.25
1.75
3.25
4.5
-0.5
-0.25
-2
-4.75
4.5
2.25
2.75
2.5
-2.75
4
1.75
0.75
3.5
14.25
1.75
1.25
-2.5
2
-6.25
0.5
0
0.25
1
2.75
1
-0.75
-0.25
-2
3.25
0
16
-4
-0.5
-4.5
-1.75
-0.25
22.5
-1
-0.5
0.25
1.25
0.5
1.75
6
6
16.5
1.75
-3.5
10.5
-6
-1.75
-0.25
-14.75
-0.75
-1.25
0.25
-1.5
0.5
-0.5
5.5
0
1.25
2.5
-0.5
1.5
0
-0.25
0
0
-0.25
0
0.25
0.25
0.5
0
0
0.5
-0.25
-0.75
-0.25
-0.25
-0.25
0.25
-0.25
12.25
0.5
0
0.5
0.25
0
-1.25
0.5
0
-9.25
21
1.5
-1.25
4.75
-7.5
-0.5
0.75
0.25
-1.75
-10
5
2
-1.5
1.25
-2
0
-1.25
4.5
6
-1.5
0.5
-0.25
-5.5
-1.5
0.25
6.5
0
-0.75
-1.5
2.5
0.5
2.5
0.5
-2.5
1.5
-0.75
-5
17.25
-0.5
-2
1
-0.5
0.25
-4
0.75
0.75
-3
19.75
5.25
0
1.5
2.25
-0.75
-2.25
1.5
0.75
0.75
2.5
0.75
0
0.75
-1.25
1
2.25
2.5
2.75
1.5
-17.75
-1.5
-2.5
0.5
-5.25
0.25
-0.5
1.75
0.5
-1.5
-0.25
20.5
-4.25
-0.75
0.25
-0.5
0
1.25
0
0.25
0
0
0
0
0
-0.5
-0.5
-1
0.5
-0.75
-0.25
0.5
1
0.25
2
3
3
-0.75
0.75
3.5
-2
1.25
0.5
-1.5
0
-0.5
1.25
2
3.5
-0.75
0
0
1
0
0.25
0.5
0
0.25
10.5
-2
-4.75
-1.25
-7
2.75
-1.25
0.25
0.25
-0.75
1.75
1.25
0.5
0
-3.5
0.25
0.25
-0.25
0
0.25
0
0.5
0.25
0.25
0.25
1.25
-1.5
-18
-0.5
-1.25
0.25
-0.5
-0.25
14.5
1.5
1.75
3.75
-0.75
0.25
-0.75
-3.25
3.5
0.5
2
1
-1.75
3
1
0
2.75
10
1
1.5
-2
1.25
-4.5
0.5
0.25
0.25
0
2
1.25
-0.25
-0.75
-1.75
2.25
0.75
16.25
-2
0.25
-3.25
-2
-0.75
19
-0.25
0.25
-0.5
1.25
1
1.75
3.25
3.75
12.75
1
-3
8
-5
-0.5
-0.25
-13
-0.75
-1.5
0
-2.25
0.5
-0.75
3.5
-0.5
1.25
1
0
1
-0.25
-0.25
0
0
-0.25
0
0
0.25
0.25
0
0.25
0.5
-0.25
-0.25
0
-0.5
-0.25
0.25
0
12
0
0.25
-0.5
0.25
-0.25
-0.25
0.5
0.25
-6.25
18.75
1
-1
3.25
-4.5
-0.25
0.25
1
-2.25
-8.25
4.25
1.75
-2.25
0
-0.5
0.25
-0.75
3.5
5.25
-0.75
-0.5
0.25
-5
-2
1.25
6.25
0.75
0.25
-1.75
1.5
0.75
2
0.25
-2.5
0.5
-0.5
-4
12.5
0.25
-1.25
0.25
1.25
-0.25
-1.25
0
-0.25
-1.25
12
3
-0.25
1.75
2.5
-0.75
-1.5
0.5
0.5
0.25
1.5
0.25
0
0.75
-0.75
0.25
2
2.25
1.75
1.25
-15.5
-1.75
-3
0.5
-6.5
-0.25
-0.25
4
0.25
-1.75
0
15
-3.25
-0.5
0.5
0
0.5
1
-0.25
0
0
0
0
0
0
0
-0.5
-0.25
1
-0.25
-0.25
1.75
1.25
0.25
2.25
3.25
2.5
-0.25
0.25
2.75
-1.75
1.25
1.5
-1.25
0.5
-0.5
1.25
0.75
2.5
-1.25
-0.25
0
0.25
-0.25
0
0.25
-0.5
0.25
6.75
-2
-3.25
0
-6
1.75
-0.25
0.75
0.25
-1.25
-0.5
1.25
1.25
1
-3.5
0.75
0.25
0
0
0
0
0.25
0.25
0
0
0.25
-1
-16.75
-1.25
-1.25
0.5
0.5
-1
12.25
1
1.5
2.5
-0.5
0.75
-0.25
-2
1.75
0
1.25
0.5
-1
2
1
0.25
2.25
6.25
1.25
1.5
-2.25
0.25
-2.5
0.75
0.25
-0.25
-0.5
1.25
1
-0.25
-0.25
-1.25
1.25
0.25
14.5
-0.5
0.25
-2.5
-1.25
-0.25
15.25
0
1.25
-0.75
1.25
1
1.5
1.75
1.75
8.75
0.75
-1.5
6
-3.25
-1
-0.5
-9.75
-0.75
-0.5
0
-2
0.25
0
2.75
-1.25
1
0.5
0
0.75
-1.25
-0.5
-0.5
0.25
0.5
0
0
0
0
-0.25
0.25
0
0
0.25
0
-0.75
1.75
0
-1.5
-1
0.75
2.75
0.5
1
0.75
-1
0.75
-2.5
-4.75
7
1.5
-3.75
2.25
-8
-4.25
3.5
-0.25
2
5.25
1.75
2.25
1.25
1
-0.75
-0.25
0.5
8.25
3
-0.5
-1
0.25
-1
-1.5
-0.75
-1.75
-1.5
-0.25
0.5
1.75
2
-1.25
2
-0.75
0.25
-1.75
-2.5
16
0.75
-2.25
0.25
1
1.5
-3.5
-0.75
0
-5.25
20.5
6.5
0.25
0.25
0
1.25
-0.25
0.25
0
-0.5
1
1
-1.5
0
-0.25
-2.25
0.25
0.75
-1
-1.5
-18.75
0.75
-0.25
0.25
6.5
-1.5
0
0.5
0.75
-1.25
0
22.5
-8
-0.5
0.5
-0.25
0.5
-1.75
-0.5
0
0
0
0
0
0.25
-1
0.25
-0.75
-0.25
-1
0.25
-0.75
-0.25
-0.25
2.5
6.75
6.25
1.25
-1
8.25
-1.75
2.75
3
0
-5
-0.25
-0.75
1
0.75
1.5
0
-0.25
-2.75
0
0.75
0.5
0.25
0.75
11.5
0.5
-0.25
-7.75
-10.5
0
-3.25
1.25
0.25
0.75
4.5
0.25
0
1
0.25
0.25
0.25
0.25
0
-0.5
0
0.5
-0.5
0
-0.25
-1.25
-0.25
-4.5
0.5
-0.25
-0.5
-1
1.25
10.75
1.75
1.25
5
0
-0.25
-1.25
-4.5
3.75
5
4.5
3.5
-3.75
3.75
2.5
1.75
1.25
6
1.5
0.5
-2.5
1.5
-2.5
2.25
0
-1.5
-2
-1.5
-0.25
0.25
-1.75
0.75
1.75
1
6.75
-4
-0.5
-2
0.75
1
4.25
-0.25
-0.25
1
2
-1.75
1.25
5
5.25
7.5
0
-1
8.75
-4.25
1
0
-13.75
1.25
-0.5
-0.25
-1.5
1
1
12.5
0.75
0
-1
1.25
-0.25
-0.25
-0.75
-0.25
-0.25
0.25
0.25
-0.25
0.25
-0.25
0
0.5
0.25
0.25
0
-0.25
-0.75
1.5
0
-1.5
0.75
0.25
2.75
0.25
0.75
0.25
-1.25
1
-2
-6.25
10.75
1.75
-4.25
4.25
-9.75
-4.5
3.5
0.5
0.5
4
4
3
0
0.25
-1
0.5
0
6.75
4.5
0.25
0
-0.25
-1
-1.5
-0.75
1
-1.75
-0.5
0
0.5
1.25
0
1
-0.75
0.5
-1.25
-2
19.75
0.25
-2
0.5
-0.5
1.5
-5
-0.25
-1.25
-5.25
21.25
5.75
0.5
-0.5
-0.75
1.75
-0.75
1.25
-0.25
0
1.25
0.25
-0.25
0
-1.75
-1.5
1.75
1.25
0
-0.75
-22.5
-0.5
-1.25
0.25
6
-1.25
0
0.25
0.25
-1.25
1
21.75
-7.75
0.5
1
0.25
0
-2
-0.25
0
0
0.25
0.25
0
0
-1.25
0
-1.75
-0.25
-0.5
-0.5
-0.75
-1
0.5
2.25
6.5
6.5
1.5
-0.75
8.5
-0.5
3.5
5
-1.25
-5
0
0
0.25
2.5
0.25
-0.25
0
-3.5
0
0.25
0.5
0.25
1
12
0.75
-1
-8.25
-10.5
0.25
-4.75
1
-0.25
0.75
2.75
0.25
0.25
0.5
-0.5
0.25
0
0.25
0
-0.5
0.25
0.5
-0.75
0.25
-0.5
-0.75
-0.25
-5.5
0.5
-0.75
-0.25
-0.5
1.75
7
1.25
2.5
5
0
-1
-1.75
-5.25
4.25
4.75
4.25
3.25
-3.25
3.5
2.25
2.75
2.75
7.75
2.5
1
-3.5
2.75
-5
-0.25
0
-0.25
0.5
-0.5
0.25
0
-0.75
-0.5
2.5
1.25
3.25
-4
-1
-2.5
-0.25
1.25
5.25
-0.25
1
1
3.25
-1.5
1.75
5.25
7.25
10.5
1.25
-1.25
9.25
-4.5
0.25
0
-15.25
1
-0.5
0
-2
1
1
10.75
-0.5
0.75
0.5
0.25
0.75
0.5
-0.75
-0.25
0.25
0.25
0
-0.25
0.25
-0.25
-0.25
0.5
-0.25
0.5
-0.25
-0.75
0
0.5
0.25
-1.25
2
0
2.5
0.25
0.5
-0.25
-1.5
2.25
-1.75
-7.25
13.75
1.25
-4
5.75
-10
-3.25
2.75
1.25
-0.75
1.5
6.25
3.5
-0.75
0.25
-1.75
0.5
-1.5
6.75
7
-0.5
1.75
-0.25
-1.5
-1.5
0
2.75
-1.75
0.25
-0.5
0.5
0.75
2.5
0.5
-1.75
0.75
-0.75
-3.25
21
-0.75
-2.25
1
-1.75
2.5
-6
-0.5
-1.25
-4.75
21.25
5.5
0.75
-1
-0.75
1.75
-0.75
1.25
0
0.5
1.25
0.5
0.25
0.25
-1.5
-0.25
2.5
1.75
1.5
0
-23.5
-1.5
-1.75
0.25
4
-0.5
-0.25
0
0.25
-1.25
2
17
-7
1.25
1
0.25
0.5
-1
-0.25
-0.25
0.25
0.25
0
0
0
-1
0.25
-1.75
-0.25
-0.75
-0.25
-1
-1.25
0.75
2.25
6.25
6.5
1.25
-0.25
8.25
0
3.25
5
-1.75
-3.75
0
1.5
1
3.5
0
-0.25
-0.25
-2.75
-0.25
0.75
0.75
0.25
0.5
10.25
0.25
-1.75
-7.5
-10
0.75
-4.5
0.5
-0.75
0.75
-0.5
-0.5
0.25
0.5
-0.5
0
0
0.25
-0.25
-0.25
0.25
0
-0.75
0
-0.25
-0.5
0
-5.75
1.25
-0.25
-0.25
-0.25
1.75
4.25
1.5
3.5
5
-1
-1.25
-2
-5
4
3.5
3.5
2.5
-2.75
3
2
2.5
3
8.5
3
1.5
-3.25
3.25
-6
-0.75
-0.25
0
1.5
1.25
0.5
-0.5
-0.5
-1.25
3.25
0.25
0.75
-4.5
-0.75
-3.25
-0.75
0
8.5
-0.75
2
0.75
3
-0.75
2.25
5
8
13
1.75
-1.75
8.25
-4.5
-0.25
0
-14.25
0.25
-0.25
0.5
-1.75
1.25
0.75
6.5
-1
1.25
1
-0.5
0.75
0.25
-1.25
-0.25
0.25
0.25
0
-0.25
0
-0.25
0
0.25
0
0
-0.5
-0.5
0
0
0.5
-1.25
1.25
-0.25
1.75
0.75
0
-0.75
-1.75
2
-1.25
-8.25
15.25
0.25
-3
6.25
-8.25
-1.25
1.5
0.5
-1.25
-2
5.5
3
-1.25
1.25
-2.5
0
-1.75
6.75
7
-1.25
2.5
-0.25
-3.75
-1
0.25
3.75
-1.75
1
-2.25
1
0.25
4.5
0.25
-3
0.75
-0.75
-4.75
18.25
-1.25
-2.75
1.75
-0.75
2
-4.75
-0.25
-1
-4.25
19
4.25
1
-1.25
-0.5
2
-0.5
0.5
0
0.25
0.5
0.75
0.25
0.25
-1
1.25
3
1.5
2
0.5
-20
-1.25
-1.75
0.75
1
-0.25
0
0.75
0.5
-1.5
2.25
11.75
-6.5
1.5
1
-0.75
0
-0.5
0
0
0.25
0
-0.25
-0.25
0.25
-0.25
0.25
-1.5
-0.25
-1
0
-1.25
-1.5
0.5
2.5
5.5
5.25
0.5
-0.25
8
-0.5
2.75
3
-2.25
-1
-0.5
2.5
2.5
3.5
-0.25
0
0
-0.25
-0.25
0.5
0.75
0.25
-0.25
9
-0.5
-3.25
-6.25
-9.5
2
-3
0.75
-0.25
1
-2.5
0
0.25
0
-1
0
0
0
0.25
0
0.25
-0.25
-0.25
0
0
-0.5
-0.75
-6.25
0.75
0
0.25
-0.75
1
4
1.75
3
5
-1.25
-2
-1.5
-4
2.75
1.75
1.75
1.25
-2
2.5
1.25
2.25
2.75
7
3
1.25
-2.25
3.5
-5
0
0
0
1
2.5
1
-0.25
-0.5
-2.25
3.75
0.25
0.25
-4
-0.25
-3.75
-1.25
-1.25
10
-1
2.75
0
2.5
-0.5
3
3.75
6
12
2.25
-1.5
6.5
-4
-0.25
0
-11.75
-0.25
-0.25
0.25
-1.75
1.25
0.25
3.75
-0.25
1.25
1
-0.5
1.25
0.25
-1
0
0
0
0
-0.25
0.25
0
0
0.25
0.25
0
-0.25
-0.25
-0.5
-0.25
0.5
-0.75
1.25
-0.5
1.25
0.75
0.25
-1
-1
1.5
-0.5
-7
15
0.25
-1.75
4.5
-6
-0.25
0
-0.25
-1.5
-3.25
4.25
3.25
-1.25
1.5
-2.25
-0.25
-1
5
5.5
-0.75
1.75
-0.5
-4
0.5
0.75
4.25
-1.5
0.5
-3.5
1.5
0.25
2.75
0.25
-2.75
0.5
-0.75
-4.5
13
-0.75
-2
0.75
0.75
0.75
-2.25
0
-1.5
-2.25
13
1.25
0.5
-0.25
1
1.5
-0.5
0.5
0
0
0.25
0.5
0
0.5
-0.5
0.75
2.5
1.5
1.5
1
-13.75
-0.75
-2.5
0.5
-2.25
-0.5
-0.5
2
0.25
-1.25
1.25
9.75
-5.5
1.5
1.5
-0.5
0
-0.5
0.25
0.5
0.25
0
-0.25
0
0.5
0
0
-1.5
-0.25
-0.75
-0.25
-0.5
-1
0.5
2.5
4
3.75
-0.5
-1
6.5
-0.5
1.75
1.25
-1.75
0.25
0.25
2.25
2
2.75
-1
0
0
0.75
0
0.25
0.75
-0.25
0
8.25
-1
-3.75
-4.25
-8.75
1.75
-1.25
0.75
0
0.5
-1.75
0.25
0.25
-0.25
-1
0.5
0
0
0.5
0
0
0.25
-0.25
0.25
0
-0.75
-0.75
-7.75
-0.75
-0.25
0.5
0
0.5
4.25
1.25
2.25
3.75
-0.5
-1.5
-1.25
-2.5
1.75
0.25
1
0.5
-1
1.75
0.5
1.75
2
4
2.25
1.5
-2
2.75
-1.75
0.25
0.25
0.25
0.25
1
0.75
-0.25
0
-2.5
3.25
0.25
-0.25
-2
0
-3.25
-1.5
-1
9.25
-0.25
3
-0.5
1.5
0
2.75
1.75
3
7.75
1.75
-0.5
5
-2.5
-0.25
-0.25
-8.5
-0.75
0
0.25
-1.5
0.5
0.75
2.75
-0.5
0.5
0
-0.25
1.25
-0.25
-0.75
0
0
0
0
-0.25
0.25
0
0
0.25
0.25
0.25
-0.25
-0.25
-0.5
0
0.25
-0.5
3.5
-0.75
1
-0.25
0.75
-0.5
-0.25
1.25
0
-5
14
0.5
0
2.75
-3.5
0.25
-1
0.25
-2
-3.25
4
3
-1.5
0.5
-1.5
-0.25
0
2.5
3.5
-0.25
1.25
0.5
-2.75
1
1
3.75
0.25
0.5
-2.75
1.5
0.25
1.75
0.25
-2.75
0.75
-0.25
-4.5
9.75
-0.25
-0.25
0
1.5
-0.5
0.75
0.25
-2
-1
7.25
-0.25
0
-0.5
0.75
1.5
-0.5
-0.25
0
0.25
0
0
-0.25
0.5
-0.25
0
2.5
1.5
0.5
1
-12.25
-0.5
-2.25
0.25
-4
-1
-0.5
3.75
0.25
-1.75
0.75
4.5
-3.5
0.75
1.5
-0.5
0.5
0
0
0.25
0.25
0
-0.25
0
0.25
0
-0.25
-0.5
0
0
-0.5
-0.25
-0.75
0.75
1
3.25
2.5
-1
-2
3.75
0.25
1.75
1.25
-1.75
0.75
0
2.25
0.75
2.5
-1.75
0
0
0.25
0
0
0
-0.25
0
5.5
-1.25
-2.5
-2
-6.75
1.25
-0.5
1
-0.25
0
-3.75
0.5
1
-0.25
-2.25
0.5
-0.25
0
0
0
-0.25
0
0
0.25
0.25
-1.25
-0.5
-7.75
-0.5
0
0.5
0.25
-0.25
3.25
0.25
2.25
2.5
-0.25
-0.5
-0.5
-1.25
0.75
0.25
0.5
0
-0.25
1.25
0.5
1.5
1.5
2
1.75
0.75
-1.25
1
-0.5
0.5
0
-0.25
0
0.25
1
0
0.25
-2.75
2.5
0
0.25
-1.5
0.25
-2.5
-1.25
0.5
10.5
0.5
3.25
-0.25
1.5
0.5
1.5
1.5
1.5
3.5
1.75
1.5
3.75
-1.25
-2
-0.5
-6.25
-0.5
0.25
0.25
-1
0.5
1
1.75
-1.25
-0.25
0.25
-0.25
1
-0.75
-0.75
-0.25
-0.25
0.25
0
-0.25
0.25
-0.75
-0.25
0.25
0.25
-0.5
0
0
-0.25
1
-0.5
-3
4.5
0
2.25
0
-0.25
-1.25
2.25
3.25
-3.5
-1
0.75
2.75
-3
1.5
-4.5
-3.75
3.5
1
2.5
3.75
1
1.5
1.75
2
-4.25
-2.25
0.5
4.5
3.25
-3
0
0
-1.25
-1
-0.5
0.75
-1.5
-1
-0.5
-1
0.75
1.25
-0.25
-0.5
-0.75
-0.25
-0.25
12.75
-0.75
-2.75
0.5
-0.25
-1
-1.5
-0.75
-1.5
-2.5
11
3.25
0.5
0.25
0.5
1.75
-1.25
-0.25
1
-0.5
1
1.25
-1.5
0
-0.75
-2.25
2.75
-0.25
-0.25
-1.75
-14.25
2
0.25
0.25
4.25
-1
1.25
0.25
1.25
-1.5
1.5
11.75
-2
-0.25
0
-1
0
-2.25
0.25
0.25
-0.5
0
0.5
0
-0.25
-0.25
0
-1.25
-0.75
-1
0.25
-1.5
0.5
-0.5
0.25
1.75
1.25
1
-1.25
4
0.5
1
2.5
-1.75
-4
0.25
1.25
-4.25
-0.25
0.75
-0.25
0.25
-1.5
-0.25
0
0.5
0
1
5.75
-1.5
0.75
-3
-8.5
0
-2.5
-0.5
0.75
0.75
4.75
0.25
2.25
1
-1.5
1.5
0.25
0
0.25
-0.25
0
0.5
-0.5
0.25
-0.25
-0.75
-1
0
-0.5
-0.5
0
-1.5
-1.25
1.75
1.75
-3.75
2.75
-0.5
-1.25
0.75
-3.75
1.5
1.75
3.5
0.5
-2.25
2.5
2
0.75
-0.25
1.5
1.25
0.25
-1.75
0
-2
-0.5
-1
0
0.75
1
0.25
1
-2
0
1.75
3
5.5
-3.25
0.5
-4
-0.5
2.25
-0.5
1.5
2.25
-1.25
4
0.25
0.75
4.5
4.75
4.5
2.25
-0.5
7.75
-2
-0.25
-0.75
-10.5
-0.5
-0.5
-0.25
-1.75
0.25
1.75
7
1.25
-1
0.25
2.5
-0.25
-0.5
1.25
0
0
0.25
0.25
0.25
0.25
-0.5
-0.25
0.5
0.25
0
0
0.25
0
0.75
-0.5
-3.25
4.75
-0.5
3.25
-0.5
0
-1.5
2.25
4.25
-3
-1
2.75
3
-3.25
3
-5.5
-3.75
3.25
1.5
0.75
3.75
2.75
2.5
0.5
1.5
-4.75
-2.5
-0.75
4.25
5
-3
0.75
0
-1
-0.25
-0.5
2.5
-1.75
-0.5
-0.5
-1.5
0.25
3.5
-1
-1.5
-0.25
-0.5
-1
16.75
-1.25
-2.5
0.25
-1.75
-0.75
-2.75
-0.75
-2
-1.75
9.5
2.75
1.25
-1
-0.25
1.5
-1.5
0
0.75
0
1
0.5
-0.75
-0.25
-1.5
-1.5
4
0
1.25
-1.25
-18.25
0.5
0
0
3
-0.75
0.5
0
0.75
-0.75
1.75
9.25
-0.5
0
0.25
0.5
0.25
-1.25
0
0
-0.25
0.25
0.25
0
-0.5
-0.75
0.25
-1
-0.5
-0.75
0.25
-1.25
-0.25
0
-1
1.25
0.75
0.25
-2
3.75
2.25
1
2.5
-2.5
-2.75
-0.75
2.5
-4.5
0.75
0.5
0
0
-1.75
0
0
0.25
0.25
0.75
4
-1.5
1
-3.75
-8
-0.25
-3
-0.25
0
0.5
3.5
0
2
0.5
-1.5
1.25
0.5
0.25
0
-0.75
0.25
0.25
-0.5
0
-0.25
-1
-0.75
0.5
0
-0.75
0
-0.5
-1
-1
2.25
-2.75
3
-0.75
-1.5
1
-4
1.75
1.25
3.25
0.5
-1.75
2
1.75
1.25
0.25
1.75
2.25
0.5
-2.25
0.75
-3.75
-2
-1.25
0.75
2.25
2.5
0.5
0.25
-1.75
0
2
2.75
1.5
-3.25
0.5
-4
-0.75
1.5
1
1.25
3
-1
4.25
0.5
1.25
5
5.75
6.75
3
-0.5
7.75
-1.75
-1.25
-0.75
-11
-0.75
-0.75
0.25
-2.25
0
1.75
5.25
0
0.25
1.25
0.75
0.25
0.25
0.5
0
0.25
0.25
0.25
0
0.5
-0.25
-0.5
0
0
-0.25
-0.25
-0.25
0
0.25
-0.25
-3.25
3.75
-0.75
3.25
-0.5
-0.25
-2
2
5.25
-3.25
-2.5
4.5
2.75
-2.5
3.75
-5
-3
2.5
1.75
-0.25
2.5
2.75
2.75
0
2
-5
-2.75
-2.25
5.25
6.5
-3.5
2.25
0
-1.5
-0.5
0
2.25
-2.25
0.75
-1
-0.5
0.25
5.5
-0.5
-2.75
0
-0.5
-3.25
16.75
-1.25
-3
0.75
-2
0
-2.75
-0.75
-1.75
-1.5
9
3
1.75
-2.25
-0.25
1
-1
0.25
0.75
0.5
1
0.75
-0.25
0.25
-0.5
0
5
0.25
2
-0.75
-18.75
-0.25
-0.25
0.25
1.5
-0.25
0.25
0
0.75
-0.25
2.25
4
0
0.5
0.25
0
0.5
-0.25
0.25
-0.25
0
0
0.25
0
-0.5
-0.75
0.25
-0.75
-0.25
-0.75
0.25
-1.25
-0.75
0
-1
1.5
1
0
-2
4.25
2.75
1
1.75
-3.25
-1.25
-1.75
3.75
-1.75
1.25
1.25
-0.25
0
-1
0.25
0
0.25
0.5
0.25
1
-1.75
0.75
-4
-7
0.25
-1.75
-0.5
0
0
1.25
0
2.25
0.25
-1.25
1
0.25
-0.25
0
-0.25
0.5
0
-0.25
0
0
-0.75
-0.75
1.5
0.5
-1
0
-0.5
-0.75
-0.25
2.25
-1.75
3
-0.75
-2
1.5
-3.75
1.5
0.25
2.5
0
-1.25
1.25
1.25
1
0.5
2
2.5
0.25
-1.5
1
-4.25
-1.25
-1
0.5
1.5
4.75
0.5
0
-1.75
-0.25
2
2
0
-3.5
0.25
-4
-0.5
-0.75
4
0.75
3.5
-1
4
0.75
1.75
5.5
5.75
7
3.75
-0.25
6.5
-2
-1.75
-0.75
-10.25
-1
-0.75
0.5
-2.5
0
1.25
2.25
0.5
0.25
1
0.75
0.25
0
0.5
0
0
0
0
-0.25
0.5
0
0
0
0.25
0
0
0
-0.25
0
0
-3
2
-1.5
3.5
-0.25
-0.5
-2.75
2.5
4
-2.25
-4
6.75
2
-1
3.25
-3.25
-1.75
2
1
-1.5
1.5
2.75
3.25
-0.5
2.25
-4.5
-2.5
-2.75
4.75
6
-3
2.25
-0.5
-2.25
1.25
0
2.25
-2.75
1
-1.75
0
0.25
4.5
-0.75
-2.75
-0.5
-0.75
-5.25
13
-0.5
-2.75
0.25
0
-0.25
-1.25
-0.25
-1.5
-0.5
5.75
1.25
1.5
-2
0.5
1.75
-1
0.25
0.75
0.25
0.75
0.75
-0.25
0.5
0.25
0
4.75
0.5
2.25
0
-14.5
-0.25
-0.25
0
-1
-0.25
-0.25
0.75
0.75
0.25
1.25
1.75
0
0.25
0.75
-0.25
0
-0.5
0.25
-0.25
0
-0.25
0
0
0
-0.5
0
-1
0
-0.25
0
-0.5
-1
0.25
-0.5
1.5
0.5
-0.5
-2.25
5
1.5
1
0.5
-3.25
0.25
-2
3.5
0.75
1.5
0.5
-0.25
0.25
-0.25
0.25
0
0.5
0.25
0
2
-1.75
-0.5
-5
-7.25
1.25
-1.25
0
0.25
-0.25
0.5
0.25
1.75
0
-0.75
0.5
-0.25
0
0.5
0
0.5
0
0.25
0
0.25
-0.5
-0.75
1
0
-0.5
0
0
-0.5
1
1.75
-1
2.75
-0.5
-2.25
1
-2.25
1
-0.25
1.25
0
-0.75
0.75
0.5
1
0.25
-1
2.5
0.5
-1
1.25
-2
-0.25
-0.25
0
0.5
3.75
0.25
-0.25
-0.75
-0.5
2.5
1
-2
-2.25
0
-4
-0.5
-1
4.25
0.25
3.75
-1
3.25
0.25
1.75
3.75
2.25
4.25
4
0.75
4.75
-0.5
-1.5
-0.5
-7.5
-1
-0.75
0.25
-2
-0.25
1.25
0.75
0.25
0.5
0.25
0.75
0.5
-0.25
0.25
0
0
0
0
0
0.25
0
0
0.25
0.25
0
0
0
-0.25
0.25
0
-2
1.75
-1.25
2
-0.25
-0.75
-2.25
2.75
2.75
-0.75
-2.75
7.75
1.25
-0.25
1.5
-1.75
-0.25
0.5
0.5
-2.5
0.5
3.5
4
-1.25
1.75
-3.25
-1
-1.75
3.25
4.5
-2.25
1.75
-0.75
-2.25
3
0.25
2
-0.75
1
-1.75
0.5
0
2.25
-0.5
-2
-0.5
-0.25
-4.75
9.25
0.25
-1.25
-0.75
1.5
-0.75
0.25
0
-2
0.75
0.25
-0.75
0.5
-1.5
1.5
1.5
-1
-0.25
0.5
0.25
0.25
0.25
-0.25
0.25
0.5
-0.5
3
0.75
1.25
0.75
-11.75
-0.25
-1
-0.5
-1.75
-0.5
-0.75
1.75
0.25
0.25
0.25
0.25
0
0
1.5
0
0.25
0
0.25
0.25
0
0.25
0
0
0.25
-0.25
-0.25
0
0.25
0.25
-0.25
0.5
-0.75
0.5
-0.5
0.5
-0.25
-1.25
-2.5
2
1.25
0
0
-2.25
1.5
-1
2.25
1.75
1.75
-0.5
0.25
0
-0.5
0
0.25
0.25
0
-0.25
3
-1.5
-0.75
-4.75
-6
0.75
-1.25
0.25
-0.25
-1
0.5
0.75
1.25
0.25
-1
0.5
-0.25
0
0.25
0
0.25
0
0.25
0
0.25
-0.75
-0.25
0.75
-0.5
-0.25
-0.75
0.25
0
1
0.5
0.25
1.75
0.25
-1.5
-0.25
-1.25
0.5
0
0.75
-0.25
-0.25
0.5
0.25
1.5
0.5
-1
1.75
0.25
-1
0.75
0
0.25
-0.25
-0.25
0
1
0.25
0
0
-0.5
1.75
0.5
-2.5
-1.5
-0.75
-3
0
0.25
4.25
0.75
3.75
-0.25
2
-0.5
0.25
2.25
-0.25
0
3
2.25
3
0.5
-2
-0.5
-4.75
-1
0
0.25
-1
0
1.25
0.25
-0.5
0.25
-0.25
0.25
0.25
-0.5
-0.25
0
0
0
0.25
-0.25
0.5
0.25
0
0.25
0
-0.25
0
-0.25
-0.5
0.25
0
-1.5
2.5
-0.75
1
-0.75
-0.25
-1
1.5
2.25
0.25
-3
8
1
1
1
-1
0.75
-0.75
1
-2.75
-0.75
4
3.5
-1.5
1
-2.25
-0.75
-0.5
2.5
0
-1.5
2.25
0
-3
3.5
0.5
2.25
1.25
0.75
-0.75
0.75
-0.5
0.75
-0.25
-1.75
0.25
0.5
-4.5
6.5
-0.5
1.25
-1.25
2
-1.5
3.5
1.5
-1.75
1.25
-3.5
-1.5
-0.25
-2.25
0.5
2
-0.5
-0.25
0
0
0
-0.25
0
0
0.25
-0.5
2.25
0.75
0.5
1
-10.75
0
-0.25
-0.75
-3.75
-1
-0.75
3.25
0
-1
0
-2
0.5
-0.25
1
0.25
0
0.5
0.25
0
0.25
0
-0.25
0
0.25
-0.5
-0.5
-0.25
0.25
0.25
-0.25
0.25
-0.75
0.75
-1
1
1
-0.25
-2.25
3.25
0.25
1.75
0
-2.25
2.25
-1
2.25
1.25
1.75
-1.5
0.25
0
-0.25
0
0
0
0
-0.25
2
-1.25
-0.75
-2.75
-4
1
-1
0.5
-0.75
-1
-0.75
0.25
0.5
0.75
-1
0
-0.25
0
0.25
0
0
0.25
0.25
0.25
0.5
-1.25
-0.75
-1.25
-0.75
0
-0.25
0.5
0
2
-0.5
1.75
1.5
0
-0.25
-0.25
-0.75
0.5
0
0.5
-0.25
0.25
0.25
-0.25
1
0.25
-2.5
1
0
-0.5
-0.25
0
0.25
-0.25
-0.25
-0.5
0.25
0.5
0
0.25
-0.5
1
0.25
0.25
-1.5
-0.75
-1.5
0.5
1
8
2
3.25
1
2
-0.25
-1
0.5
-2.5
-2.5
1.25
3
1
0.75
-1.25
-0.25
-2.5
-0.5
0
-0.25
-0.5
0
1
1
-0.75
-0.25
-0.25
-0.25
-0.5
-0.5
-0.75
0
-0.25
-0.25
0
-0.25
0.25
-0.25
0
0.25
0.25
0.25
0
0
0
0
0
0
3.75
0.5
0.25
0.25
0.5
0.25
0
-1.5
-0.25
1
0
1.25
-1.25
-1
-2.25
-1.75
1
0.5
0
1.75
-0.5
-0.75
-0.25
-1
0
0.25
-0.5
-2.25
-2.25
0
0.25
-0.25
-0.5
-0.25
-0.75
1.75
-1.5
-0.25
-1
-1.25
-0.25
2.75
-1.5
-1
-0.25
0
0
5.5
-0.25
-0.75
-0.5
-0.25
-1.25
-0.25
0.25
-0.25
0
-1.25
-1.25
-0.5
-1.75
-0.75
0.75
0.25
0.25
-0.25
0
-0.25
-0.25
-0.25
0
-1
0
0.75
0.5
0
0.25
-9.5
-0.75
0
-0.5
0.25
-0.25
0.25
0
0.25
0
0.5
1.75
0.75
0.5
0
0.75
0
0.25
0
0
-0.25
0
0.25
0
-0.25
0
0
-0.75
0
0
-0.25
-0.5
1.5
-0.25
-1.25
-1
-1.25
-0.5
-0.5
-0.5
2
-0.5
0
-1
1
0
0.5
-3.5
0.25
-0.75
0
-0.25
0
-0.25
0
-0.25
0
0
1
-0.25
0.5
1
0.25
-0.25
-0.25
-0.5
-0.5
0.5
4.25
0
0.5
0
0.25
0.25
0
0
0
0
-0.25
0.25
0
0.25
0
-0.25
0
-1
-0.5
0
0.5
0.25
-1.25
-3
1.5
-3.25
-1.25
0.25
-0.25
0.75
-1
0.75
-0.75
1
1.25
-1.75
1.75
1.75
0.25
0
0
0
0
-0.25
0.25
-0.5
-4
-1
2.25
4.25
3.5
1.5
1
-0.5
0.5
0.5
-0.75
2.25
1
-0.25
-1
0.25
2.5
-0.5
0
0.75
-0.25
0
0
0.75
2.25
1.25
0.5
0.75
-0.5
3.75
1.5
-0.75
0
-2
-0.5
0.25
0
-0.25
0
0.25
-0.5
-2
1
0.5
-2.25
0.75
1.25
-1
0
0
0
0
0
0.25
0
0
0.25
0
0.25
-0.25
-0.25
0
0
0
0
3.75
1
0
0.25
0.5
0.75
-0.25
-0.25
-0.5
1.25
0.75
1.75
-0.5
-0.75
-2.5
-1.25
1.25
0.75
-0.75
1
0.75
0.5
0
-0.75
-0.5
0
-1.5
-1.75
-1.25
-0.25
1
0
-0.25
0
-0.5
2
-1.5
0.25
-0.75
-0.75
0
4.75
-1.25
-2
0
0
-2
6.25
-0.5
-1
0
-1.25
-0.5
-0.75
0
0
-0.5
-1
-0.25
0
-3.25
-1
-0.25
0
0.5
0
0.25
0.25
0
0
0
-0.5
1
1.75
0.75
0
0.5
-11.5
-2
-0.25
-0.25
-0.5
0
0
-0.25
0
0
0.75
-1.5
1.25
0.25
-0.5
1
0.25
1.25
0.25
0.25
-0.25
0.25
0.25
0.25
0
-0.25
-0.25
-0.25
0.25
0
0
-0.5
1
0
-1.75
-1.5
-1.25
-1
-0.5
-0.75
2.75
-0.75
-1
-1.25
2.5
-0.75
1.75
-2
0.75
0
0
-0.25
0
0
0
-0.25
0
0
-2.25
0
1
1.25
1
-0.5
0.75
-0.75
-0.5
0
3
-0.25
0.25
-0.25
0.75
-0.25
0.25
-0.25
-0.25
-0.25
0
0
-0.5
0.25
0
0.25
0.5
-0.25
0
0
0.25
0.25
-0.5
-2
1.5
-1.75
-0.75
0.25
0
0.5
-1
0.75
-0.75
1.25
1
-1.5
1.25
2
0.25
0.25
0
0.5
0.5
0
0.25
-0.75
-4.25
-1.25
2.5
4.75
6.5
2.5
0.25
-1
0.25
0.5
-1
1.25
1
0.25
-1.25
0.25
0.5
2.5
-0.25
1
-0.25
0.25
0
0.75
3.5
2.25
0.75
1.25
0
2.75
1
-1.5
-0.25
-1.75
-0.75
0.25
0.25
-0.5
0
0.5
-2.25
-2
1.5
0.5
-3.25
0.25
1.5
-1.75
0
0
0
0
-0.25
0.25
0.25
0
0.25
-0.25
0.25
-0.25
-0.25
-0.25
0.25
-0.25
0
2.25
1
-0.25
0.25
0
0.5
0
0.25
-0.75
-0.5
2.25
1.25
0
0
-1.5
-0.5
1.25
0.5
-1
-0.75
1
1.5
-0.5
0.25
-1
-0.75
-2
-1
-1.25
-0.25
1.25
0
-0.75
1
-0.5
1
-1.75
0.5
-1.25
0
0
5.75
-1.25
-2.5
-0.25
0
-5
5.25
-0.5
-1.25
0.25
-0.25
-0.25
0
0.25
0.5
-1
-0.5
0
0.5
-3.75
-0.75
-0.5
-0.25
0.25
0.25
0.25
0.25
0
0
0
0
1.75
2.25
1
0.25
0.75
-9.5
-2
0.5
0
-2
0
0.25
0.5
0
-0.25
1
-2.75
0.75
0.25
-0.75
0.25
-0.25
1
0
0
0
0.25
0
0
0
0
0.25
-0.25
0.25
-0.5
0
-0.5
0.5
0
-1.25
-1.5
-0.75
-1
-0.5
1
2
0
-2
-2
3.25
-1.75
2.25
0.75
1
0.25
0
0
0.5
0
0
0
0.25
-0.25
-3
-0.25
0.75
-0.25
0.75
-0.25
1
-0.25
-0.25
0
2.25
0
0.25
-0.5
1
-0.5
0
0
0.25
0
0
0.25
0
0.25
0
0.5
0.5
-0.75
-0.5
-0.25
-0.25
0.5
-0.25
0.75
0.75
-0.5
0
0.25
-0.25
0
-0.75
0.5
-0.5
1
0.75
-1
0.75
1.25
0.75
0.75
-2
0.5
0.5
1
0.25
-0.25
-2.5
-0.75
1.75
2.75
8
2.5
-0.25
-0.75
0
1
-0.5
1.25
1.25
0.25
-1.75
0.25
-1.25
3.25
-0.25
1.25
-0.25
0.75
0
0.75
3.75
1
-0.75
2.25
1.25
1.75
0.5
-1.25
0
-1.5
0
0
0.25
-0.75
0.25
-0.25
-2.75
-1
1.25
-0.25
-2.75
0
1.75
-2
0
0
0
0
0
0
0.25
0
0.25
0
0
0
0
-0.25
0
-0.25
-0.25
-0.25
0.25
0.25
0
0
0.25
1
0.5
-0.5
-0.75
3.75
1
0.75
-0.25
-0.25
0
0.75
0.5
-1.5
-0.75
1.25
2.25
-0.5
0.5
-0.5
-0.75
-2
-1.25
-0.75
-0.25
0.25
-0.25
-0.5
2.25
-0.25
0
-0.75
0.75
-1.25
0.75
0.25
2.75
-0.5
-1.5
-0.25
0
-5.5
4
-0.25
-0.25
-1.25
2
-0.75
1
1
0.5
-0.25
-2.25
-0.25
0.25
-2.75
0.5
0.25
-0.75
0.25
0.5
-0.25
0
0
0
-0.25
0.25
0.75
1.25
1
1
1
-6.75
-1.25
0.5
0
-2.75
0
0
1.25
0.25
-0.25
1
-1.75
0.25
0.5
0.25
0
-0.75
0.25
0.25
0.25
-0.25
0
0
0
0
0
0
0
0.25
-0.25
-0.25
0.25
0.5
-0.5
-0.75
-1
-0.25
-1.5
-1.25
1.75
0.5
-0.25
-2.25
-1.75
3.75
-1.25
1.75
2
1
0
0.25
0
0
0
0.25
0
0
-0.25
-0.75
-0.5
0.75
-1.25
-0.5
-0.5
0
0.25
-0.5
-1
2.5
0
0
0
1.75
-1.25
0
0.25
0.25
0
0.25
0
0
0
0
0.25
0.75
0.75
-0.75
-0.25
-1
0.75
0.25
1.5
0.5
0.5
-0.5
1.5
-0.75
-0.5
-0.25
0.5
0
0.75
0.5
-0.5
0.25
0.5
0.75
0.5
-3.75
0
0.5
1.25
0.25
2
-0.5
-0.25
0.75
0.75
4.75
1.25
-0.5
0.25
0.25
1
-1.25
0
1.75
0.25
-2
0.25
0
1.25
-0.25
2
0
0.25
-0.25
0.5
2.5
-2
-3.5
2.75
2.5
1
1.5
-1
-0.25
-0.5
0
0
0.25
0
-0.25
0
-1.75
-1
1
-0.75
-2.25
0.25
0.75
-2
-0.25
0
0
0.25
0.25
0
-0.25
0
0.25
0.25
0
-0.25
-0.25
-0.25
0.25
-0.25
-0.25
0
0
0
0
0
0.75
0.75
1
-0.25
-0.25
4
0.75
1
-0.25
0.5
0.75
0.25
1
-1.75
-1
1.5
2.25
-0.5
0.25
-0.25
-0.25
-1
-1
-2.25
-0.5
1
0.25
-1.25
3
-0.75
0.75
1.25
0.25
-1
1.5
0.5
1.25
0
-1.5
0.5
0.5
-5.25
4
-0.75
1.25
-1.5
2.75
-1.5
2.75
1.5
0
0
-4
0.25
-0.5
-2.5
0.5
1.25
-0.75
0
0.25
0
0
-0.25
0
-0.5
0.5
-0.25
0.25
0.75
0.5
0.75
-6.5
-0.25
1
0
-3.5
-0.25
0
2.75
-0.25
-1.5
0.25
-3.75
0.25
0
0.5
0
-0.25
0.75
0
0.5
-0.25
0
0.25
0.25
0
0.25
-0.25
0.75
0.5
0
0
0.25
0.25
0.25
-1.25
-0.25
-0.25
-1.25
-2
0.75
0.75
0.25
-1.5
-1.25
3.25
-1.25
1.5
1.75
1.25
-0.5
0.25
0.25
-0.25
0
0
-0.25
0.25
0
-1
-0.75
0.75
0
-0.25
-0.5
-0.75
0.25
-1.25
-1.75
1.5
-0.25
0.25
0.5
0.75
-1.75
0
0.25
0
0
0
0.25
0
0
0
-0.25
0.5
1
-0.5
0.25
-1
0.5
-0.25
1
0.25
1.25
0.25
1.25
-0.25
-0.25
0.25
0
0.25
0.25
0
0
0.25
0
0.5
-0.25
-3.25
-0.25
-0.25
1
-0.5
2
0.5
-0.5
0
-0.5
1.5
1
-0.25
0.25
0
0.5
-1
1.25
1.25
0.25
-1.25
0.25
1
3
0.5
2
0
0.5
0.25
-0.25
1.5
-3.75
-4.5
1.75
4
0.25
1.25
-1
-0.25
-0.5
0.5
0.25
0
0
0.25
0
-0.5
-1
0.5
-0.75
-2.25
-0.5
0.5
-2
0
-0.25
0.25
0
-0.5
0.25
0.25
0
0
0.25
-0.25
-0.25
-0.25
0
0.25
-0.25
0
0.25
0.25
-0.25
0
0.5
1.25
0
1
0.25
-1.25
3.5
1
2.5
-0.5
1
1.25
-0.25
1
-2
-1.5
1.5
1.25
-0.75
-0.25
0.5
-0.25
-0.75
0.5
-6
-0.5
1.5
1
-2.5
3.5
0.25
0.25
3
0.5
-0.5
0.75
0
0
0.25
-0.5
0.5
0.25
-3
2
-1.5
3
-2.25
2.5
-3.25
5.5
2.5
0
0.5
-4.75
-0.25
-0.5
-1.75
0
2
-0.5
-0.5
0.25
-0.25
-0.25
-0.25
0
-0.25
1
-0.75
0.25
0.25
0.5
0.25
-5.25
0.5
1.25
0.25
-4.25
-1
0
3.5
-0.25
-2.5
0
-3.25
0.75
0
0.25
0.5
-0.25
0.5
0.25
0.25
0
0
0
0
0
0
-0.75
0.5
0.25
0.25
0
0.5
0.25
0.25
1.25
1.25
2
2
0.25
5
-3
3.25
-1.25
-1
2.5
-0.75
1.5
1.25
1.5
-1
0.25
0
0
0
0
-0.25
0.25
0
-1.25
-1
0.75
1.5
0
-0.25
-0.75
-0.25
-0.75
-1
0.5
0
-0.5
1
1.25
-1.5
0
0
0
0
0
0.25
0
0
0
-0.75
-0.75
-3.25
-0.5
-0.25
0
0.5
0
2.5
-0.25
2.5
0.5
0.25
0.25
-0.25
0
0.25
-0.25
0.25
0
0.25
0
-0.25
0
-0.75
-3.75
-0.75
-0.25
1
-0.75
1.75
1
0
-0.5
-0.75
0.75
0.25
0
0
0.25
-0.5
0.25
2.25
0.5
0
0
0.75
1.25
4.5
0.75
2.25
0.75
1
0
-1.25
0.25
-5.25
-4
-0.5
3.5
-1.25
1
1.25
-0.25
1.25
0
0
0
-0.25
-0.5
0.25
2.75
-0.25
-0.5
-0.5
-1.5
-0.5
0
-1.25
