0
-0.25
0
0
0
0
0
0
0.25
-0.25
0
0
0
-0.5
0
0
-0.75
13
-0.5
0.75
0
-0.25
-0.5
0.75
-2.5
1.25
-0.25
2.5
1
1.5
-3
-1.5
0.75
-0.5
-1.25
-0.75
-3
-0.75
-1.5
-0.25
-0.75
0.25
0
-0.75
-5
-6.75
-0.75
-0.5
1
0.5
0.75
-0.75
-2
-0.25
0.25
0.25
0.75
-0.25
1
-0.5
-0.75
0.75
0.5
-1
6
1
-0.25
0.25
-0.75
0
-0.25
0
1.5
0.25
1.5
0.75
0.5
-3
-0.25
1.5
0
-0.75
-0.5
-0.25
-0.25
0.25
-0.75
0.25
0.5
0.75
-0.25
0.5
-0.5
0.25
-6.75
-0.25
0.25
-0.25
0.25
-0.25
0.25
-0.75
0.25
0.25
0.25
3.75
0
0
0
-0.5
-0.25
0
0.25
-0.25
0
0
0
-0.25
0
0
0
0
0
0
0
-0.25
2
0.75
-0.25
-0.25
1.5
-0.75
-0.5
0.25
1.5
0.75
-2.75
-0.75
2
-1.25
0.25
-2
-2.25
1
0.25
-0.25
0.25
0
0
-0.25
0
0.25
2.25
-0.25
-1.75
1
-0.25
2
1.5
0
-0.5
0.75
7.5
-2.25
-2.25
-0.75
4.75
-1.25
0.25
0
0
0.25
0
0
0
0
0.25
0
0
-4.75
0.75
0
0.25
-0.75
-0.75
4.5
2
-2.5
0.5
0.75
-1
1
-1
0.75
-0.5
1.25
2.25
-1.75
2
2
-0.5
-0.75
-0.5
-0.75
-0.5
1
0
1.5
-2
-1.25
2.5
2.5
4.5
2.75
1
-3
1.25
0
-2
14
1
0
-0.5
0.75
0.75
5.5
-0.5
0.25
0.5
-1
-0.25
-0.25
2.75
-0.5
1.25
-1.25
0.75
2.75
2.5
0.25
0.5
-2.25
-0.5
0.25
0.25
0
0.25
0.25
-0.5
0.5
0
-0.25
-1.25
0.75
0
0.25
0.25
0
-0.25
0
-0.25
0.25
0
0
0
-0.5
0.5
0.25
0
-0.75
-0.25
0
-0.5
12.75
0
0
-0.25
0
-0.75
1
-2.5
1.5
-2.75
5.5
2
2
-4
-2
1
-0.75
-2
-1
-5.75
-1.25
-1
-0.5
0
0
-0.5
-0.75
-5.75
-7.5
-1
-0.75
1.25
1.25
1.25
-1.25
-5
-0.25
0
0.75
1
0
0.5
-0.5
-0.5
0.75
0.5
-2.5
5.5
1.75
0.25
-0.75
-1
0.5
0
-0.5
1.5
0.25
4
3.25
0.5
-3.5
-0.5
1
-0.25
-0.5
-0.5
-0.5
0
1
-0.25
0.5
1
0.75
-0.5
0.75
0.25
0.25
-5.25
-0.5
1.25
-0.5
1.25
0.75
1.5
-1
-0.25
0
0.25
8.25
0.5
-0.25
-0.25
-0.25
-0.25
1
0
-0.25
-0.25
-0.25
0.25
-0.25
0
0
0
0
0
0.25
0.25
0.25
3
1
1.25
1.25
3.5
-0.75
-0.25
2.5
0
1
-3.75
-1.25
2.5
-2.25
-0.25
-1
-4.5
1
0.25
-0.25
0.25
0
0
-0.25
0.25
0.5
3.75
-0.5
-1.75
-1.75
-0.5
2.5
2.75
1.25
-1.25
-0.75
9
-2
-2.5
-1.25
5
-2.75
0
0
0.25
0.25
-0.25
0.5
0.25
0
0
0.25
0.25
-4
0.25
-0.25
0.25
0.25
-0.5
11
1
-1.5
1.5
0.75
-1.5
0.25
-0.5
0.75
0
1.5
2.5
-1.25
2
1.5
-0.5
-0.5
-2
-1.5
-0.75
1.75
0
2
-1.25
-2.25
2.5
0.75
5
3.25
0
-4.25
1.75
-0.25
-2.5
18.5
2.25
1
-0.75
0.75
-1.25
6
-0.25
-0.25
0
-0.75
-0.25
-0.25
3.25
-1
1.5
-1.5
1
2.25
2.25
1.25
0.25
-2.75
0
0
0.5
-0.75
0.25
0.25
1.5
1
0
1
-0.25
1.75
0
0.25
0
0.25
-0.25
0.25
0
0
-0.25
0
-0.5
-0.5
0
0
0
-0.75
-0.25
0.25
0.25
13.25
0.25
-0.5
-0.25
1
-0.25
0.75
-2
2
-5
9.75
1.75
2
-3.25
-3
-0.25
0
-1.25
-0.25
-5.75
-1.5
-1.5
0.25
0.25
0.5
-0.75
-0.75
-5.75
-8.5
-1.25
-1.75
1.5
1.5
1.25
-1.25
-5.5
0.5
-0.25
0.75
1.75
0.25
-2
0
0.75
1.5
0.5
-2.5
4.75
3.5
0
-1.75
-2.25
1.25
-1.25
-1.5
1
0.5
7.75
3.75
-0.25
-2.25
0
0
-1
-0.5
0.5
-0.5
1.25
2.25
-0.5
0
1
0.5
-0.25
0.5
-1
0.25
-7.5
-0.5
2.25
-0.75
2.25
1
2.5
-1
-0.75
-0.5
0.5
11.75
0.25
-0.25
-0.25
-0.5
-0.25
0
0
-0.25
-0.25
0
0.25
-0.5
-0.25
0.25
-0.25
0.5
0
0.25
-0.25
0.75
4.25
0.75
3.5
3.75
6.25
-0.5
-0.25
4
-2.5
0.5
-4.5
-1.5
2
-2.75
-0.25
-0.5
-5.5
1
0.25
0
0.5
0.5
0.25
-0.75
0.5
0.25
7.5
-1.25
-1.75
-4
-2.25
2.75
2.5
1.75
-1.5
-3
11
-2
-1.75
-1
4.25
-4.25
0
0.25
0
0
0
0.5
0.5
-0.25
-0.25
0
0.75
-2.5
-0.25
-0.5
0.5
0.75
-0.5
17.5
0.25
-0.75
1.5
1
-1.75
-1
-0.25
0.75
0.5
1.75
2.25
-1
2.25
1
0
-0.75
-1
-1
-0.5
0.75
0.75
1.5
0.5
-2.75
1.5
-1.25
2.5
2.5
-1
-4.75
1.75
-0.75
-2.5
22
2.75
2
-0.5
0.75
-1.25
6.5
0.75
0
-0.75
-0.5
-0.5
0.25
2.75
-1.5
1.75
-2
0.5
1.75
1.75
2.5
0.25
-2.5
0.25
-0.25
0.75
-0.5
0
0.25
5.25
0.5
0.5
1.75
-0.25
2
0.5
-0.5
-0.25
0.5
0
0.25
0.25
0
0
-0.25
-1
-0.75
-0.5
0
-0.25
-0.25
-0.5
0.25
0.5
18.5
0
-0.5
0.75
1.75
0
0.75
-1.75
1.75
-8.5
14
0.75
2
-2.75
-4.25
-1
0
-1
0.25
-6.75
-1.25
-1.75
0.75
1.5
0
-1.25
0
-2.25
-9
-1.75
-1.5
1.75
0.5
1.75
-2
-5
1.5
-0.25
1
2.5
0.25
-2.25
0.75
1
2.25
0.25
-3.25
4.25
3.5
0.5
-2
-2
1.5
-2
-1.5
0
0
11.75
4.75
-0.75
-1.5
0.25
0
-1.25
-1
1.75
-0.5
2
3.75
-1.25
-0.25
1
0
0.5
0.25
-2.5
0
-10.25
0
3.5
-1
2.25
1
3
-0.75
-1.5
-0.25
0
16.25
0.5
-0.5
-1
-1.25
-0.25
-0.25
0
-0.25
-0.25
0.25
0
-0.75
0.25
0
-0.25
0.5
0.25
0.25
-0.25
1.25
4.75
0.5
6
5.5
9.25
0.75
1
7
-4.75
2
-5
-1.25
1
-3.5
-1
-0.25
-6.25
1.5
0.5
0
0.25
0.5
0.75
-0.75
0.75
0
12
-2.25
-2.25
-3.75
-4.25
3.25
0.75
1.75
-1.25
-5
12.5
-2.25
-1.75
0
4
-4.25
0
-0.25
0
0
0
0.5
0.75
-0.25
-0.5
0.5
1
-6.5
-0.25
-0.5
1
0.5
-0.5
26
-0.25
0.75
2.25
0.5
-2
-1.75
1
0.75
2
1.75
2.25
-1.25
2.75
0.75
0
-1.5
1
-1
-0.25
-0.5
0.25
1.75
2
-2.75
0.5
-2.5
1.25
1.5
-1.5
-5.25
1.25
-0.5
-1.75
27.25
0
2.5
-0.25
1.25
-1.5
15.75
1.5
0
-1
0.5
-0.75
0.75
1.75
-3
2
-2.75
0.5
1
1.25
4.25
1
-2.75
0.5
-0.25
0.75
-1
0.25
-0.25
10.75
-0.5
2
2.25
-1.75
2
1.25
-1.25
-0.5
0.25
0.5
0.5
-0.25
0.25
0.5
-0.5
-1.25
-1
-0.75
0
-0.5
0
-0.75
0.25
0.25
24
-0.75
-0.5
1.75
1.5
0
0.25
-1.5
2.25
-10.75
18.25
-0.5
2.75
-1.75
-5
-0.75
-0.5
-1.25
0
-8.25
-1.25
-2.75
0.5
1.25
0.5
-0.25
-0.5
0.25
-8.5
-1.75
-1.25
1.5
-1
2.5
-2
-4.25
3.25
-0.5
1
1.5
-0.75
-1.5
1.25
1.25
1.5
0
-3
4.5
2.5
0.5
-0.75
-1
1.25
-2.25
-1.5
-0.75
-0.25
16.5
5.25
-0.75
-0.5
1.75
0
-1.5
-1.25
3.25
0.25
2.5
4.5
-2
-0.5
0.5
0.5
0.75
0.75
-1.75
1.25
-13
-0.5
2.75
-1.5
0.75
0
2
-0.75
-1
0.25
0.25
22.75
1
-0.5
-0.5
-0.75
-1
-0.5
0.25
0
-0.25
-0.25
0.25
-0.25
0.75
-0.25
-0.25
0.25
0.5
0.5
-0.5
2.25
4
0
8.5
6.25
9.75
2.5
2.75
9.25
-6.5
4.25
-4.75
-0.5
0
-3.5
-1.75
0
-5.5
2.25
0.75
0.25
-0.25
0.25
0.75
-0.25
0.25
0
15
-2
-2.75
-2.75
-5.25
3.25
-1
0.75
-1
-5.5
14.75
-2.25
-2
0
3.25
-3.5
-0.75
-1
0
0.5
-0.75
1
0.75
0
0.75
0.5
-0.25
-18.25
-0.5
-1
2
-0.25
0.25
30.75
-0.75
1.75
2.75
0.75
-2.5
-2.25
1.25
0.5
2.5
1.25
1.5
-1.75
3.25
1
0.25
-1
4.25
-0.25
0.75
-0.75
0
1
2.5
-2.5
-0.5
-3.25
0.75
1
-2.25
-4.5
1.5
0.25
-1
30.25
-1.75
2
-1.25
1
-1.25
26.75
1.5
0.25
-0.25
0.75
-1.5
0
0
-3.75
2.5
-3.25
0.25
1
0.75
4.75
1.25
-1.25
0.5
-0.25
0.25
-0.25
0.25
-1.25
14.5
-0.25
2.25
4
-2.25
2.5
1.25
-0.75
0.5
0
-0.25
0.25
-0.25
0.75
1.25
0
-0.75
-0.75
-0.75
0.25
-0.25
0
-0.5
0.25
0
26.75
-1
-0.25
1.25
0
-0.75
-0.25
-2.25
1.5
-8.5
18.25
-1.5
3.5
-2
-3.5
0
-1
-1
-0.25
-10.25
-1.25
-3.5
-0.25
1
1.25
0
-1.25
3.25
-6
-2.75
0
1.75
-1.25
2
-2
-3.25
4.25
-1.5
1.75
1.25
-0.5
-0.25
2
0.75
1.5
-0.25
-4
6.5
1.5
0
-0.25
0.75
0
-2
-0.5
0.5
0
21
5
-0.75
-0.25
2.5
-0.25
-2
-0.75
4
0.25
2.75
4.25
-2
-0.5
1
0
-1
1.25
-0.75
2
-18.75
0
1.75
-1.25
-0.75
-0.75
1.5
0.75
-1
-0.75
0.25
28.25
0
-0.25
0
-0.5
-1.75
0.75
0.25
0
-0.25
-0.5
0
0.5
1
-0.5
-0.5
0
0.75
0.25
-0.75
4.5
3.5
-1.25
9.25
6
9.5
3.5
4.5
9
-6.75
5.75
-3.5
0.5
0.75
-2.75
-1.75
0.75
-3
2.25
0.25
-0.25
-0.25
-0.25
0.25
0.5
-0.25
0.25
14.75
-2
-1.5
-0.5
-5.5
2.25
-0.25
-0.25
-0.5
-4.5
15
0
-1.75
-0.25
-0.25
-1
-1.5
-1.25
0
1
-0.75
1
0.5
0
1
0.75
-0.25
-27
0.5
-0.75
2
-1
0.75
31.75
-0.5
2
1.5
1.25
-2
-2.25
1
0
2.75
0.25
0.25
-1.75
2.75
0.75
0.75
-0.75
4.5
-0.5
0.75
0
0
1.25
3.75
-1.75
-1.75
-4.25
1.25
0.75
-2.75
-4.5
0.75
0
0.25
30
-3
2.25
-1.75
-0.25
-1
31.75
0.75
-0.25
-0.25
-0.25
-1
-0.5
-1
-4
1.25
-2.5
0.25
0.75
1.5
4
1
-0.25
1.25
-1.5
0.5
0
0.25
-2
13
0.25
1.5
3.5
-0.75
1.25
0.25
0.75
0.25
-0.25
-0.25
0
0
0
0.25
0.25
0.25
-0.75
0.25
0
-0.25
-0.25
0.25
-0.25
-0.5
15.25
0
0.5
0.25
0.25
0.5
0.75
-1.75
0
-1.5
2
0.5
0.75
-0.75
-1.75
-0.25
-0.25
-0.75
-0.5
-2.25
-1.25
-1.75
-0.5
-1.75
2.25
-0.25
-1.25
-6.75
-9.25
1
-2.25
0.5
1.75
1.75
-0.25
-4
-0.25
0
1.25
1
0.25
0.75
-0.25
-1.5
0.5
0.25
-1.75
2
1.5
0
0.25
-1
0.5
0.75
0
2
-1.5
8
3.5
-0.25
-3.25
-0.25
-0.5
0
-0.25
-0.25
-0.25
-0.5
-0.25
-0.25
-0.5
-0.75
0.75
1
1.25
-1
0.75
-11.25
-1.5
0.75
0
0.75
-0.25
1
0
0.25
0.25
0.75
7.75
-1.5
0
-0.75
-1.5
-1
-0.5
0
-0.25
0.25
0
0
0
-0.5
0
0
-0.25
0
-0.25
0
-0.25
1
0.5
1.75
1.25
3
0.25
0.75
1.5
-0.25
1.25
-2.75
-0.25
2.75
-1.5
-0.5
-1
-2.25
0.75
0.5
-0.25
0.75
0
-0.25
0
0
0.25
1
0.5
-0.75
0
0.25
1.5
0.5
0
-1.25
-1.25
6.5
-3.25
-2.75
0.25
4
-2.25
0.25
0.25
0.25
0
-0.25
0.5
0
0.25
0.5
0.25
-0.5
-6
1
-0.25
0.5
-1.25
-0.25
7.25
0
-0.5
-0.5
0.25
0.75
0
-0.75
0.5
0.25
0.75
1.75
-1.25
1
1.5
-0.5
-0.5
-3
-1.5
-1
1.25
-0.75
3
-1.5
-1.25
2.5
1.5
3
3
1
-3.25
1.25
0
-2.75
13.5
1.25
0.75
-0.75
0.75
-0.5
13
-0.5
-0.75
1
-0.5
-0.75
-0.75
3.25
-2.25
0
-1.25
1.75
2.25
3.25
0.25
0.25
-1
0.75
0.25
0.25
-1
0.5
0.25
-1
0.25
0.25
0
-2
1
0.25
-0.25
0
0
-0.25
0
0
0.25
0.25
0
0.25
-0.75
0.25
0
-0.25
-0.25
0.25
-0.25
-0.25
14.5
0.5
-0.25
0
0.25
0.5
0.5
-1.5
0.5
-3
3
1.25
-0.25
-1.25
-1.75
-0.25
0.25
-1.25
-0.75
-2.75
-1.25
0
-1.25
-1
2
-1
-1
-6
-10.25
1.25
-2.25
0.5
2.5
2
-1
-5.75
-0.25
0
1
1.25
0
-0.25
0
-0.5
0.5
-0.25
-2.25
1
2
-0.25
-1
-1
1.25
0
-0.75
2.5
-1.75
8.5
5
-0.5
-3.75
-0.25
-0.25
-0.25
-0.5
0
-0.25
0
0.5
-0.75
0
0
1
0.25
1.75
0
1
-9
-1.75
2.25
-0.25
2.25
0.75
1.5
-0.75
-0.75
0
1.25
14.5
-2.5
0.25
-1
-1
-1.25
0
0
-0.5
0.25
0
0
-0.25
-0.25
0.25
0.25
-0.5
0
-0.5
0.25
-0.25
1.75
0
3
2.5
4.75
0.25
1.25
2.75
-2.5
2
-3.25
-0.25
2.75
-2
-1
0
-3.5
1.25
0.25
0
0.5
0.25
0
-0.25
0
0.25
3
0.75
-0.25
-3
-1
1.25
1.25
0.75
-1.75
-2.75
8.25
-3.75
-3.25
0.75
4.25
-4
0
0.25
0.25
0
-0.25
0.5
0.25
0.25
0
-0.25
0
-4.75
0.5
-0.75
-0.25
-0.25
-0.75
12
-0.25
-0.5
0.5
0.25
0
-0.25
-0.75
0.75
0.75
1
1.75
-1
0.75
1
-0.5
0
-3.25
-2
-1.25
1.25
-0.5
2.25
-0.25
-1.75
2
-0.5
2.5
2.75
0.25
-3.75
1.25
-1
-3.75
18.75
2.25
1.75
-0.5
1
-1.5
15
-0.25
-1.25
1.25
0.25
-0.75
-0.75
3.25
-3
0
-1.25
1.5
1
3.25
1.25
0.5
-0.75
0.75
0.25
0.5
-1
-0.25
0.25
1.5
1
0.5
1
-1.25
1.75
0.5
-0.5
-0.25
0.25
0
0
0.25
0
0
0
0
-0.75
0.5
0
-0.25
-0.5
0
-0.25
0.25
16.25
0.5
0
0
0.75
0.5
0.5
-0.75
0.75
-3.75
4.75
1.25
-1.25
-1
-2.75
-2
1
-2
-0.25
-2.25
-2.25
0.25
-0.25
-0.5
2.5
-1.25
-0.75
-4
-10
1.25
-2.75
0.75
3.25
1.75
-1
-5.5
0.25
0
0.25
1.5
-0.25
-1.5
0.5
0.25
1
0
-1.75
1.5
3.25
-0.5
-1.5
-1.25
2.25
-1.75
-1.5
2.5
-2.5
8.75
4.25
-0.5
-3.25
-0.5
0.25
-0.75
-0.75
0.5
-0.5
0.75
1
-0.75
-0.25
0.25
1
0.5
1.25
-0.75
1
-10.75
-1.25
3
-0.5
3
0.5
2
-0.5
-1.5
-0.75
1.75
16.75
-4.5
0.75
-1
-0.5
-1.5
-0.5
-0.25
-0.25
0
0.25
0
-0.5
0
0
0.5
-1.25
0
-0.5
0
-0.25
2.5
-0.25
3.25
4
5.25
0.5
0.75
2.75
-3.25
1.75
-3.5
-0.5
2.25
-2.75
-0.5
0.75
-3.25
1.25
0
0
1
0
0
-0.25
0
0.25
5.5
0.25
-0.75
-3.5
-2.25
1.75
1.5
0.5
-1.25
-4.5
9
-4
-2.75
1.5
3.5
-5
-0.25
0.25
0
0
0
0.5
0.5
0.25
0
-0.25
0.25
-2.5
0.25
-0.75
0
-0.25
-1.5
14
0
-0.75
1.5
0
-0.75
-0.5
-0.25
0.75
1.25
1
1.5
-0.25
0.75
0.5
-0.5
-0.75
-2.5
-1.25
-0.75
0.25
0
1.75
1
-1.75
0.5
-1.75
0.75
2
-0.5
-4.25
1.5
-1.5
-3.5
22.25
1.25
1
0.5
1.25
-1.25
14.75
0.5
-2
2
0.5
-1.25
-0.5
3
-4
0.75
-1
1.5
0.25
2.25
2
0.75
-1
0.75
0
1.25
-0.75
-0.5
0.5
6.75
1
1
1.25
-0.75
1.75
0.5
-1
-1
0
0.75
0.25
0
-0.25
-0.75
0
-0.5
-1
0.25
-0.25
-0.5
0.25
0.25
0
0.25
17.5
0.75
0.5
0.25
1.75
1.75
-0.25
-0.25
0.5
-5.5
7.5
1
-2.25
-1
-4
-2.75
1
-3.25
0
-2.25
-1.5
0.25
0.25
0.75
3
-1.5
0
0
-11
0.5
-2.5
1.5
2.5
1
-1.75
-5.5
0.5
-1
0.75
1.75
-0.5
-1.25
1
0.5
1.25
-0.25
-2.5
2.5
3.25
-1
-1.25
-0.75
3
-3
-1.75
2
-4
12.25
5.5
1.25
-2
-0.75
1.25
-0.25
-0.75
1
-0.25
1
2.25
-1
-0.25
0.75
1
1
1.5
-1
0.5
-12
-1.5
2.75
-1.25
2.75
0.5
2.25
-0.75
-1.75
-0.75
1
21.75
-6.75
0.75
-0.75
-0.25
-1.5
-1
-0.25
-0.25
0.5
0
-0.25
-1
0.25
-0.25
0.25
-1.5
0
-0.25
0
0.25
3.5
-0.25
3.75
5.75
7.5
2.25
1.5
5.5
-4.5
3.25
-4
0
0.5
-3
-0.75
1
-3.75
1.75
0
-0.5
1.25
0.5
0.5
-0.5
0.25
0.25
9
-0.75
-1.5
-4
-4.25
2.5
0.25
1
-0.5
-4.75
8.75
-3.5
-3.5
2.25
3
-4.5
-0.25
-0.25
0
0
-0.5
0.5
1
0.25
-1.25
0
0.5
-6.25
0.25
-0.5
0.75
-0.5
-1
18.75
0.25
0.5
3.75
0.25
-1.25
-1
0.25
0.5
2.5
1
1.75
-1
1.5
0.5
-0.25
-2.25
-2.75
-1
-0.5
0.5
-0.75
3
2.25
-1.25
-0.25
-2.75
-0.25
1.5
-1.25
-4.5
1
-1.25
-3.5
25.75
-1.25
0.25
1.5
1.75
-1.5
19.75
1.25
-2
2.25
0.25
-1.75
-0.75
1.75
-5
2.5
-2.75
0
0
0.75
5
1
-2.5
1.25
-0.5
1.75
-1.5
-0.25
0.25
14
0.5
2.25
1.5
-0.75
1.25
1
-1.75
-1.5
-0.25
1
0.5
-0.5
-0.25
0
-0.25
-1.25
-1
-0.25
0
-0.5
0.75
0
0.75
-0.25
16
0.5
0.25
0.75
1.75
1.5
-1
0.25
0.25
-6
9.75
0
-1.75
-0.75
-4.75
-3.25
1
-3
0.25
-1.75
-0.75
-1
0.75
1.25
3.25
0
0
3.5
-9
-0.5
-2.25
1.75
1.75
1.25
-2.25
-5.25
0.75
-1.25
1.75
1.75
-0.75
-1.5
1
1.25
1
-0.25
-1.75
3.5
2.75
-2
-0.5
0
3.5
-3.25
-2
2
-4
18
6.25
0.75
-0.25
0
1.5
0
-0.5
1.75
0.25
1.75
3
-1.25
0
0.25
1
1
1.25
-0.5
0
-14.25
-1.75
2
-2
3.5
0
1.5
-1
-1.75
0
0.25
28
-9.25
1
-0.5
0.25
-2.25
-1.5
0
0.25
0.25
-0.5
-0.5
-0.5
0.25
-0.25
0
0
0.25
0.75
-0.75
2
3.25
-0.5
4.5
5.5
7
2.75
1.75
6
-5.5
3.5
-3.25
0.25
-0.75
-2.75
-1.25
0.25
-4.25
2
-0.25
-0.75
1.25
0
1
-0.5
-0.25
0
12.25
-1.5
-2.75
-5
-5.75
3
-0.75
1.5
-0.25
-4.25
6.75
-2.25
-4
2.25
2
-3.5
-0.75
-1
0
0.75
-1
0.75
1
0.25
-1.25
-0.5
-0.5
-12
-0.25
-1.25
1.75
-1
0.25
22
0.25
2
5.25
0
-1.75
-1.25
1.25
0
3.5
0.75
2
-2.25
2
0.75
-0.5
-2.25
-0.5
-0.25
0
0.5
-0.25
2.5
2.5
-1.5
-1.25
-3.25
-0.75
1.75
-1.75
-4.25
1.25
-1
-3.75
25.25
-2
0.25
1
1.75
-0.75
24
0.75
-1.5
1.75
-0.75
-1.5
-1.25
0
-5
4
-3.75
-1.5
0
0.5
6.75
0.5
-3.5
1.25
-0.25
1.5
-1.5
0
0
19.25
1.25
2.75
2.75
0.25
2
0.5
-1
-0.5
0.25
0.5
0
-0.5
-0.25
0.5
0.25
-1
-0.75
-0.25
0.5
0.25
1.25
-0.25
1.25
0
14.75
-0.25
0.75
0.25
1.25
0.5
-0.5
-1
0.5
-4.75
10.5
-1.25
-0.25
-0.25
-3.75
-3.25
0.75
-2.25
1.25
-1.5
-0.5
-2.5
1.5
1.25
1.75
0
-0.5
5.75
-4
-2.25
-1
2
1
1
-2.75
-4.5
1.5
-1.75
2.5
2
0
-1.5
1.25
0.25
1.25
-1
-2.75
8.25
2.5
-3.5
-0.25
1
3.5
-3.5
-2.25
2.75
-4
25.5
7.25
0
1
0.25
1.5
-0.75
-0.25
2.25
-0.25
2.25
2.75
-1.5
0.25
0.25
0.25
-0.25
1.5
0.25
0
-17.5
0
-0.25
-1.5
3.25
-1
0.25
-0.25
-1.5
-0.25
-0.75
31.5
-10.75
1.25
-0.25
0.25
-2
-0.5
-0.25
0
0.5
-0.5
-0.75
0.25
0.25
0
-0.75
1
1.25
1
-1.5
4.25
4.25
-1.5
4.75
5.5
7.25
3.5
2.75
7.5
-5.75
3
-2
0.5
-0.25
-1.75
-1
-1.5
-3.25
1.75
-0.25
-0.5
0.5
-0.25
1
0
-0.5
-0.25
13.25
-2
-2.5
-4.25
-8
2
0
1.25
-0.5
-2.75
3.5
-0.5
-3.75
1
0.5
-1.5
-1
-1.25
0.25
1.25
-1
0.25
1
0
-0.5
0.5
-0.5
-14.25
0
-1
1.25
-1.5
0.75
23.5
1
2.5
4.75
0.25
-1.75
-1.25
1.5
-0.75
3
0
1.5
-1.5
1.75
1
-0.25
-1.75
0
-0.25
0.25
0.5
0.5
2.25
3.25
-1
-2.25
-3.5
0.75
1.25
-2.25
-4
0.75
-0.5
-3.5
20
-2.75
0.5
0.75
0.75
0.25
24.75
0.25
-1.5
0
-2.5
-0.5
0.25
-0.5
-3.75
6.75
-4
-1.75
1.5
-0.5
7.5
-0.5
-4.5
1.25
-1.75
1
-1
-0.25
-0.25
18.5
1
2.5
2.25
1
1
0.25
-0.5
0
0.25
-0.25
-0.25
0
0
0
0.25
0.5
-0.75
0.25
-0.25
-0.5
-0.5
0.75
-0.75
-0.25
15.5
-0.25
0.25
0
-0.75
0.5
0.25
0
-0.5
-3.25
4.5
0
0.5
1.5
-1.5
0
0.25
-2
-0.75
-2
-1.5
-0.75
-0.5
-1.25
3.75
1.25
-0.5
-5
-11.75
0.75
-2.5
0
2.5
2
-0.25
-4.75
0.25
-0.5
2
0.25
0.5
0.75
-0.25
-1.25
0
0.25
-1
4.75
0.75
0.5
0.25
-1.25
0.25
0.25
0.5
1.25
-2.25
13
5.25
-0.5
-0.5
0.5
-0.75
0.25
0
0
0
0
0
-0.5
0
-0.5
0
-0.5
1
-0.5
0.75
-15
-1
0.75
-0.25
2
0
1.5
-0.25
-0.25
0
0.25
10.75
-2.25
0
-0.75
-1.5
-0.75
0.75
-0.25
-0.25
0.25
0
0
0.25
-0.25
-0.5
0
0.25
0.25
0
0.25
0
0
0.25
2.75
2.25
5
1
1.75
3.5
-1.5
2.75
-2
0.25
2.5
-1.25
-1
0.5
-1
0.5
0
0
0.25
0.25
0
0
0
0.5
2.5
-0.25
-0.75
0
-0.25
1.5
-0.5
-0.25
-2
-1
6.5
-2.5
-3
2
4.5
-1.25
0.25
0.25
0.25
-0.25
-0.5
0.5
0
0
0
0.25
-1
-10.25
0.5
-0.25
-0.75
-0.75
0.5
9.5
-0.5
1.5
0
1
0.75
-0.75
-1.5
1.25
0.5
1.75
1.5
-1.75
0.5
1.75
0.25
-1.25
-3
-1.75
-0.75
0.5
-1.5
2.5
-0.5
-1
1.5
1
1.25
2.25
1.25
-2.25
0.5
0
-1.75
13
0.25
1.5
-1.5
0.5
-2.5
15.25
-0.5
-0.5
1.5
-2.75
-1.5
-1.25
2
-4.25
0.75
-1.5
1.5
2.25
4
0.25
0
1.25
1
0
0.25
-1
0.75
-0.75
1
-0.25
0.25
-0.25
-1.75
0.75
0
0
-0.5
0.25
0.25
-0.25
0
0
-0.25
0
0.5
-1
0.25
-0.5
-0.75
-0.25
1
-0.75
0.25
13.25
0
0
-0.25
-1
1
0.25
0.75
0
-4
3.75
-0.5
-2
2.25
-1.75
-0.25
1
-3.25
-0.5
-2
-1.75
0.5
-0.5
0
2.5
0.5
0
-3
-8.75
0.75
-2.5
0.25
2.5
1.25
-0.75
-5.5
0
-0.25
1
0.75
0
-0.5
-0.25
-0.25
-0.25
0
-1.75
2
0.5
0.75
-0.5
-0.5
1
0
0
1.75
-2.25
14.75
5.75
-1
-0.25
0.5
-0.25
-0.25
-0.75
0.25
0
0.5
0.75
-0.75
0
0
0
-1.5
1.5
0
0.75
-13.25
-0.75
1.25
0
3
0
0.5
-0.25
-0.5
0
0.75
15
-3.25
0.25
-1.5
-1.25
-1
0.75
-0.25
-0.5
0.5
0
-0.25
0
0
0.75
0.25
0
0
-0.5
0.75
-0.5
0.5
0.5
3
3.25
5
1.25
1.75
3.5
-2.75
2.75
-1.5
0.25
2
-1.25
-0.5
1.5
-1
1
0.5
-0.25
0.5
0.25
0.25
-0.25
0.25
0.25
3.25
0.5
0
-1.5
-1.25
0
0
0.25
-1.5
-0.75
7
-2.25
-3
2.25
4.75
-2
0
0
0
0
0
0.25
0.25
0
-0.25
-0.75
0
-8.25
0.75
-0.5
-0.75
-0.5
-0.5
12
0.5
1
1.25
1
-0.25
-0.75
-1.25
1.25
1.5
1.75
1.25
-1.5
0.25
1.75
-0.25
-1.25
-2.5
-1.5
-0.75
0.25
-0.75
1.25
0.25
-1
0.75
-0.25
1
1.5
0.75
-2.75
0.75
-0.25
-2.75
16.75
0.25
1.5
-1.5
0.75
-2.75
16
0
-0.25
0.75
-3.25
-0.75
-0.5
2.25
-4
2
-1.5
1
1.5
2.75
1.25
0.25
1.25
0.5
0
0
-0.5
-0.25
0.5
3.25
1.5
-0.25
-0.25
-0.25
1
-0.5
0
-0.5
0.25
0.25
0
0.25
-0.25
-0.25
-0.25
0.75
-1
0.75
-0.25
-0.75
-0.75
0.75
-1
0.75
12.75
0
1
-0.5
-1
1.5
0.75
2
-0.25
-3.5
2
-1.25
-3.75
2.25
-2.25
-0.25
0.75
-4.5
0.5
-2.25
-1.75
0.25
0.25
0.75
1.5
-0.75
0.5
-0.5
-5.5
0.5
-1.75
1
3
0
-1.25
-5
1
-0.5
0
1
-0.25
-0.5
-0.25
-0.25
0.25
0
-2
1.75
0.5
0.75
-0.5
0.25
1.25
-0.25
-0.25
2.75
-3.5
16.75
5.5
-0.75
0.75
0.25
0.5
-1
-1
0.75
-0.5
1.25
1.25
-0.5
-0.25
-0.25
0.25
-1
1.25
-0.5
0
-14.25
-0.25
1.5
0.25
3
-0.25
1
-0.75
-0.5
-0.75
1
15
-4.75
0.25
-1.75
-1.25
-1.25
0.25
-0.25
-0.25
0
-0.25
0.25
-0.25
0
0
0.5
-0.5
0
-0.5
0.75
-0.75
1.75
0.25
2.25
4.5
4.75
1.25
0.75
3
-3
2
-1.25
0.25
1.25
-1
0
1.5
-0.5
1.25
0.5
-0.5
1.5
0
0.25
0
0
-0.25
5.75
0.5
-1
-2.25
-2.75
0.75
0.75
0
-0.25
0
6.25
-1.75
-3
2.5
4.5
-2
0
0
0
0
0
0.25
0
0
-0.5
-0.75
0.75
-5
0.75
-0.25
-0.75
-0.25
-1.75
11.75
1.5
-0.5
1.5
0
-0.5
-1
-0.5
1
1.5
1.75
1.75
-1.25
0.25
1.5
0
-2.25
-4.5
-0.75
-0.75
0.75
-1
2
1.25
-0.75
0
-1.75
0.25
0.5
-0.25
-3.5
1
-0.5
-2.25
18.75
-1
1
-0.75
1.5
-3
14.5
0.5
-0.25
-0.25
-3.5
-0.5
1
2.5
-3.75
2.75
-1.5
0.25
1
0.25
3.5
0.5
0.25
0.75
-0.25
0
-0.25
-0.5
1
8
1.75
0
-1
0.75
0
-0.75
0.25
-1
0.25
0.25
0
0
-0.25
-0.75
-0.5
0
-1.25
0.5
-0.5
-0.75
-0.75
0.5
-0.5
0
11.75
-0.5
1.75
0.5
0
2.5
0.5
1.75
-1
-3.25
0.5
-1.5
-3.75
1.75
-2.5
0.5
-0.25
-5.75
0.5
-2.25
-0.5
-0.25
0.5
2
0.25
-1.25
1
2.75
-2.25
-0.25
-1
2
4
0.25
-1.75
-4.5
1
-1
0.25
0.75
-0.25
-0.25
0
0.5
0.75
-0.5
-1.5
3.25
0.5
-0.25
0
0
2.25
-2
-0.75
3.5
-5.5
17.75
5.75
0.25
2.75
-0.25
1.75
-0.5
-0.25
1
-0.5
1.25
1.75
-0.75
-0.5
-0.5
0.5
0.5
0.75
-1
-0.5
-11.5
-0.75
1.25
0
4.5
0.25
1.25
-1.75
-0.25
-0.5
0.25
18
-7
0
-1
-0.25
-1.25
-0.5
-0.5
0
0
-0.25
0.5
-0.75
0.25
0.25
0.25
-0.25
0.5
0.75
-0.25
0
2
-0.25
2
5
6.5
2.25
1.5
4
-3
1.75
-1.25
1.25
-1
-1.75
-0.75
0
-0.75
1.75
0.25
-0.75
1.5
0.5
0.25
-0.25
0.5
-0.75
7.75
0
-2.25
-3
-5.5
1.5
0.75
-0.25
0.75
0.5
5
-1
-3
2.25
4.75
-1
-0.25
-0.75
-0.25
0.25
-0.75
0.25
0.5
-0.25
-1.75
-0.25
1
-4
0.25
0
-1
0.25
-1.25
12
1
-1
2
-0.25
-1.25
-0.25
0.5
0.5
2
1.25
1.25
-1.25
0.25
1
0
-3
-5
-1
-1
1.75
-2.25
3.25
2.25
-0.25
-1
-3.5
0.25
0.25
-1
-4
1.25
-1.25
-2.25
21.75
-2
0.75
0.5
2.5
-2
14
1
0.75
-1
-3.25
-0.5
1.75
1.75
-3.5
4
-3
-1.25
0.25
-1.25
6.5
0
-2
0.75
-0.75
0.75
-0.5
0.25
0.75
14.25
1.25
1.25
-1.25
1
-0.25
-0.25
-0.25
-1
0.25
0.75
-0.25
-0.5
0
-0.5
-1
-0.75
-1.25
0
0
-1
0.5
0.5
0.25
0
8
0.5
0.5
1.25
0.25
3.25
-1.25
1.75
-0.5
-2.25
0
-2
-3
2
-3
-0.25
0.25
-4.75
1
0.5
-1
-0.5
1.25
2.5
-0.25
-1
1.25
5.5
1.25
-1
-0.5
2.75
4
0.75
-2.5
-4.25
1.25
-1.75
1.5
1
0.25
-0.5
0.75
1.5
0.5
-0.25
-0.75
6.25
1.5
-0.75
0.25
0.25
3.25
-2.75
-1.75
2.75
-5.5
19.25
6.25
-0.25
3.5
0
2.25
-0.5
0.5
1.25
-0.5
1.5
2
-0.5
-0.5
-0.5
0.5
0.25
0.75
0
0
-8.75
-1
1.5
0.25
5
-0.25
1.25
-1.25
-0.75
-1
-0.5
22
-8.5
0.25
-0.25
0.75
-1.25
0
-0.25
0
-0.25
-0.25
0.25
-0.75
0
0.25
0
0.5
0.5
1.5
-1.5
1
1
-1
2.25
5.5
6
2.75
1
5.25
-3.75
1.5
-0.25
1.5
-2.75
-2
-1
-1
-1
1.75
-0.25
-0.25
0
0.25
0.25
0
0.75
-0.5
9.5
0
-2.75
-4.5
-8.5
1.25
-0.25
0
1
0.25
3.5
-0.25
-2
1
3.75
-0.25
-1
-1.5
0
1.25
-1.75
0.25
1.5
0.25
-1.75
-0.25
0
-4.25
-0.75
0
-0.25
0
-0.75
9.5
1.25
-1.75
2.75
0
-1.25
1
0.25
0.5
2.5
1
0.75
-1.5
0.25
1
-0.5
-2.75
-2.5
-0.25
-0.75
1.5
-1.75
2.75
2.75
-0.5
-2
-3.75
0.25
0.25
-1
-4.25
1.25
-1.5
-1.25
21.25
-1.75
1
0.5
2.75
-0.75
11.5
1.25
2.25
-1
-2.25
-0.75
1.5
1
-1.5
4.5
-3.75
-2
0.75
-2
7
-1
-5.25
0.75
0
0.5
-1.25
1
1
17.75
2
1.75
0.5
2
1.5
0
-0.5
-0.75
0.25
0.25
0
-0.5
0.25
-0.25
-0.5
-0.5
-1.25
0.25
0.25
0
2
0
0.75
-0.75
8.75
0.5
0.75
1
1
2.75
-1.5
1
0.5
-0.75
0.75
-2.75
-1.5
3
-2.5
-1
0.5
-2.75
1.75
3.5
-1.75
-1
1.5
2
-1
-1.25
0
7
3.25
-2
0.75
3
3
1
-3.25
-4.25
2.5
-3.25
2.75
0.25
1.25
-1
1.5
0.5
0.5
-0.5
-1
12.5
2.25
-1.75
-0.25
1
3.25
-2.5
-2.25
3
-5.5
21.75
6.75
-1
3.5
0.25
2.5
-0.5
0.25
1.25
-0.75
1
1.75
-0.75
-0.75
-0.75
-0.75
0
1
1.25
0.25
-10.25
0
1.5
0.5
5
-1.75
0.5
0
-0.5
-1.75
0
24
-10
1.25
0.75
1.25
-1
0.5
0
-0.25
0
-0.5
-0.25
-0.25
0
0.75
-0.5
0.25
1
1.75
-2.25
2.75
1.75
-1.75
2.75
6
6
3.75
0.5
7.25
-3.75
1
-0.25
1
-2.25
-1.75
-0.75
-2.25
-0.75
1.75
-0.25
0
-2
0.25
0
0.25
0.75
0.5
9
0.25
-1.25
-5.25
-10.75
-0.5
-1
-0.5
0.75
0
1.25
0.5
-1.5
0.25
2.75
0.25
-1.5
-1.5
0.25
1.5
-1.75
0.25
1.5
0.25
-1.5
0.25
-0.25
-3
-0.5
-0.5
-0.75
-1
-0.25
9
2
-2
2.75
0.5
-1
1
0.5
-0.25
2.5
0.75
0.5
-1
0.5
0.75
-1
-1.75
-1
-0.25
-0.5
1.5
-0.25
2.75
3.25
-0.25
-2.75
-3.5
1.25
0.25
-1.75
-4.75
0.5
-0.75
-1.5
18.75
-2.25
0.25
0.25
2.75
0.75
9
0.75
2.75
-2.5
-2.25
0
2.25
0.5
0.5
4.75
-3.25
-2.25
2.5
-2.25
6.25
-1
-6
0.75
-1
0.25
-1.5
1.25
0.75
18.25
2.25
2
1
2.25
1.75
-0.25
-0.5
0
0
0
0
-0.25
0
0.25
-0.25
2
-2.75
1.5
-1
-1.25
-2.75
1.5
-1.75
0
18.25
-1.25
0.25
-1.25
-2
-1
1.75
1.25
-0.75
-5
6
-0.25
0.5
0.5
-2.25
2.5
-2
-4.5
-0.25
-2
-3
0.75
0
1.25
0.75
-0.25
-0.75
-0.25
-7.75
-2.25
0.25
1.25
5.25
-0.25
-2
-6.75
2.5
-1.5
3
0.5
0.25
-2
-0.75
-0.25
-0.5
0.25
-0.25
7.25
-0.75
2.25
0
-0.75
0
0.25
0.75
0
-1.25
13
3.75
-0.75
1.25
0.75
0
-1.5
-2.5
0.25
0.25
0.5
1
-2.25
0.75
-0.75
0.5
-1.75
0.5
0.5
1.5
-12.75
-0.5
-0.5
-0.25
2.25
0.5
1
-0.5
-0.75
0.25
-0.25
14.5
-3.25
-1
-0.5
-1.5
-0.75
0.5
-0.5
0
-0.5
0.25
0.25
0.5
-0.5
-3.25
-0.25
0.75
0.5
0.5
0.25
0.75
0.5
1.5
3.5
2.75
5.5
0.5
2
3.25
-1.5
4
1.75
1
0.75
-2.25
-2.25
-1
-2.5
2.5
-0.25
0
-0.75
0.25
0.25
0.5
-0.25
0
10
-1.25
-2.5
-2.25
-4.25
2.25
-0.5
0.25
0
1.75
5.25
0.5
-2.75
1.5
4.75
2.75
0.25
0
0
-0.25
0
0.25
-0.5
0
-0.25
0
0
-12.25
-1
-1
-1.5
1.5
-0.5
15.25
0.25
2
1.5
2
-0.25
-0.5
-2.75
2.5
0
3
1.25
-3
1.75
3.5
-0.5
-1.75
0.5
-1.25
-1
0.25
-1.25
1.25
-0.25
-0.5
1
0
0.75
-0.75
1.25
-1.5
-0.5
1
-0.25
15.75
-1
1.25
-1.75
-0.75
-4.25
9.75
0.75
-0.5
-0.25
-4.5
-1.25
-0.75
2
-2.5
3.25
-2.5
-0.25
3.75
1.5
-1
0.25
-0.25
-0.5
0.25
-0.75
-1.75
0.25
-0.5
4.75
0.5
-0.5
-0.75
3.25
-0.5
-2.75
2.5
-0.5
0.5
0.25
-0.25
0
-0.25
-0.25
-0.25
1.75
-2.5
1.5
-1
-1.5
-2.5
1.75
-1.5
0.5
18.75
-1.25
1
-1.25
-2
0
1.5
2
-1.25
-5.25
5
-0.5
-1.75
1.25
-2
2.5
-1.75
-4.25
0
-4.75
-1.75
1.75
0.5
1.75
-0.75
-1
0.25
1
-2.75
-2
0.5
1.25
4.5
-0.5
-2.75
-6.75
2.5
-1.5
2.25
0.25
0.5
-2.25
-0.75
0.25
-0.5
0.5
-0.75
7.5
-1.75
3
0
-1.25
-0.25
0
1
1.5
-2
16.25
4.5
-1.5
2.25
0.5
-0.5
-2.5
-2.5
0.75
1
1.5
1.25
-1.75
0.75
0
-0.25
-2.5
0
0.25
0.25
-14.25
0.25
-0.5
0.75
1.5
0
-0.5
0.25
-0.75
-0.25
0.25
18.5
-3.5
-0.5
-0.5
-1.25
-0.75
0.25
-1
0
-0.25
0.5
0.25
0.25
-0.5
-1.25
0
1
0.25
0.25
0
0.5
0
0.75
3
2.75
4.25
0.75
1.75
2.25
-1.5
2.75
3.25
0.25
0.5
-2.25
-1.25
-1.75
-1.25
2.5
-0.25
0.25
-0.75
0
0
0.25
-0.25
-0.5
10
0
-0.75
-3.75
-5
0.5
-1.75
0
1
2.5
8
1
-2.25
0.5
3.75
2
0.25
-0.25
-0.25
0
0
0
0
0
-0.75
0
1
-10.75
-0.75
-1
-1.25
1.75
-1
14
1.25
1.25
1.25
1
0
-0.25
-2.5
2
0.25
2.75
0.75
-2.5
1
3
-0.5
-1.75
0.5
-0.75
-1
-0.25
-0.75
0.5
0
0
0.25
-0.25
1.25
-1.75
0.25
-1
-0.5
1
0
20.25
-0.75
1.25
-2
-0.5
-4.25
8
1.25
1
-1.75
-4.25
0
0.5
3.5
0
5.25
-1.75
-1.25
3.5
-1
-1
0.25
-1
0
0.5
-1.5
-1.25
0
0.25
7
1.75
-0.5
-1
4
-1
-2.25
2.75
-0.5
0.25
0
0
0.25
0
-0.25
-0.25
1.25
-1.75
1.25
-0.75
-0.75
-2.5
1
-1.25
0.75
19
-1.5
2
-1.25
-1.25
0.75
1.5
2.5
-1.25
-4.25
3.5
-1.25
-2.5
2
-1.75
3.5
-1.75
-3.75
1.25
-6.5
1
2
1
2.25
-1.5
-1.5
0.75
2.5
1.25
-1.75
1.75
1.5
5.25
-0.25
-3.25
-7.25
4
-1.75
1.75
0.5
0
-1.75
-0.5
0
0.25
-0.25
-1
10.25
-3
2.25
0.25
-1.25
-0.25
-0.75
0.75
3.75
-3
20
4.5
-1.25
3.75
0
-1.25
-4
-1.75
1.75
0.75
2
1.25
-1.25
0.75
0.75
-0.75
-2
-0.75
-1
-1
-16
1
-0.25
1.25
0.75
-0.25
0
0.25
-1
-1
0.75
17.75
-4
0
-0.75
-0.75
-0.5
0.25
-0.5
0
-0.25
0.25
0.5
0.25
-0.25
-0.5
0.5
1
0
0.5
-0.5
0.25
-0.25
-0.25
2.25
3.25
3.25
1.25
1.25
2
-1.75
1.75
3.5
0.25
0.25
-1.75
-0.25
-2.75
-0.75
2.25
0
0.25
0
-0.25
-0.5
0.5
-0.25
-0.25
10.5
0.25
-1.25
-3.5
-6.75
1
-2
-0.5
2.25
2.75
8
1.5
-2.5
-0.5
3
1.5
0
0.25
0
0.25
0
0
0.5
0
-1.25
0.25
1.5
-7
-0.25
-0.75
-1
0.75
-1.5
10
1.5
0.25
0.25
-0.25
0.5
-0.5
-1.5
2
0
2
0.75
-1.5
0.5
1.75
-0.5
-3.25
-2
-0.5
-0.75
0.75
-1.5
2.25
0.25
0.5
-0.5
-0.75
0.5
-3.5
-0.25
-1.75
-0.25
0.5
0.5
22.25
-1.75
0.75
-0.75
0.25
-3.75
6.25
0.75
2.5
-3.25
-4
1.25
2
3
1.25
6.25
-1.5
-2.25
1.75
-3.25
1
0.75
-1
0.75
-0.5
-1.5
0
0.25
-0.25
9.25
1.75
-0.75
-1.25
3.75
-1.75
-2
3
-0.25
0
-0.25
0
0
-0.25
-0.75
0
0.25
-0.75
0.5
-0.5
-0.25
-1
0.5
-0.75
1.25
17
-0.75
1.75
-0.75
0
2.25
1
2.5
-1.25
-2.75
2.75
-0.75
-2.25
2.25
-2.5
4.25
-2
-2.75
0.75
-7.75
4.75
2.25
0.75
2
-2
-1.75
1.25
3.5
4.25
-1.75
1.75
2.25
5.75
0.25
-3.5
-5.25
5.75
-2.5
1.5
1
0.5
-1
-0.5
0.75
0.75
0
0
13.25
-2.25
0.5
-0.5
-1
-0.25
-1.5
-0.25
3.75
-3.75
19.75
4.5
-1
6
0.75
-1.25
-4.25
-1
2.25
0
2
1.5
-1.25
0.5
0.75
-0.75
-0.75
-0.75
-0.5
-1.75
-11
1
0.25
1.75
1
0.5
1
-0.25
-0.75
-1.25
1
17
-5
-0.25
0
-0.75
-0.25
-0.25
0
0
-0.5
0.25
0.5
-0.25
0
-0.5
1
1
0.5
1.25
-1.5
1
0
-0.75
2.75
4
4
2.5
2
3.25
-2.5
0.5
3
0.5
-0.5
-1.25
-0.5
-3.75
-1.25
1.75
0
0.25
-0.25
0
-0.5
0.5
0
-0.25
9
0.5
-1.5
-2.5
-8
1
-2
-1.5
2.75
2.25
7.75
2
-2
-1.25
2.5
0.75
0.25
0
0
0.25
-0.25
0
0.75
-0.5
-1.25
-0.5
2
-5.75
-1
-0.25
-0.75
0.75
-1.75
7.25
0.75
-1.25
0.25
-0.75
0
0.25
-1.25
1.25
0.25
1
0.5
-1.25
0.25
0.75
-1
-2.75
0.75
-1.25
-1
2.25
-2.75
2.25
1.25
1.25
-1.5
-2.25
0.75
-2.75
-0.5
-2
1
-0.5
-0.5
25
-2.75
0
1
1.75
-1.75
6.75
0.25
3
-4
-3.5
2.75
2.5
1.25
1
7.5
-1.75
-3.75
1.5
-3.25
3.25
0
-3.25
0.75
-1.25
-0.5
0
0.75
-0.75
11.75
1.75
0.5
-1.5
3.25
-2
-2
2.75
0
0
-0.25
0
-0.5
0.25
-0.25
-0.25
-0.25
-0.75
0.25
0
-0.5
1
0
-0.25
1
15.25
1
0.25
-0.5
0.5
1.5
1
1.5
-0.75
-1.75
5
0
-0.25
1.25
-2.5
2.75
-1
-1
0.5
-4.75
4.25
1
0.5
2.25
-2.25
-2.25
0.5
4.25
5.25
-2
1.25
1.75
5
1.25
-3
-2.25
5.5
-3
1.75
1
0.75
-1.75
0.25
1
0.5
0.5
1
13.5
0.25
-0.75
-1
-0.5
0.25
-1.75
-1.5
2.25
-2.5
17
4
-2
5.5
2.25
-1
-2.75
-1
2
0
1.5
1.5
-0.75
0
-0.5
-0.25
0.25
-0.25
0.75
-0.5
-7
1
1.75
1.75
1
-0.5
1.5
0
-0.75
-1.5
0.75
17.25
-4.75
-1.25
0.5
-0.25
0.25
0.25
0.25
-0.25
-0.5
0.25
0.25
0
0.25
0.25
0
0.75
1
1.75
-2.25
2.25
0.75
-0.75
3
4
3.5
3.25
2.75
3.5
-2.5
-0.25
2
0.5
-0.75
-1.5
-0.75
-4.5
-1.75
1
-0.25
0.75
-0.5
-0.25
-0.25
0.5
-0.25
0.25
8.5
0.25
-2.5
-2.5
-9
1.25
-1.75
-1
2
1.25
6.5
1.75
-0.25
-1.25
1.75
0.5
-0.25
-0.5
0.25
0.5
-0.5
-0.25
0.75
-0.25
-0.25
-0.25
0.75
-6
-1.25
0
1
0
-1.75
5.75
0.25
-3
0.5
-1.5
0.25
1
-1
0.25
0.5
0.5
-0.5
-1.25
0.25
0.75
-2.5
-2
1.75
-1
-1
2.75
-2
1.5
1.25
1.5
-1.5
-2
1.25
-0.25
-0.5
-2.5
1.25
-0.5
0.5
25.25
-2.75
-0.25
0.5
2.5
0
9
0.5
2.25
-3
-1.5
2
1.25
0.75
1.25
7
-1.5
-4.25
3
-3.25
3.25
-1.25
-6.5
1.25
-0.25
-0.25
-0.5
1.25
0.25
12.75
1.5
0.75
-1
2
-0.5
-1
1
-0.25
0
0
0
-0.25
0
-0.5
-0.5
0.25
-0.75
0.25
0.25
-0.25
2.5
-0.25
0
-0.5
17.75
0.5
0.75
-0.25
0.5
0.25
1.5
1.25
0
-1.75
7.5
-0.25
2
1.5
-0.75
0.5
0.75
1
1.5
-0.25
2.25
-0.5
1.25
2.25
-2.75
-1.75
-0.25
5.5
5.5
-2.75
1
1.75
3.5
2.5
-3.25
-0.75
5.75
-3.75
2.5
0.25
0.5
-1.25
0.75
0.25
0.25
0
0
15.25
1.75
-2
-0.75
0
1.5
-2.25
-1.75
0.75
-2.25
15.25
3.75
-2
4.5
3
-0.5
-1.75
-0.5
2
0.25
1.5
1.25
-0.75
-0.25
-1.25
0.25
1.5
0.75
1
0.75
-11.5
0.5
1.5
0.75
0.25
-2
1
1.25
0.25
-1
0.75
16.25
-4
-0.25
0.5
0.25
0.75
1
0.5
-0.25
-0.25
0
-0.25
0
0
0.5
-1.25
1
2.25
2.75
-4
4.5
2.25
-1.5
1.5
3
3
3
2.5
2.5
-1.25
-1.25
0.5
0.5
-0.5
-2.25
-0.5
-5.75
-1.5
0.75
-0.25
0.5
-1.25
0.25
-0.5
0.25
0
1
7.5
-0.5
-2.25
-2.75
-10
0.75
-1.75
-0.75
1
0.5
5.5
1.5
0.75
-0.5
0
1.25
-0.25
-0.75
0
0.25
-0.75
-0.25
1
-0.25
-0.25
-0.25
-0.5
-6.25
-0.75
-0.25
1.25
-0.75
-0.5
5.75
0.25
-2.5
0.5
-1
0
0.5
-1.25
0
0.5
0.75
-1
-0.5
0.25
0.25
-3.5
-1.25
0.75
-1
-0.5
2.75
-0.75
2
0.75
1
-1.75
-1.5
1.5
0.75
-1
-2.75
0
-0.25
0.75
24
-3.75
0
0
2.25
0.5
12
0.5
3.5
-2.75
0
1.75
0.5
0.5
2
6.25
-0.75
-4
4.75
-3.75
2.5
-1
-7.25
1.25
-0.5
0
-1
1.25
0.25
13.75
1.5
0
0
1.5
0.25
-0.75
0.5
0
0.5
-0.25
0.25
0
0
-0.5
-0.25
1.5
-2.25
2.5
-1
-1.75
-2.5
1.5
-1.5
0.25
13.25
-0.75
0
-0.5
-0.5
0
1.75
1.25
-1
-6.75
8.25
2
1.5
-1
-6.25
3.5
-1
-3
1
-2.5
-2
3
0.75
-0.25
-1.25
-0.5
0
-0.75
0
-3.5
2
0.25
5.75
-0.75
-2
-7.75
3
-1
2.25
0.5
-0.25
-5
0.25
0
-0.25
-0.25
-2
14
-1.75
2
-1
-2
1
-1.25
0.25
-0.75
-1.25
18
2.25
-1.75
2
0.5
-1.25
-4.25
-1
1.25
0.75
2
1.25
-1.5
1
-1
-0.75
-1.75
0.25
1.25
0.75
-18.25
0.75
0
0.75
2.75
-0.25
-0.5
0
-0.5
-0.25
-0.25
21.25
-4.5
-0.5
0.25
-1.5
-0.5
0
0.25
0
-0.25
0
0.5
0.75
-0.5
-1.75
-0.75
1.25
0.5
1.5
-0.75
1.5
0.75
1.5
2.75
1.25
4
1.5
2
1.25
-1.75
2.25
6.75
0.25
-0.25
-3.25
-2.75
-3.75
-1.25
2.25
-0.5
0.5
-2.5
0
-0.5
0.25
-0.25
0
12.25
-0.25
-1.25
-3.75
-2.75
0.75
-1.5
-0.5
0.75
2.25
7.25
1
-1.5
0.25
2.75
3
0.5
0.25
-0.75
0
0.25
0.5
-0.75
-0.25
-0.25
-0.25
-0.25
-10.5
-1
-1.5
-1
1
-0.75
17.25
-0.25
1.75
0.5
1.5
0.5
-0.25
-3.5
3.25
0.5
3.5
1.25
-3.5
2.25
3.25
0
-1.25
2.25
0
-0.75
-1.25
0
0
-1.25
0
0.5
0.25
2.5
-4.25
0.25
-1.75
-0.75
1
2
13.5
-2
-0.5
-1
-0.5
-4
9.5
0.75
0.5
-1
-1.75
0
-0.25
4.25
2.5
3.25
-1.75
-1.5
5.75
-3
-1.75
0.5
-3
0.5
0.5
-0.5
-1.75
1
-0.5
8.75
-0.5
0.5
-0.25
2.75
-0.5
-2.5
0
-0.5
0.75
-0.25
0
0.25
0
-0.25
-0.25
1
-1.75
2.25
-1
-1.5
-2.5
1.5
-1.25
0.25
14.25
-1.75
1
-1
0.25
0.25
1.25
1.5
-0.75
-7.25
10.25
2
1.5
-0.5
-5.75
3.75
-1.25
-1.75
0.5
-4
0.5
3.5
0.25
0.25
-1
0.5
0.25
0.5
2.5
-2.25
1.75
-0.25
5
-1.5
-1.75
-6.5
3
-1.25
2.25
0
0.5
-4.75
0.25
0
-0.25
-0.5
-0.75
18.5
-1.75
2.75
-0.25
-3.75
0.25
-4
1.25
0.5
-2
21.75
3.5
-1.5
3.75
0.5
-1.75
-5.5
-0.5
1.5
1.75
3.75
1.5
-1
1.5
-0.5
-1
-1.5
0.75
2
0.75
-20.25
0
-0.5
1.25
0.5
-0.5
-1.25
0.25
-1.25
-0.75
0.25
23.25
-4
0
1
-0.75
-0.25
0.25
0.25
0
0
0
0.25
0.75
-0.5
-1
-0.75
1.75
0.75
1.75
-1.25
1.75
0
0.25
2
1.25
1.75
1.5
1.5
1
-0.75
1
8
-0.25
0.5
-3.75
-2.25
-4.75
0.75
1.75
-0.25
0
-2.75
-0.5
-0.5
0.75
-0.25
-0.5
11.25
0.5
0
-3.75
-2.5
-0.5
-3.25
-1.25
1
2.5
10.5
1.25
-0.5
-1
1.75
2
0.25
0.5
-0.5
0
0.75
0
-0.25
-0.5
-0.75
0
1
-9.75
-1.25
-1
-0.75
1.25
-0.5
14.75
0
1.75
0.25
0.75
0.25
-0.25
-3.5
3.75
0.5
3.5
0.75
-2.75
1.25
2.75
0.25
-0.25
5
0
-0.5
-1.5
0
-1.5
-1
0.25
-0.25
0.5
0.5
-4.75
-0.5
-0.75
-1.5
1.75
3
14.75
-2.5
-1.5
-0.75
0
-3.5
7.5
0.5
1
-2.25
-1
1
1.25
4.25
4
5.25
-0.5
-2.5
5
-4.75
-2.5
0.5
-3.75
1.25
0.25
-1
-2
1.25
-0.25
10.75
0
-0.75
0
3.25
-0.75
-1.25
0.5
-0.25
0
0
0.25
0.5
0.75
-0.25
0
0.25
-1
2.25
-1
-1
-2.5
1.25
-1.25
0.25
13.25
-1.75
1.5
-1.75
0.5
0.5
0.75
2.5
0
-7.5
12
2.25
2
0.25
-4.75
3.25
-1.25
-1.5
0.25
-4.75
2.75
3
0
2
-1
0
-0.25
3.5
5
-1.75
2.75
-0.25
4.5
-2.25
-2.25
-5.25
5
-1.25
2.25
0.5
0.75
-2.75
0.75
-0.25
0.75
-0.75
-0.25
20.75
-2.25
2
0.25
-4
-0.25
-5.75
1.5
2
-2.5
23
3.75
-0.5
5
0.5
-2.75
-5.75
-0.5
2
2
4
1.75
-0.75
1.5
0.75
-1.25
-1.5
0
1.75
-0.25
-18
0.25
-0.5
1.25
-1.25
-1
-0.5
0.25
-1.25
-1
0.5
20
-3.25
0.5
1
0
0.5
0.75
0.25
0.25
0.25
-0.25
0.25
1
-0.25
-0.75
-0.5
3
1
2
-1.5
2.25
0
-1.25
2.5
2.25
1.75
2
1.75
1.5
-1
0.75
6.75
-0.25
1.75
-3.5
-1
-6
0.25
1.5
0
0
-1.25
-0.5
-0.25
0.25
-0.25
-0.5
9.5
0.5
-0.5
-2.5
-4.25
-0.75
-4.25
-1.5
1.25
2.25
11.25
2
0
-2.25
1
0.75
-0.25
0.5
-0.25
0.25
0.25
0.5
0.25
-0.25
-0.5
-0.25
1.25
-8
-0.25
0
0
0.5
-0.25
12.25
-0.5
1.25
-0.25
0.5
0.5
-0.25
-3
3.75
0.5
3
0.25
-1.75
0.5
1.75
0.75
0
7
0
-0.5
-0.25
-0.5
-1.5
-0.25
0.25
-0.75
0
-1
-4
-1
-0.75
-1
1.25
2.25
15
-3
-1.75
0.5
0.75
-3
5.25
-0.25
1
-3.5
-1.5
2
1.75
3
4.25
5.75
0
-3.75
3.25
-5
-1.75
0.5
-3.5
1.5
-1.25
-0.5
-1.75
1.25
-1
10.75
0
-1.5
-0.5
3
-2
-1
2
0.25
-0.5
0
0.25
0.25
0.5
-0.5
0.25
0
0
1
-0.5
-0.5
-1.25
0.5
-1
0.75
13.75
-1
0.75
-1.75
0.75
0.5
0.25
2
0.5
-7
13.5
2.25
2.25
1.25
-4.75
1.5
-0.5
0
0
-6
4
2.5
0.25
2.5
-1.25
-0.5
0.25
5.25
5
-1.75
2.75
0
1.75
-2.75
-2.5
-1.5
7.25
-1.5
1.5
1.25
1.25
-0.25
1.25
0.25
0.25
0
0
20.25
-1.75
-0.25
0.25
-3.5
0.25
-5.75
1.25
0.75
-2
20.25
4
-0.25
5.25
1
-2.75
-4
-0.25
2
1.25
3
1.5
-0.75
0.5
0.5
-0.5
-0.25
0
1.25
-0.5
-14.75
0.5
-0.75
1.5
-2.75
-1.25
0.5
0.5
-1
-1.25
0.25
18
-3.5
-0.75
0.75
-0.75
0.75
0.5
0.5
0.25
0
-0.25
0.5
0.5
-0.25
-0.5
-0.5
2.75
1.75
2.25
-2.25
3.5
1.5
-1
3
2.5
2.5
2.75
2.5
2.5
-1.5
0.75
5
0.25
1.25
-2
-0.75
-6.25
-1.75
0.25
0.5
-0.25
-0.25
-0.25
0
0
0.25
0
8
0.25
-2.25
-1.25
-6.25
0.5
-3.5
-0.75
1.75
2
10.75
2.75
1
-2.5
0.25
0
-0.5
0.75
0
0
0.25
0.75
0
-0.25
0
-0.5
1.25
-11.25
-0.25
1
1
0.25
-0.75
12.75
-1
1
0.5
-0.25
1
-0.5
-2.5
2.75
0.75
2
0
-1.5
0.75
0.75
0.5
1
9.75
-0.75
0.25
0.25
-0.75
-2.25
0.25
0.5
-0.5
-0.75
0
-1.25
-0.75
-1
-0.25
0.5
1.5
20.75
-3.25
-2
0.75
1.5
-1.25
8
-0.75
0.5
-3.5
-0.75
2.75
1.25
0
3.75
6.5
-1.25
-5
2
-4.25
0.75
0.5
-4.75
1.5
-1.5
0.25
-1.25
1.25
-1.25
11.5
0.25
-0.5
-1
2.25
-2.25
-0.75
1.75
0
-0.25
0
0
-0.25
0.5
0
0
-0.5
-0.25
0
0
-0.5
0.5
0
-0.25
1
16.25
-0.5
0
-1
1.25
0
0.5
0.25
0.25
-5
13.5
1.25
2.25
0.5
-3.5
0.75
-0.25
1.5
-0.5
-5.75
3
0.5
-0.25
1.5
-0.5
0
0.5
5
2.75
-1.5
1.75
0.25
0
-2
-1.5
1.75
7
-1.75
1.75
1
1
0
1.25
-0.25
0.25
0
0.5
16.25
-0.75
-1
0
-1.75
0.25
-3.5
0
0.25
-1
16.25
2.75
-1.25
4
1.25
-2.5
-1.75
0
1.75
1
2.25
1.5
-0.75
0.25
-0.75
0.75
1.75
0.75
0.75
0.25
-15
-0.5
-0.5
2
-3.25
-1
1.25
1.5
0.25
-1.25
-0.25
17
-3
-0.75
0.25
-0.75
1.25
1
0.5
0
0
-0.25
0
0
0
0
-1.25
1.75
2.75
2.25
-3
5.25
3
0
3.25
2.75
2.25
3
3.25
1.5
-0.5
0.25
3.75
0.5
0.5
-1.75
-1
-5.75
-2.5
-0.5
0.25
0
-0.25
-0.25
0
0
-0.25
0.75
7.5
0.25
-3.5
-0.5
-7.5
1.25
-1.5
0
1.25
1.75
7.75
2.5
2
-1.75
-0.75
0
0
0.25
0.25
0
0.25
0.5
-0.25
-0.25
-0.25
-0.25
1.25
-14
-1
1
0.75
0.25
-1
11
-1
0.25
-0.25
-1.25
2
0
-1.5
1
0
1.25
-0.25
-1.5
1
0.5
-0.75
1.25
9.25
-1
1
-0.25
-0.5
-2.5
0.75
1.25
-0.5
-0.75
0.5
0.5
-0.5
-1.25
-0.5
0
2.25
24
-2
-1.25
0.25
1.25
0.25
13.5
-1.5
0.5
-2
0
2.25
0.5
-1
3
5.5
-1.5
-5
2.25
-3
1
0.5
-5.75
1.5
-0.75
-0.5
-0.75
1.25
-1
10.5
0
-0.5
-1
1.5
-1.25
-1
0.5
0
0
0
-0.25
0
0
0
0
0
-0.25
-0.25
0
-0.25
1.25
0
0
1
20.25
-0.5
0.5
-0.75
1.25
-0.5
1
-0.75
0.25
-2.5
14
-0.25
2.25
0.5
0
0.75
0
3.25
0
-6
1.75
-1.25
-0.5
0.75
-1
0
0.5
4.5
0.5
-1
1.75
1.25
0.25
1
-1
3.25
7
-1.75
2
0.25
0.5
0.25
0.25
-1
0
-0.5
0
14.5
0.25
-1.25
-0.25
0.25
0
-1.5
0
0.25
-0.25
11.75
2.25
-2
2.75
1.25
-2
-1.5
0.75
1.5
0.75
2
0.5
-0.25
0.25
-1.75
1.25
2.75
1
-0.25
1
-19
-1
0
1
-3.5
-1.5
1.25
3.25
1
-1
0.5
11.75
-1.25
0
0.25
-0.5
1.75
1.25
0
-0.25
0.25
0
-0.25
0
0
0
-1.25
1.5
4
2
-3.75
7
3.5
-0.25
2.25
2.75
2.25
2.5
3
0.75
1
-0.5
1.25
1
1.5
-3.5
-1.25
-5.5
-2.75
-0.25
0.25
0.25
-0.25
0
-0.25
0
0
0.75
5.75
-0.25
-2.5
0
-8.5
0.5
-1.5
0
0.75
0.75
5.75
1.75
2.5
0.25
-2.5
0.75
0.25
0
0
0.25
0.25
-0.25
0
-0.25
-0.75
0
1
-14.5
-0.5
1
0.25
0.5
0
10.5
-1
1.25
-1.5
-1.25
2.25
-0.5
-0.75
0.25
-0.25
0.75
0
-0.5
1
0
-2.25
0.5
4.5
-1.5
1.25
1
0.25
-1.5
0.5
1
-0.5
-0.5
1
0.75
-0.5
-0.75
-1.5
0.25
1.75
24.5
-1.5
-0.25
-0.25
0.25
1.25
18.5
-1.75
2
-0.75
0.75
1.5
-0.25
-0.5
3
3.75
-0.5
-3.75
2.25
-2
0
0.25
-6.25
1.25
0
-0.75
-0.75
1.5
-0.75
10.5
-1.25
-0.5
-0.75
0.25
-0.75
-0.5
-1
0.25
0
0
-0.25
0
0.5
0
-0.25
2.75
-2
2.25
-1.75
-2.5
-2.75
1.5
-3.25
0.5
18.75
-0.25
-1
0.25
0
0.75
0.25
3.5
0.5
-9.75
8.75
1.75
-0.25
3
-7.75
1.25
1.25
1.25
0.25
-1
3.25
6.5
-0.75
-1
1
4.25
2
-1.75
-4
0
-0.25
0.5
4.75
0.5
-0.25
-6.75
3.25
-0.25
1
0.75
0.5
-4.75
1.75
0.5
0.75
0.25
-2
20.75
-1
-0.25
0
-3.5
3
-4.5
0.5
-3
-4
27.75
7.5
-1.5
1.5
1
-1.75
-2.5
-0.5
1.25
0
2
1.25
-1.5
1.25
1.25
-2.5
-0.75
0.25
0.5
-0.5
-30
0.75
0.25
-0.25
7.5
-0.5
-0.5
1.25
-0.25
-0.5
-0.75
31
-6.25
0.5
0.5
-0.75
-0.75
0.25
1
0
-0.5
0.5
0.75
0
-0.25
-1.5
-0.25
1.25
0.5
1.25
-0.75
1
-1.5
0.5
3.5
2.75
4.5
1.25
3.25
3
-2.75
2
4.25
0
0.25
-4.75
-3
-5.75
1
0.75
-0.5
0.25
-3.75
-0.25
-0.5
0
-0.25
1.25
9.75
0
1.5
-4.75
-2.75
-1
-6.25
0.25
-0.25
-1
11.25
1
2
0.25
-2.5
0.25
-0.25
0
-0.5
-0.25
0
0.25
-1
-0.25
1.25
-0.75
-1.5
-11
0.25
-0.75
0.5
1.25
-0.25
15
-0.75
2
2
0.75
0.5
-0.25
-5.5
5.25
0.75
5.5
3
-5
4
3.5
0
-1.5
4.5
-0.75
-0.75
-2
0
-1.25
-0.25
-0.5
-0.75
-1.5
-1.5
-4.5
0.25
-1.75
-0.25
-1.25
3
12.75
-1.75
-0.75
-0.75
1.25
-4.75
22
-0.5
-0.75
1
-1
-0.75
-1.5
5.5
3.25
1.75
0.75
-0.5
6
-2.5
-2
0.5
-5.5
0.75
0.5
0
-1.25
1
-1
13.5
-0.75
0.5
0.25
1
0.25
-0.5
-3
0.25
0.5
-0.5
-0.25
0
0.75
0
-0.25
2.5
-1.25
2.25
-2
-2
-3.75
1.5
-3.25
-0.5
20.75
-1
0.5
0.5
0
0.25
0
4.75
-0.25
-12
13.25
1.75
-1.25
5.25
-8.25
0.75
1.75
1.25
0
-1.5
4.75
7.5
-1
0
2.25
4.5
1.75
0.5
-2.25
0.75
1
0.75
3.25
-0.75
0
-2.5
5
-0.75
0.5
0.5
0.5
-3
1.75
-0.25
0.5
-0.25
-1.75
25.75
-2.25
0.75
1.25
-5.25
2.25
-7.75
2
-3.5
-3.75
31
8.25
0.5
2
0
-1.75
-3.25
-0.25
0.75
0.5
2.25
1
-1
1.25
-0.75
-0.75
0.75
1
2.25
0.75
-31.5
-0.5
-0.75
0.25
3
-1.25
-0.75
1.5
-1.25
-1.75
-0.75
31.25
-6
0.5
0.75
0.5
-0.5
0.25
0.75
0
-0.25
0.25
0.75
0.25
0
-1
-0.5
1.75
0.5
1.25
-0.75
1.5
-1.75
-1
2.25
1.5
1.5
0.75
2
1
-1.5
0.5
6
0
1.25
-5.25
-3
-5.25
3.5
0
0.25
-0.75
-4
-0.25
0
0.5
0
0.5
9
0.25
1.5
-5.5
-1.75
-1.5
-6
0.5
0.25
-0.25
14
0.75
1.75
-0.5
-3.5
-0.25
-0.5
0
-0.5
0.5
-0.25
0.5
-0.25
-0.5
1.25
-1.25
-0.75
-10
0.25
-0.5
0.75
1
0.25
16.5
-0.25
2.25
2.5
0
-0.5
-1.25
-6.25
6.25
1
5.5
2.5
-4
3.5
3
0.25
0.5
7.75
0.5
0
-3
1.25
-4.25
0
0
-0.75
-0.75
-2.5
-4
0.5
0
-1
-0.75
3.75
9.25
-2.25
-1.75
-0.75
1.25
-3.75
24.75
-1
-1.5
0.5
-1.25
0
-0.75
5
5
5.75
1.75
-1.25
5.5
-4.25
-3.5
0.25
-7.25
0.75
0
0
-0.5
0.5
-0.5
15.5
-0.25
-0.75
0.75
0.5
-0.5
1.25
-2.25
0.5
-0.25
-0.5
0
0.5
0.5
-0.5
0.25
1.25
-0.25
2
-1.75
-1.5
-3.75
1.25
-2.5
0
22
-0.75
0.75
0.5
0
0.5
-1
4.75
-0.75
-11.25
15.5
2.5
-0.5
5.5
-6.25
0.75
0.75
0.5
-0.5
-3
4
6.25
-0.75
2
1.75
2.75
1.5
4
-1
-0.5
3.25
1
0.25
-2.25
-0.5
1.25
6.75
-1.25
0.75
0.75
0.75
1
2
0
0
0.25
-1.5
25.25
-3.5
0.75
1.5
-4.25
0.5
-7.75
3.75
-2.75
-4
31.25
8
2.25
1.75
-1.25
-2.25
-3.5
0.25
0.5
0.5
2.25
1
-0.5
1.25
-2.25
0.75
2.75
1.75
1.75
1.5
-27.5
-2.5
-1.75
0.75
-0.75
-1.25
0
1.5
-0.5
-2.5
-0.5
27.75
-6.25
0.5
0.5
0.5
-0.5
0.5
0.25
0.25
0
-0.25
0.5
0.5
0.25
-0.25
-0.5
3
0.25
1
-0.5
2.5
-0.5
-2
2
1.5
1
1.25
2
0.25
-1.25
0.25
5.5
-0.25
2.25
-5
-2.25
-5.25
2.5
-1.25
0.5
-0.5
-1.5
-0.5
0
0.5
-0.75
0.25
7.25
-0.25
0.25
-4.25
-2.5
-0.75
-4.75
-0.25
0.5
-0.25
12
0.5
1
-0.5
-4
0
-0.25
0.25
-0.25
0.5
0
0.5
0
0
0.5
-1.5
0
-9.25
0.5
-0.25
0.5
0.5
1.25
18
-0.25
2.5
2.5
0.75
-0.75
-1.5
-5.75
6
1
4.75
1.5
-2.75
2
2
0.75
1.5
9.75
0.5
0
-2
1.25
-5
0.5
-1
0
-0.75
-1.75
-2.25
0.25
-0.25
-1.5
-0.75
3.75
9.25
-3.25
-2.25
0.5
1
-2.5
24.25
-0.5
-1.5
0.75
-0.25
0.25
-0.5
2.5
5.25
7.5
0.75
-2.5
3.75
-4
-2.75
0
-7.75
0.5
-1.25
0.75
-0.75
0.5
-0.75
13.25
0.25
-1
0.5
0.75
-1.5
2
-1.25
0.75
-0.25
-0.5
-0.25
0
0.25
-0.25
0.5
0.75
0.25
1.25
-1.25
-0.5
-2.5
0.5
-1.5
1
22.5
-0.25
0.25
0.25
0.75
0.5
-1.25
3.5
-0.25
-10.75
18.25
2.25
0.5
4.25
-4.5
0.25
0.75
1
-1
-3.25
3.25
4.5
-1.25
2.25
1.25
1.25
0.75
7.25
1.5
-1.5
4.5
0
-3.25
-3.75
0
3.25
6.25
-1.5
1.25
1
1.5
2.5
2.25
0.5
-0.75
1
-0.5
19.25
-3
-1
1.25
-2.25
0.25
-5.75
3.75
-2.5
-2.5
28
7.25
2
2
-0.5
-2.5
-3.5
0.75
0.75
0.5
2
0.5
-0.75
0.75
-1.75
0.25
3.75
1.75
0.25
1.25
-23
-2.5
-2.25
1.25
-3.75
-0.75
0.75
1.25
1
-2.25
-0.75
25.75
-6.75
-0.5
0.25
-0.5
-0.25
0.25
0
0
0
-0.5
0.5
0.25
0
-0.25
-0.5
3.5
1.25
1.5
-1
4.5
0.5
-1.5
2.5
2.25
2
2.25
2.75
1.5
-1.75
0.75
4.25
0.25
1.25
-3.75
-2
-6.25
0
-2.25
0.5
0
0
-0.25
-0.25
0.5
-0.75
0.5
6.5
-1.25
-2.25
-1.25
-5
0.75
-1.75
0.75
1
0.25
7.25
1.25
1
0
-3.75
1
0
0.5
-0.25
-0.5
0
0.25
-0.25
-0.25
-0.25
-1
0.75
-12.75
-0.5
0
0.5
0.75
0.5
18
-0.25
2.25
2.5
0.5
0.25
-1.75
-4
4.25
0.75
3
0.5
-2
1.5
1.25
0.5
1.25
9.5
0
0.75
-2
1.25
-4
0.75
-0.75
-0.25
-0.75
-1.25
-0.75
0
-1
-2.25
-0.5
4
14.25
-3.25
-2.25
1.25
0.25
-1
22
0
-1
0
0.5
0.25
0
-0.75
4.25
6.5
-1.5
-3.25
2
-3.5
-0.25
-0.25
-8.75
0.25
-1.25
1.25
-1
0.5
-0.5
11.5
0
-1
0
2
-1.25
1
0
0.25
0
-0.25
-0.25
-0.5
0
-0.25
0
0.5
0
0
-0.25
0
-1
0
-0.25
1.75
21.25
-0.5
-0.25
-0.25
1.75
0.25
-0.5
1.75
-0.5
-7.5
16.75
0.5
0.25
3
-3
-0.25
0.5
2
-1.75
-4.25
3.5
2.75
-2.25
-0.25
0.5
0.5
0.25
7
2.75
-1.75
3.75
0.25
-3.75
-4
1.25
3.5
4.75
0
1
0
1.5
2
1.25
0
-0.75
0.75
1.5
14
-2.5
-0.5
0
0.25
-0.25
-2
3
-1.25
-0.75
21.25
4.25
0.5
3
0.5
-2.25
-1.75
0.5
0.5
-0.5
1
0
-0.25
-0.5
-0.75
-0.5
3.25
1.25
-0.25
0.75
-21.75
-1.75
-2
1.5
-4.25
-0.5
1.25
3
1.75
-2
-0.75
20
-5
-0.75
-0.5
-0.75
0.5
1.25
0
0
0
-0.25
0.25
0.25
0
0.25
-1
2.5
2.5
1.25
-1
5.25
1.5
0
2.75
2.5
2
3
3
2.25
-1.75
0.75
3.75
0.75
0.5
-3
-1.5
-5.75
-2
-1.75
0.5
-0.25
0.25
-0.25
0
0.25
-0.25
0
5.75
-1.25
-2.5
0.75
-6.75
0.75
0.75
1.25
1.25
-0.5
1.5
2.25
2
0.75
-4
0.75
0.25
0.25
0
-0.25
0.25
0
-0.25
0
-0.5
-0.75
0.5
-15
-1
0
0.25
0.75
-0.75
16
0.25
1.5
1
-0.5
1.5
-1.25
-2
1.75
0
1.5
0.75
-1.5
1.25
1
0
1.5
6.25
0
1
-2.25
1
-2
0.75
-0.5
-0.75
-0.5
0
0.5
-0.5
-0.75
-2
-0.25
3
17
-1.75
-1.5
0.25
-0.5
0.25
19.5
-0.5
0.75
-0.75
0.75
0.75
0.5
-1.75
3
4.25
-1.75
-3.25
1.75
-2.5
0.5
-0.25
-7.5
0.5
-1
0.25
-1.25
1
-0.75
10.25
0
-1
0.5
1.75
-0.25
-0.25
0.5
0
0
0
-0.25
-0.25
0.25
0
0
0.25
0.25
0
-0.25
0
-0.25
0
-0.25
1.25
22
-1
1
0
2.25
0.5
0.5
0.25
-0.25
-4.5
14.5
0
0
2.25
-1.25
0.75
-0.5
2.75
-2
-8.25
4.25
0.75
-2.25
-2
0
-0.25
-0.5
5.5
-0.25
-1.75
3.5
1.5
-3.5
-2.25
1.5
3.75
4.75
0
0.25
-0.25
0.75
1.75
0.5
-1
-1.25
0.25
0.25
12
-1
0.25
-0.75
2
-1.25
1.75
2.75
0.25
-0.25
16
3
-0.5
3.25
0.5
-1.5
-1
0.25
0.5
-0.5
0.75
-0.5
-0.25
-0.5
-0.5
0
3.5
1
-1
0.5
-22.25
-1
-1.25
0.5
-4
-1
2
5
1.5
-2.5
-0.75
12.25
-3.5
-0.25
-0.25
-1.25
1.25
1.75
-0.25
0
0
0
0.25
0
0
0
-0.75
1.5
3
0.25
-1.25
5.25
1.5
-0.5
2.25
2.25
2.25
3.75
2.75
3.5
-2.25
2
3.25
0.5
1.25
-4
-1.5
-5
-2.5
-1
0.25
0
0.25
0
-0.25
0
0.25
0
4
-1.5
-1.5
2.5
-8
0.75
1
1.25
1.25
-0.5
-1
1.75
2.25
1.75
-3.75
0.75
0.25
-0.25
0
0
0.25
-0.25
-0.5
0
-0.5
-0.75
0.25
-15.75
0
0.25
0.25
0.25
-1
14.75
0.75
2.25
-0.25
-1
1.75
-0.5
-1
0.5
0
0.75
0.5
-1
1
0
0
0.75
1.75
0.25
1
-1.5
0.75
-1
1.25
0
-0.75
-1
0.5
1.5
-0.5
-0.5
-2.75
0
2
17.5
-1.75
-0.25
-0.5
-1
2
19.75
-1
3.25
-0.25
1.5
1
0
0
3
2.5
0.5
-2
2.75
-2.5
-0.75
-0.25
-5.5
0.5
-1
-0.25
-0.75
0.75
-0.25
9.5
-1.25
-0.75
0.25
0.5
-0.5
-0.5
-0.25
