-0.25
-0.25
0
0.5
0.25
0.75
0.5
-0.25
1.25
0
0.5
-1
-0.75
0.25
0.5
-1.25
2.5
31.75
0.25
-2.5
0
2.75
1.75
-2.5
-1.25
1.75
-10
20
2
1
-0.75
-3.75
3.75
-1.25
-0.25
-1.5
-16
1.75
-1.75
-1
-0.5
-0.5
0.5
-0.75
-3.25
-12.75
-3
2.25
2.75
0
1.75
-1.5
-3
2.5
-0.5
0.75
1
0.25
-2.25
1.5
-0.5
0.5
1.75
-3.5
27.75
-0.25
3.5
-2.75
1.5
-2.25
2
4.25
-2.5
-0.5
23.75
9
0.5
2.25
2
1.5
-1
-1.25
2.25
3.25
3
4.25
-1.75
1
-0.5
1
2.25
0.25
-1.25
-0.25
-29.25
-1.25
3
-0.75
1.75
0
4.25
2.25
-0.25
-3
-0.75
18.75
-0.75
0.25
1
0
-0.75
1
0.25
0.25
-0.25
0
0
0.25
0.5
-1.5
0
0
0.25
0.75
-0.25
0.75
3.75
-0.75
2
1.25
5.75
-1.5
2
3.25
-1.5
1
-4.5
0
3.5
-7
-3.25
0.5
-1
-0.25
0
0.25
-0.25
0.25
0.25
0.25
-0.25
0
11
-1
-0.25
3.25
0.25
0.75
-2.5
0.5
0
-1.25
24.5
-2.25
1
1.75
4
0.75
-0.25
0.5
-0.25
-0.25
0
0.5
0
0.25
0.25
-1
0.75
-25.75
-1
-0.25
-2
2.25
0.25
24.75
2.25
-1
-0.5
1.5
-0.5
-0.75
-2.75
5
0.25
4.5
3.75
-4
5.5
3
-1.5
-2.75
10.25
-2
-1
0.75
-1.75
-3.25
0.5
-2.25
2
-3
1.25
-0.25
-1
-3
-1.25
0.75
0.5
31.75
-0.25
-2.25
-1.25
0.5
-1.75
28.25
-0.25
3.25
-0.5
0.5
-3.25
-0.25
-0.25
-3
7.5
-0.25
0.25
7.25
-0.5
1.75
1
-4.25
0.5
-0.5
0.25
-0.5
0.25
-1
13.25
-2
0.75
0.5
-4
0.25
1.75
-3.75
-0.25
0
0.25
0.25
-0.25
0
0
-0.25
1
0
0.75
-0.75
-0.5
1
0.25
-0.5
2
31.75
-0.25
-2.5
0
3
1.75
-2.25
-2.5
1.25
-10.5
19.75
2.75
3.5
-1.5
-2.5
1
0
0.75
0
-15.5
0.5
-5
0.5
1.25
-1.25
1
-0.5
-2
-9.75
-1.75
0
1
-1.5
1.75
-2
-1.5
1.75
-0.5
-0.75
1
-0.25
-4
1.5
0.75
0.25
0.75
-3.25
27.5
0.25
4.5
-2.75
2.25
-2.75
1.75
4
-2.5
0.25
24
6.25
0.25
3.25
2.5
1.5
-2.25
-1.75
3.25
5
4.5
4.75
-2.75
1.25
-0.5
0.25
2
-1.25
-1.5
-1.75
-22.75
0.5
2.25
-0.75
0
-1
1.25
2.25
0.25
-1.5
-1.5
20
0.25
-0.75
1.75
-0.25
-0.25
0.5
-0.25
-0.25
-0.25
0.25
0
-0.25
0.75
0.5
-0.25
-0.5
0.25
0.75
-0.25
1
3.5
-0.5
4.25
2.75
6.25
-0.5
2.75
3.5
-2
2
-3.25
0.25
1
-8
-3.75
0.5
-0.5
1
0
0.5
-0.5
0.25
0.25
-0.25
0.25
-0.25
14.25
-0.25
-0.5
4.25
-2
-0.25
-5.5
0
0.5
-0.75
26.5
-1.75
1.25
0.75
4
0.5
-0.5
0
-0.25
-0.25
0.5
0.5
-0.5
0
0.75
-0.25
0.75
-27.75
0.5
-0.25
-1.75
0.5
-0.25
27.25
2.5
-1.25
-0.75
0.5
-1
0.75
-3.5
5.25
1
3.5
3.25
-3.5
5.75
2.5
-2.25
-2.75
13.25
-2
-0.75
1.75
-3
-3.25
-0.75
-2
2.25
-2
-0.25
-1
-0.5
-1.5
-0.75
1.5
0.5
31.75
-1
-3
-1.5
0.5
0.5
28.75
-1.25
2.5
-0.75
1.5
-2.5
-0.25
0.25
-3
9.25
-1
-0.75
7.75
-1.25
1.5
1.25
-4.25
0
0
-0.25
-0.25
0
-0.75
14.25
-1.25
0.75
0.75
-3.5
0.75
0.25
-3.25
-0.25
0
0
0
-0.25
-0.25
0
0
0.5
0.25
0.5
-0.5
0
1.25
0.25
0.25
1.5
31.75
0.25
-2.5
0
1.5
1.75
-2.25
-3.25
1
-9.75
20.75
2.25
4.75
-1.5
-1.75
-0.5
1
1
1.25
-14
-0.5
-7.25
0.75
2.75
-1.5
1
0
0.25
-2.75
-0.75
-2.5
-0.75
-1
1
-2.5
-0.5
1.75
-1
-0.75
0.25
-0.5
-4.75
1
0.75
-0.25
-0.25
-2.5
27.25
0.5
3.5
-0.5
1.5
-2.5
-0.5
2.5
-2
-0.5
27.25
5
-0.25
4
2.75
0.5
-3.25
-1.25
4.25
6
6.75
4.75
-3
2
-0.75
0.75
1
-1
-0.75
-1.75
-23
0.5
0.5
-0.25
-1.75
-1
-1.25
1.5
0.5
-0.75
-1.25
25.75
0.5
-0.5
2
0.25
-0.25
0.5
-0.25
0
-0.5
0.25
0.25
0
0.25
1
-0.5
-1.5
0.5
1
-0.75
1.5
3.5
-1
4.25
3.25
5.25
-0.5
3.25
1.75
-1
1.5
-1.75
0.5
-0.25
-7
-3.5
-0.5
0.25
1.25
0.25
0.5
-0.25
-0.25
0.5
0.25
0
-0.25
16.5
0.75
-1.25
3.25
-4.5
-0.25
-7.5
-1
0.75
0.25
29.5
-1
1.75
-0.25
3.25
0.75
-0.5
-0.25
0
0.25
0.5
0.5
-0.5
-0.25
0.5
0
0.5
-30
1.75
-0.75
-1
-0.5
-0.5
27.25
1
-1.75
-1.5
0
-1
1.75
-3.5
4
1.25
2
2
-2.75
4.5
1.75
-2.25
-2
14
-1.5
-0.5
2
-3
-3.25
-1.5
-1.75
1.75
-0.5
-0.25
-1.25
-0.75
-0.75
-0.75
1.75
1.25
31.75
-1.5
-2.75
-1.25
0.25
0.75
30.25
-1.5
2
-1.25
1.5
-0.75
0.5
1.25
-2.75
10.75
-1
-2.25
7
-1.75
0.25
1
-4.75
0.25
-0.25
-0.75
-0.5
0.5
-1
13
-1
1
0.75
-2.25
0.5
-0.25
-1.75
-0.25
0
0.25
0.25
0.25
-0.25
0
0
0.25
0.5
0.5
0
0.5
0.75
-0.25
0.5
1.25
31.75
0.75
-2
-0.25
0.5
1.75
-1.75
-2.75
1.5
-8.25
22
1.75
4.25
-0.75
-2.5
0
1
1
1
-13.25
0.5
-5.5
0.25
3.75
-2.25
0.75
0.75
2.75
2.25
-0.25
-2.75
-1.75
-1.5
-0.5
-2
2
2.25
-0.5
-0.25
0.75
-0.5
-3.5
1.25
0
0.75
-0.25
-2.75
28
0.25
1.75
0.25
0.5
-1.75
-2.5
2
-0.75
-0.75
26.75
4
-0.75
4
2.5
-0.75
-3.75
0
4
5.5
7.75
3.5
-1.5
2.25
-0.75
1.25
0.5
-0.5
0
-1.5
-28
0
-1
0
-4.5
-1
-2.25
1.25
0
0
-1.25
28.75
0.25
-0.75
0.5
0.25
-0.75
0.5
0
0
-0.25
0
0.25
-0.25
-0.25
-0.25
0
-1.75
0.5
1
-1.5
1.5
3.25
-2
3.5
2.75
4
-0.75
3.5
1
-0.75
0.25
-0.5
0.5
-0.25
-5.5
-2.25
-1
1
0.75
0
0
0.25
-0.5
0.75
0
0.25
0.25
14.25
0.5
-1.25
2.75
-6.5
-1
-7.75
-1.5
0.5
0.25
30.5
-0.25
2
-0.25
2
0.5
-0.25
0
0
0.25
0.75
0.25
0
-0.25
0
0.25
0.75
-28.75
1.25
-0.5
-0.5
-0.25
-0.75
27.5
-0.5
-1.75
-1.5
0
-0.75
2
-3.5
3
1.25
1.25
0.75
-2.25
3.75
1.25
-2.5
-1.5
12.75
-1.25
-0.25
2
-2.5
-3
-1
0.25
1
-0.5
0.5
-1.25
-0.75
-1.25
-0.5
1.5
1.25
31.75
-1.75
-2
-0.75
0.75
1
31.5
-1.5
1.5
-2.25
1.5
1.25
1.25
2.5
-1.25
11.25
-0.5
-3.75
6.25
-2.25
-0.5
0.25
-8
0.25
-1.25
-0.25
-1.25
0.5
-1
10.75
-1
1.75
0
-1.25
0.5
-0.75
-1
0
0
0.25
0
0.25
0
0.25
-0.25
-0.25
0.5
0.25
0.25
0
0.75
-0.25
0
1.25
30.75
1
-1.75
-0.25
0.5
1.75
-1
-2
1.75
-7.5
20.5
0.75
3.25
0.25
-2.75
-0.25
1
1.75
0.75
-10.5
0.75
-3.5
0.25
3
-1.5
1.25
0.75
3.5
2
0
-3
-1.75
-3
-1.25
-1.75
5.75
3.25
-0.5
-0.5
1.25
-0.25
-1.75
1.25
-0.5
0.75
0
-2.75
25.75
0.5
1
0
1
-0.75
-2.5
0.75
-0.25
-1
19.25
3
-1
3.5
2
-1
-3.5
0.75
3
3.75
6.5
2
-0.75
1.5
-0.5
1.75
0.75
-0.25
0.75
-1
-25
0
-1.75
0.5
-5.75
-0.75
-2.5
2.25
-0.25
0.5
-1.25
26.5
-1.5
-1.5
0.5
0.25
-0.25
0.5
0.25
0
-0.25
-0.25
-0.25
0
0
-0.25
-0.5
-1.25
1.5
1.5
-2.5
2.5
3
-2
3.25
2.75
3.5
0
4
1
-1
-0.25
0.25
0.25
0
-4.5
-1.5
-1
1
0.25
0
0
0.25
-0.5
0.5
0
0.25
0.25
10.25
0.25
-1.75
1.5
-7
-1
-6.75
-1.25
0.25
-0.5
25.75
0.75
2.5
0
1
0
0
0
0
0
0.75
0
-0.25
-0.5
0.25
0.25
0.25
-24.25
0.25
0.25
0.5
0
-1
23.75
-1
-1.75
-1
-0.5
-0.25
2
-3
1.75
0.75
0.75
0.25
-1.75
2.75
0.5
-3
0.25
12.25
-1.5
0.5
2
-2.25
-4
0
1.5
0.25
-1.25
1
0.25
-0.5
-1.5
0.75
0.75
1
31.75
-0.75
-1.25
-1
1
1.75
25.5
-1
1.25
-2.25
1.75
1.75
1.75
2.25
0.75
10
-0.5
-4.5
6.25
-3.25
0.25
-0.5
-11
0
-1.5
0
-1.75
0.75
-1.25
10
-1
1.75
0
-0.5
0.5
-1
-0.75
0.25
-0.25
0
-0.25
0
0
0
0.25
0.25
0
0.25
-0.25
-0.5
0.75
0.25
0
1.5
23.5
1.5
-1.5
-0.75
1.25
1.75
-0.25
-1.5
1.25
-6
19
0
2
1.25
-1.75
-0.25
0.75
2.75
0.25
-8.25
1.5
-2
0
2.25
-0.75
0.75
1.25
3.75
0.5
0.25
-2.5
0
-2.5
-0.25
-1.25
7.5
4.75
-1
0.25
1
0
-1.25
0.5
-0.75
0.5
0.25
-1.5
22
1.25
-0.75
-0.25
1.5
0.5
-2.25
-1.25
0.25
-1.25
13.5
2.5
-2
2.75
2.75
-1.5
-2.25
0.75
2
2
4.75
0.75
0
1
-1
2.5
2
0.75
1
0.25
-22.5
-1.25
-1.25
1
-5.25
0
-1
3.25
-0.5
0.25
-0.75
20
-1.75
-1.5
1.25
0
1
0.75
0
0
-0.25
-0.25
-0.25
0
0
0
-0.75
-0.75
2.25
1.25
-2.5
4
3
-1.25
3.25
3.25
3.25
0.75
4.25
1.25
-0.25
-0.5
0.5
0.25
0.75
-4.25
-1.5
-1.5
0.5
-0.5
0.25
0.25
-0.25
-0.25
0
-0.25
0
0.75
7.5
0.5
-2.5
0
-7
-0.25
-5
-0.5
0.5
-1
18.25
1
3
0.5
-0.25
0.5
0.25
-0.25
0.25
0
0.5
0
-0.5
-0.25
0.25
0.25
0
-20.5
0
0.25
0.75
0
-0.5
17.75
-1.25
-1.25
-1
-1
0.75
1
-2
1
0
1
0.5
-1.5
1.75
0.5
-4.25
1.25
9.5
-0.5
1.25
1.5
-1.25
-4.25
0.75
2
-0.5
-1.5
1.25
0.5
-1
-1
0.5
0.5
0.25
31.75
-0.25
-0.75
-0.75
0.75
1.75
21.5
-1
1.25
-2
1.75
1.75
1.5
1.75
1.5
9.25
-0.5
-3.75
5.5
-3.25
0.25
-1
-10.5
0
-0.25
0
-1.75
1
-1
10
-1.5
1
-0.25
-1
0
-0.25
-1.25
-0.5
-0.25
0.25
0.75
0
0.5
0.25
-0.25
0
-0.25
-0.5
0.5
0
-0.5
0
-0.25
0.5
31.75
-0.5
-0.5
2
2.75
2
-1.25
-1.5
0
-14.25
29
2.5
-0.75
0.25
-10.75
2
-0.5
-2.75
-2.25
-14
4.25
2
-0.75
0.5
-0.75
1.25
1
-0.25
-7
-2.75
0.75
2.75
-2.25
0.75
-1.5
-0.75
1.25
-0.5
0.75
2.5
0
-1.75
2
0.25
1.75
-0.5
-7.75
21.5
2.25
2.25
-3.5
-3
-0.5
-1.75
1
-1
1
25.75
7.75
0.25
-0.25
1.25
2.5
-3
0
3.25
1.5
3.75
4
-2.25
0.75
-0.25
0.5
2
0.75
-2
0.5
-32
-1.75
3.5
-1.25
0
0.5
3.25
3.5
-1
-2.25
-0.5
25
1.25
0.25
1.25
-0.5
-0.25
1
0.25
0
-0.25
-0.25
-0.25
-0.25
1.25
-2
-0.25
-1.75
0
-0.25
0
0
2.5
0.5
5
3.5
7.25
1
2.75
6
-3.75
4
-3.5
0
1.25
-3.75
-3
4.25
0.25
1.5
0
0.5
-2
0.75
-0.25
-0.75
0.25
0.5
10.75
-1.5
0.75
2.25
-0.75
0.75
0.5
0.75
-0.75
-2.75
18.25
-0.75
-0.5
1
2
0.75
-0.5
0
-0.25
0
0
0.25
0
0.25
-1.25
-1.5
1.25
-27.5
-1
0
0.25
1.25
-0.5
31.75
-0.75
0
0.25
1.25
-2
-1
-2.5
4.5
2.25
3.75
3.75
-3
4.5
1.75
-1
-1
10.5
-1.5
0
-1.5
-1.25
-2.75
1.5
-1.75
0.5
-3.5
-1.75
0
-1.5
-4.25
-0.5
0
-0.25
26.75
-0.5
-0.5
-1.5
0.5
-0.5
31.75
0.25
2.75
-0.25
1.5
-2
0.5
3.75
-0.5
9.25
0
-0.25
7.75
-2.5
1
1.25
-3.25
-0.75
-0.5
0.75
-1.75
0.5
0.25
10
0
0.5
0.75
-3.25
-0.5
0.75
-1.5
0
0
0
0
-0.25
0.25
0.25
0
0.5
0
0
1
0.5
-0.25
-0.75
0
-0.5
30.25
-1.75
0
1.25
1.5
0.5
-0.25
-2
-0.5
-13.75
26.75
2.5
-0.25
1
-9.75
0.25
0.5
-1.5
-1.75
-15.5
3.25
-0.75
-0.5
1
-0.25
1.75
1.5
0.5
-4
-0.75
-1.25
1.25
-3.75
0
-1.75
1.5
1.25
-0.25
0.25
0
-0.25
-1.75
0.75
0.25
0.5
-0.75
-4.75
18.5
1.75
2.5
-2.5
-3
-0.5
-2.75
1.25
-1.25
0.25
26.5
7.25
-0.25
0.75
2.25
2.25
-2.5
1.25
3.25
2.25
4.25
3.5
-2
0.75
0.5
0
1
-0.75
-1.25
-0.5
-32
-0.75
2.25
-1.5
-1
-0.75
0.5
2.5
-0.5
-1
-0.5
28.25
0.5
0.5
2
-0.5
-1.25
0.5
0
-0.5
0.25
-0.25
-0.25
-0.5
0.75
-0.25
0
-2.5
-0.25
-0.75
0.25
0.75
1.75
-0.25
5.5
4
6
0.5
2.5
4
-2.25
3.75
-1.75
0.25
-0.5
-3.25
-3
3.5
1.25
1.5
0
0.25
-1.75
0.75
0
-0.5
-0.25
0.75
14
0.25
0.25
2
-3.75
0.25
-2.5
0
0.25
-2.5
20.75
-0.5
0
-0.5
0.25
0
-0.5
0.25
-0.75
0
0.5
0
-0.5
-0.25
-0.5
-1.25
0.5
-31.75
-0.25
-1
0.5
-0.25
-0.75
31.75
-1
0.5
0.75
0.75
-2.75
0
-3.25
4.25
3
3
3
-2.5
4.25
1.5
0
0
12.75
-1.5
1
-2
-1
-4
0.25
-2.25
0.5
-2.25
-1.25
0.25
-1
-1.75
-0.75
0
1
31.5
-1
-0.5
-2.5
-0.25
1.75
31.75
-0.25
2
1.25
2.25
-1.75
-0.75
4.25
1.75
9
1
-1.5
7.75
-3
-1.25
1.75
-4.25
-0.5
-0.5
0.25
-0.75
0.25
-0.25
10.25
0.75
-0.25
0.75
-2.25
0.5
0.25
-0.75
0.25
0
-0.25
-0.25
0
0.5
0.75
0
0.5
0
0
0.75
0.25
0
-1
0.25
-0.75
27.75
-1.5
0
0.25
0
-0.75
-0.25
-2.75
0
-10.75
24
0.5
0.25
1.25
-7.75
0.25
0.75
-0.5
-1.25
-15
2.5
-2.25
-1
0.75
-0.25
1.5
1
0.25
0.5
-0.75
-2.25
-0.5
-3
-0.75
-1.5
2.25
1.5
-0.25
0.25
-1
-0.25
-0.75
0.25
-0.75
-0.25
-0.25
-3
17.5
0.75
1.5
0
-2
-1
-4
1.25
-0.25
-1
27.25
6
-0.75
2
2.75
1.5
-2.75
2.25
3
2.25
5
2.75
-0.75
1
0
0.25
-0.5
0
0
-0.25
-30
-1
0.25
-1.25
-3
-0.75
-1
1.5
-0.75
-1.5
-0.5
29.75
0
0.25
1.75
-0.25
-1.75
0.5
0
0
-0.25
0
0.25
0.25
0.5
0
0
-2.5
0
-1
0.25
1
2.25
-1.25
4.75
4.25
4.75
0.5
2.5
2.5
-1.5
3
0
-0.25
0
-1.75
-1.5
1.5
2.25
0.75
0.25
-0.25
-0.75
-0.25
0.75
0.5
-0.75
0.75
15.75
0.75
-1.25
0.5
-5.75
0.5
-3.75
-1
0
-2.25
19.25
0.75
1
-1.25
-2.5
-0.25
-0.5
0
-0.5
0.25
0.25
0
-0.25
-0.25
-0.25
-0.5
0.25
-30.75
0.75
-1.5
0
-1.25
-0.25
29
-0.25
1.25
1
0.5
-2.5
-0.5
-3.25
3.5
2.5
2
2
-2.25
3.75
1.75
1
1.75
13
-0.5
1.25
-2
-0.25
-5
0.5
-2.5
0.25
-0.75
-0.25
0.5
-0.75
-0.5
-1.25
0.5
1
31.5
-1.25
-0.25
-3
-1.75
2
31.75
-0.5
0.25
1.25
1
-0.5
-0.5
4
1.5
9.5
1
-2.5
7.25
-1.75
-2.5
1.5
-6.5
-0.5
-1.25
0.25
-1
0.75
-1.75
8.5
0.25
0
1.25
-1.25
0.5
0
0.5
0
0.5
-0.25
-0.25
0
0.25
0.75
-0.25
0
0.25
-0.25
0.5
0
-0.5
-0.75
0.25
-0.5
25.75
-0.75
0
0.25
-1
-1
-0.5
-2.25
0.25
-8.25
23.5
0.5
0.75
1.75
-6.5
0.75
1
0
-0.5
-13.75
2.75
-1.75
-0.75
2
-1
0.75
0
3.25
5
-1.25
-1.75
-1
-4
-2.25
-0.75
4
2
-0.5
-0.25
0.5
-0.5
0.75
1
-1.25
0.25
0
-3.25
19
0
0.25
1.25
-0.75
-0.75
-4.75
2
0.75
-1.5
24
5.25
-1.5
2.75
2.75
-0.25
-3
2.25
2
2
5
2
0
1.25
-1
1.25
0
1
0.5
0.25
-27
-1.5
-2.5
-0.75
-6.5
-1
-1.5
1.25
-0.25
-1.25
-0.25
27.5
-1
-0.5
0.25
-0.5
-2
1
0
0
0
0
-0.25
-0.25
0
-0.5
0.25
-1.25
0
-1.25
0
1.25
2.75
-1.25
3.5
4
4
0.25
2
2.25
-1.5
2
1.25
-0.75
0.75
-1.5
-0.25
0.5
2.5
0.5
0
-0.5
1
-0.25
0.75
0.25
-0.25
0.75
14
-0.5
-2.75
0.5
-7.75
0.75
-3.25
-1.5
-0.25
-2.25
15.5
2
1.75
-1
-4
-0.5
-0.25
0
-0.5
0
0.5
0
-0.25
-0.25
-0.25
0.5
-0.75
-26.75
0.75
-1.5
-0.25
-1
0
26.75
-0.5
1.5
1.5
0.75
-1
0
-3.25
3
1.75
1.25
1
-2
3.25
1.5
1
3
14.5
0.25
1
-1.5
0
-6
1.25
-0.5
-0.25
-1
1
0.75
-0.25
-1
-0.5
0.5
0.75
31.25
-1.25
0.75
-3
-2
0.75
31
-0.5
-1
0.5
0.5
0.5
0
4.75
1.75
11
0.5
-3
7.75
-2.5
-2.25
0.5
-11.75
-1.5
-2.75
0.75
-2.75
0.75
-1.75
6.5
0
0.25
0.75
0.5
0.5
-1.25
1.25
0
0.25
0
-0.5
-0.25
0
0.5
-0.25
0.25
0.5
-0.25
0.25
0
-0.75
-0.25
0
-0.5
23
-0.75
0.25
0.25
-1.25
-1
0
-1.75
0.5
-7.75
22
0
0.5
2
-4.5
0.25
0.25
1
-0.5
-11.25
2
-1.25
-1
1.25
-0.5
0.5
-0.75
4.75
4.75
-1
-1.75
-1
-5.5
-2.5
-0.25
5.75
1.5
-1
0
1.75
0.5
1
1
-1.25
0.5
0.25
-2.5
16.25
-0.25
-1
1.25
0.75
0
-3
0.75
0
-1.75
17.75
4.5
-1
3.5
2.75
-1.5
-2.5
1.5
1
1.25
3.75
0.75
-0.25
1
-1
0.75
1
1.75
1
0.75
-19.75
-1.5
-3
0.25
-7.75
-0.75
-1.25
2.5
0
-0.75
-0.5
25
-2.5
-1.25
0.5
-0.25
-0.5
0.5
0
0
0
0
-0.5
-0.5
0
-0.25
-0.25
-0.25
1.25
-0.5
-0.25
2.5
2.5
-0.75
3.25
4.25
4
0.5
1.75
2.75
-1.5
1.5
1.75
-0.5
1
-2
-0.25
-0.5
0.75
0
-0.25
-0.5
0.5
0
0.5
0.25
0
0
11
-1
-4.25
-0.75
-8
1.75
-2
0
0.25
-2.25
10.75
2
2
-0.25
-3.25
-0.75
0
-0.25
0
0.25
0.25
0
0.25
0
0
0.75
-1.25
-23.25
-0.5
-1.25
0
-0.5
-0.75
24.5
-0.25
1
2
-0.25
-0.25
0.75
-2.25
2
0.25
1.25
0.25
-1.5
2.5
1
0.75
3.25
11.25
0.25
1.5
-1.25
0
-5
0.75
0
-0.5
-1
1.5
1
0.25
-1
0.25
0.5
0.75
28.75
-0.25
0.75
-2.5
-1.5
0.5
21.5
0
-0.5
0
1.25
0.75
0.25
2.75
2
10.75
-0.5
-3.25
7
-3.25
-0.25
-0.25
-12.75
-1
-2
0.5
-2.5
0.75
-1.75
6.75
-0.25
0.75
0.75
1.25
1
-2
1.25
0
0
0
-0.25
0
0
0.25
0
0.25
0.25
-0.25
0
0
-0.75
0
0
0.25
18
-0.5
0.5
0
-0.5
-0.5
0.5
-1
0.5
-5.5
18.75
0
-0.5
1.75
-2.75
0
0
2.5
-1.25
-9.25
3.25
0
-1.75
0
0.25
0.25
-0.5
4.25
4
-0.75
-2.25
0
-5
-3
0.75
5.75
2.5
0
-0.25
1
0.5
0.75
0.5
-1.5
0.25
0
-1.25
13
0
-1.25
0.25
2
0.25
-0.75
-0.5
-0.25
-1.25
13.25
3
-1
3
2.25
-2
-1.5
0.25
0.75
0
2.25
0.25
-0.25
0.25
-0.75
0.75
1.75
2
0.5
1
-17.75
-2
-2.75
1
-6.5
-0.25
-0.5
4
0
-0.75
-0.25
18.25
-2
-1.25
0.25
-0.5
0.5
0.5
-0.25
0
0
0
0
-0.25
0.25
0
-0.5
0.5
2
0
-0.75
3.75
2.25
-0.25
3.75
4.75
3.25
1.25
1.5
2.5
-1.5
1.25
2.75
-0.5
1
-2.25
0
-1
0
-0.5
0
0
0
0
0
-0.25
0
0.25
8
-1
-4
-1.5
-8.25
1.75
-1
1
0.5
-2
5.5
1.5
2.75
0.75
-3
-0.5
0.25
-0.5
0
0
0.25
0.25
0
0
0.5
0
-1.25
-19
-0.5
-0.75
0.75
0.25
-0.75
18.5
0
1.5
1.25
-0.5
1
0.25
-1.5
0.75
-0.25
1
0
-1
1.75
0.75
0
2.5
7.25
0.75
1.75
-1.75
0.25
-3
1.25
0.5
-0.75
-1.5
0.75
0.5
0
-0.5
0.25
0
0
24.75
0
0.5
-2
-1
0.75
14.75
-0.25
0.25
-0.25
1.5
1
0.5
1.25
1.75
9
-0.25
-2.25
5.5
-3
-0.25
-0.25
-9.5
-1
-1
-0.25
-1.5
0.5
-0.5
7.5
-0.75
0.25
0.75
0.75
0.25
-2
1
-0.75
0.25
0.5
1
0
0
-0.25
0
0
0.25
-0.25
1.25
0.75
-0.75
0
0.25
-1.75
16
-1.75
1.25
0
1.5
0
0.25
1
-1.5
-10.25
21.5
3.75
-3.75
1.75
-13
-3.25
3.25
-2.25
-0.75
-4.25
3.75
3.75
-0.25
0.75
1.5
2
0.25
6
-2.5
-1.25
1
3
-1.25
-0.5
-2.75
-1.5
0.75
-0.25
3
2
0.5
-1.75
3
1.25
1
-1.75
-6.75
19.5
2.25
0
-2
-2.75
0.75
-5.25
-0.25
1.25
-2.25
22.25
7.25
0.5
-1.25
0.75
3.25
-2.75
1.75
0.5
0.5
2.5
1.75
-1
0.5
1
-0.5
-0.5
-0.25
-1.25
-0.75
-32
0
-0.25
-2.25
-1.25
-1.5
0.25
2.25
-0.5
-1
0
23.75
-5.25
0.5
0
-2
-1.25
-0.5
0.25
0
0.25
-0.75
0
-0.5
0
-1.75
0.25
-2.5
-0.75
-0.75
1
-0.75
1
0.75
4.25
4.75
6
2.5
1.75
5
-3.75
4.25
-1
0
-1.75
-0.75
-0.5
3.75
3.75
1.5
-0.25
-0.5
-2.25
0.5
0
-0.75
-0.5
1.75
12
-1.25
1
-2
-4
0.5
0.25
1.5
-1.25
-1.75
8.5
1
-2
1.5
-2
-0.75
-0.5
0.75
0
-0.25
-0.25
0.75
0
0.25
-1.25
-2
0.75
-21
-0.5
-0.25
1.5
0.5
-0.5
24.25
-0.75
2.25
2.5
1.25
-1.75
-0.5
-4.25
5.5
5
5.5
5
-3.75
4.5
3
0.5
1
9.5
0
0.5
-1.25
0
-3
2.5
-0.5
-0.75
-4
-2.5
0.25
-0.5
-3.75
-1.25
0.5
0
19
-0.5
0.5
-2
-1
2
30
0
-1.5
2.5
0.5
-1.75
0
6
2.5
10
0.75
-0.5
8.75
-3
0.5
0.25
-10.25
0
-0.25
2
-2.5
-0.5
0.25
9.5
1
-0.75
0.5
0.25
-1
-0.25
0
-0.25
0.75
0
0.5
-0.25
0
0
0
0.25
0
0.25
1.25
0.75
-1
-0.75
0.5
-2.25
13.25
-2.75
2
-0.75
1
-1.5
0.75
0.75
-1.5
-10.25
18.75
3.25
-4
2.5
-12.25
-3.5
2.75
-1.25
-0.5
-5.75
3.75
1
0
0.5
1.25
2.25
0
5
0.25
-0.5
-0.75
0.75
-1.75
-1.25
-2.75
0.5
-0.25
0
2.25
0.75
0
-0.75
0.75
0.75
0.25
-1
-4
18.5
2.25
-0.25
-1.25
-2.5
1
-5.25
0
1.25
-2.75
25.75
7.5
-0.25
-0.5
0.75
3.25
-2.25
2.25
0.5
1.25
3.25
1.25
-0.5
0.75
0.25
-0.25
-0.5
-0.25
0
-1
-30.5
-0.5
-2
-2
0.25
-1.75
-0.5
1
-0.75
-0.5
-0.5
24.75
-6.25
0.5
0.5
-1.25
-1.75
-1
0
0
0.25
-0.5
0.25
-0.5
0
-0.5
-0.5
-2.5
-0.25
-1
0.25
-0.5
0.75
0.75
3.75
4.75
4.75
2
1.25
4
-2.5
4.25
1.75
-0.75
-3
0.5
-0.5
2
3.25
0.75
-0.75
0
-2.5
-0.25
0
-0.5
-0.75
1.75
14.75
-1
-2
-3.5
-7.5
1.75
-1.75
1
-1.75
-1.25
5
1
-2.5
1
-3.25
-1
-0.75
0.5
-0.5
-0.25
0.25
0.5
-0.75
-0.5
-0.5
-1.5
0.25
-19.25
-0.75
-0.75
1.25
-0.5
0
20.25
0.25
3
3.25
0.5
-2.25
-0.25
-4.5
4.5
5
3.75
3.25
-3
3.5
2.5
1.25
2
10.25
1
0.75
-2.5
1.25
-4.5
0.75
-1
-0.5
-2
-1.5
0.75
0.25
-1.75
-1.75
1.75
0
15.5
-1.25
0.25
-3.5
-3
3.5
28.75
-0.75
-1
3.25
0.75
-2.25
-0.75
6.75
3.5
12.5
1.75
-0.75
9.75
-3.25
-0.5
0.25
-11.25
0.25
-0.25
1.5
-2.75
0.25
-0.25
11
0.75
-0.25
1.25
0.25
0.5
-0.75
0.25
-0.5
0.75
0
0
-0.25
0
0.25
-0.25
0.25
-1
0.25
0.75
0.25
-0.5
-1
0.75
-2.25
12.75
-2.75
2.75
-0.5
0.25
-2.5
1
0.5
-0.5
-9.5
17
1.5
-3
3.5
-10.5
-2.75
1.75
-1
-0.25
-7
4.25
-0.25
0.25
0.25
-0.25
1.25
-1.25
3.5
4.25
-1.5
-1
-0.5
-0.75
-1.75
-1.75
1.25
0.25
0.5
1
1
-0.25
0
0.25
-0.5
0.5
-1
-3.75
19.5
1
-1
0.75
-1.75
1.75
-6
0.5
1.75
-4
28.25
7.5
-0.5
0.5
0
2.25
-2
1.75
0.5
0.75
2.75
1
0
0.5
-0.5
0.5
-0.25
0.75
0.75
-0.25
-25.5
-0.5
-3
-1.25
0.5
-0.75
-1
0
-1.25
-1
-0.75
24.75
-7.5
0.25
0.25
-1
-1.25
0
-0.25
-0.25
0.25
0.25
0
-0.5
-0.25
-0.25
0
-1.75
0.25
-1
0.25
-0.25
1.75
0.5
3.25
5.25
5.25
1.25
1
4.75
-2.5
3.25
3.25
-1.25
-2.25
0.75
0.75
-0.25
2
0.5
-0.25
-0.25
-2
-0.5
0.75
0
0
1
16
-1
-4.5
-5.5
-10.25
2.75
-2.5
0.5
-2
-1
0.5
0.25
-2.25
-0.25
-2.75
-1.75
-0.25
0.25
-0.75
0
0.25
-0.25
-0.5
-0.5
-0.25
-0.5
-0.5
-16.75
0.75
-0.5
0.25
-1
0.25
16.5
1.5
4.25
4.5
0
-2
-0.5
-3.75
3
3.5
2
1.75
-2
2.75
1.75
1.5
3
9.5
2
1.25
-2.75
2.25
-4.75
0.75
-0.75
0
-0.25
0.25
0.75
0.25
-1
-2.5
2.75
-2.25
10.75
-1.5
0.5
-3.75
-3.75
2
24.25
-1
-0.5
1.5
-0.5
-0.75
0.25
6
3.5
15
0.75
-1.75
8.25
-3.25
-0.5
-0.5
-11
0
-0.75
1.25
-2
0.5
-0.75
8.5
0.75
0
1.75
0.25
1
-1.25
0.75
-0.75
0.5
0.25
-0.25
-0.25
0
-0.25
-0.25
-0.5
-0.25
0
0.25
-0.25
-1
-0.75
0.75
-2
12.25
-2
2.75
0.25
-0.25
-2.5
0.5
0.75
-0.25
-9.75
17.5
1
-1.5
4.75
-8.25
-1
0.5
-1
0
-9.25
4
0.25
0.5
1
-1
0
-1.5
3.75
5.75
-2
-0.5
-0.5
-3
-2
-1
3.5
0.75
0.25
-0.5
2
0
1.75
0.5
-2
1
-1
-3.75
19.25
0
-2
2.25
-1
2
-6
0.5
1.25
-5
26
5.75
0
0.5
-0.25
1.25
-2
1
0.25
0
2.25
0.75
-0.25
0.5
-1.5
2.25
1.75
1.5
0.75
1
-21.75
-0.5
-4
0
-1.75
-0.25
-0.25
0.25
-0.25
-2.25
0.25
21
-8.5
0.5
-0.25
-1.75
-1
0.75
-0.25
-0.25
0.5
0
-0.5
-0.75
0
0
-0.5
-0.75
0.25
-1.25
0
-0.25
1.75
0.5
4
6.25
6.25
1.25
1.75
6.25
-3
3.25
4.25
-1.75
-1.25
-0.25
2
-1.25
1.25
0.5
0.25
-0.5
0.5
-0.25
0.75
0.25
0.5
0.75
14.75
-1.75
-6.25
-5.75
-11.75
3.5
-2.5
0.75
-1.25
-0.25
-2.75
0.5
-1.5
-1
-2.5
-1.75
0
0
-0.5
0
0.5
-0.5
-0.25
-0.25
0
0
-1.75
-15.5
1
-0.75
1
-1.5
0
15
1.75
3.75
4.5
-0.25
-1.75
0
-3.5
2.75
1.5
1.25
1
-1.75
2.75
1.5
1.25
3.5
9.25
1.75
1.5
-2.5
2.25
-5
1.25
0
0
0
1.25
0.75
1
-0.75
-2.75
3.25
-1.75
10.75
-1.75
1.75
-3.5
-4.25
0.25
20.75
-0.5
0
0.5
-0.25
-0.25
0.5
4.75
4.5
15.75
0
-2.5
6.75
-4.25
-0.25
-1.25
-13
-1
-1
1
-2.5
0.75
-0.75
6.75
0.75
0
1.5
1.25
1.25
-1
0.75
-0.5
0.25
0
-0.25
-0.25
0
0.25
-0.25
0
0
0.25
0.25
-0.25
-0.75
-0.75
0.5
-1
12.75
-1.25
2
0.75
0
-2
0.5
1
0.25
-8
15.25
0.25
-0.25
3
-4.25
-0.25
-0.75
-1
0
-7.75
1.75
0
0
0.5
-0.25
-0.25
-1
2.25
4
-0.75
-0.5
0.25
-3
-1.25
0
2.75
0.5
0
-0.75
1.5
0.25
1.75
0.25
-1.5
0.25
-0.25
-1.75
13.25
-0.75
-2.25
2
1.25
1.5
-2.75
-0.25
0
-3.75
19
3.25
0.5
1.25
0.25
-0.25
-1.25
0.5
0.25
0
1.5
0.75
-0.5
0.5
-0.75
0.75
1.75
2
0.75
1.5
-14
-0.25
-3.75
0.5
-4
-0.25
-0.25
1.25
0.5
-1.5
0.5
19.25
-7.75
0.25
0.25
-1.5
-0.25
0.25
0.25
0
0.25
0.25
-0.75
-0.5
0.25
0
-0.25
-0.5
0.5
-0.75
0
1
1.5
0.5
4
5.75
5.25
1
0.75
7
-3.25
2.25
4
-1.5
-0.5
-0.75
1.5
-2.5
-1
0
-0.25
0
0.25
0
0.5
0.25
0
0.25
11.25
-2
-5.25
-5
-10
3.25
-1
1.5
-0.75
-0.75
-2.75
0
-1.25
-0.5
-1.5
-1.25
0
0.25
0
0
0
0
0.25
-0.25
0.25
0.25
-1.75
-14.75
0
-1.25
1.75
-0.75
0
14.5
1.25
2.75
4
0
-0.75
0
-2.25
1.75
-0.25
1
0.5
-0.75
2.25
1
1
2.5
3.5
1
1.25
-2
1.25
-1.75
1
0
0.25
-0.5
1
1
0.75
-0.75
-2.5
2.75
-1
12
-0.5
1.75
-2.5
-4
-0.5
15
0.25
0.5
-0.5
0.5
0.5
0.75
1.5
3.5
11
-0.25
-1.75
3.75
-2.75
0.25
-1
-9.75
-0.5
-0.5
0.5
-1.25
0.75
-0.75
7.25
0.5
0
2
1.75
2.25
-1.25
1
-0.25
0.25
0.25
-0.25
-0.25
0
0
-0.25
0.25
0
0.25
0.25
-0.25
-0.25
-0.25
0.25
0.25
14
-1
1.25
0
1
-0.75
0.5
0.75
0
-5
12.75
-0.75
0.25
2.5
-1
-0.5
-1
0.25
-0.5
-5.75
2.5
0.5
-0.75
-1
0.75
-0.75
-0.25
1
3
0.25
-0.75
1
-1.5
-1.5
0.25
1.5
2
0.25
-1
1
0.5
1
0
-1.25
-0.25
0.25
-0.75
8.25
-0.75
-1.25
0.75
2.25
0.75
0.25
-0.5
-0.5
-2.5
14.5
2.25
0.25
1.5
0.25
-1.25
-1
-0.5
0.5
-0.75
0.5
0.5
-0.25
0.25
-0.25
-0.5
2.25
2
0.25
1.25
-12.25
-0.25
-3.5
0.5
-4.5
-0.75
0
2.25
0.75
-1.25
0.75
13.75
-6.25
0.5
0
-1.5
0.25
-0.5
0
-0.25
0
0
-0.25
-0.25
0
0.25
-0.25
0.5
0.75
-0.5
-0.5
1.75
1.75
0
4
6.25
4.25
1.5
0.25
5.25
-2.75
2
4.75
-1.75
0.5
-1
1.25
-3.5
-2.25
-0.75
0
-0.25
-0.25
0.25
0.25
-0.5
0
0
7.5
-1.75
-3.5
-3.75
-8.5
2.25
-0.75
1.75
-0.25
-1.5
-3.5
-0.25
0
0
-1.75
-1.5
0
0
0
0
0
0
0
-0.25
0.5
0
-1
-11.75
0.5
-0.5
2
-0.5
-0.75
11.5
1
2.5
2.75
-0.5
0.25
-0.25
-1
0.5
0
0.75
0.5
-0.25
1.5
0.75
1
1.25
0.75
1.25
0.75
-2
0.5
0.25
1.25
-0.5
-0.25
-0.5
1
1
0
-0.25
-2.5
1.25
-1.25
13.25
-0.25
1.25
-1.5
-2.5
0
11.25
0.25
1
-1
0.75
1.25
0.75
-0.25
2
6.25
0.25
-0.25
1.25
-1.5
-0.5
-0.5
-5.5
0
0
-0.25
-0.25
0.5
-0.25
8.25
0
0
2.5
1
2
-1.25
0.5
-0.5
0.25
-0.25
0.25
-0.25
0
0.5
-0.25
0.25
0
0.25
0.5
0
-0.75
0.75
-0.5
-2
0.75
-1
1.75
-0.5
-0.5
-0.5
0.5
1.75
-3.5
-3.75
7
3
-4
3.75
-9
-4.5
4
-0.5
2
5.75
0.75
1
1.25
1.75
-0.25
0.5
-1.25
8.25
3.5
-1.25
0
1.75
-1
-1.25
-0.75
-0.25
-1.5
0
1.75
0.5
1
0.25
2.25
0.5
-0.25
-1
-4.25
21.75
2
0
-1.75
-1
-0.5
-3
1.5
2
-3.5
19.5
6
0
0.25
-1
4.25
-2
1.25
-0.25
0.5
1.5
0.25
-0.25
0
0.25
-2.25
0.25
-0.75
-0.75
-2
-21.75
1.25
-1.75
-0.75
2.75
-1.5
0.5
0.75
0.75
-1.75
0.5
17
-7
0.5
-1.25
-0.5
-1.5
-1
-0.25
0.25
-0.5
-0.75
1
-0.5
-0.25
-0.5
-0.25
-0.75
0
-0.25
-0.25
-0.75
0.5
0.25
1.25
4.25
4
2.25
-0.5
5.25
-3.25
3.25
4
-0.5
-3.5
-1
-0.25
0
4
0.25
0
0.5
-3
0
0.25
-0.25
-0.25
1
8
-1.5
1.5
-3.25
-6.75
-1.25
-0.75
0.75
-1.75
0.5
1.25
0.5
-1.5
2
0
0
-0.5
0.5
0
0
-0.5
0.25
0
0.25
0
-1.25
0
-4.75
-0.75
0.5
0.5
0.5
0
9.25
0
-0.25
1
1
-0.25
0.75
-5
5
6.25
4.25
2.75
-2.75
2.75
2
0.25
1
5.25
1.25
-1
-1.25
-0.5
-3
2
0.5
-1.25
-3.75
-2.25
0.75
0.5
-3
-1
2
2.5
7.75
-1.75
-0.75
-2
0.5
3.5
5.5
-0.25
-0.5
1
1.25
-1.25
2.75
6.75
4.5
10.75
1.75
0.5
8.75
-3.25
1.25
-0.75
-14.25
0
-0.5
1
-2.25
-1
1.75
11.75
0
-0.25
-0.75
1
-0.25
-0.25
-0.25
-0.25
0.25
-0.25
0.25
-0.25
0
0.5
0.25
0.75
-0.25
0.5
0.25
0.25
-1
0.5
-0.5
-2
2.75
-1.75
2.25
-0.5
-0.75
-1
0
1.75
-2.5
-3.25
5
1.5
-5
4.5
-8.75
-4
3.5
-0.25
0.75
3.75
2.5
1
0.5
0.75
-0.75
-0.25
-0.75
6.25
4.5
-0.5
0.25
0.25
0
-1.25
-0.5
1.25
-1.5
0
1
0
0.75
1
0.5
-0.25
0
-0.75
-3.25
20.5
1.5
1
-1.25
-1.25
-0.5
-3
1
0.5
-4
20
5
0
0.25
-1.5
4.5
-1.75
1
0
0.75
2
0.5
0
0
-0.75
-1.75
1.25
-0.25
0.5
-1.5
-20
0
-1.5
-0.25
3.5
-0.75
0.25
-0.75
0
-1.5
1.25
16.25
-6
1
0
0
-1.5
-0.75
-0.25
0
0
-0.25
0.75
-0.75
0
-0.5
-0.25
-0.25
-0.25
-1
0.25
-1.25
-1.25
0.25
1.75
5
3.75
2.25
-1.75
6
-1.5
4
5.25
-1.25
-4.25
-0.25
0.25
-0.75
3.25
-0.25
0
0.5
-3
-0.25
0
0
0.25
1
8.5
-1
-0.25
-4.25
-9.25
0
-2.25
-0.25
-1.75
0.25
-1
-0.5
-1.25
1.5
0.25
0
-0.75
0.75
-0.5
0
0
0
-0.25
0
0
-1.25
-0.25
-3.25
-0.5
0.5
0
-0.25
0.25
4
0.5
0
2
-0.25
-1
0.5
-4.75
4
3.75
2.75
2
-2.25
1.75
1.5
1.5
1.5
5.5
2.25
0
-2.5
0.75
-4
0.25
0.25
-0.5
-1
-1
0
0.75
-2
-1.25
2.5
1
3
-0.75
-0.75
-2.75
-1
3
5.25
-1
2
1.25
2.25
-1.5
2.5
7
5
10.25
2.75
1.25
8
-2
-0.75
-1
-13
-0.5
-0.5
1.25
-3
-0.5
1.5
10.5
-0.5
0.5
1.25
0.5
1.75
-0.5
-0.5
-0.5
0.75
-0.25
-0.25
-0.25
0
0
0
0.5
-0.25
0.25
0.25
0
-0.5
-0.25
0
-2.5
4.5
-2
3.25
-0.5
-0.25
-2
0.25
2.25
-1.75
-4
5
1
-4
4.25
-7.25
-3.25
2.25
0.25
0.25
1.75
2.25
0.75
0.75
0.25
-1.5
-0.75
-1.5
4.5
5.25
-0.75
1.25
0
0.5
-1.5
0
0.5
-1
0.5
0.25
0.25
0.25
1.25
0.25
-1.25
-0.25
-1
-3
16.75
0.5
0.5
0.25
-1.25
0.75
-3.25
0.5
-0.5
-3.5
17.25
3.5
0.75
0
-1.25
3.75
-1
0.75
0.25
0
1.25
0.5
-0.25
-0.25
0.5
-1
1.5
0.25
0.75
-0.75
-17
-0.25
-1.25
0
3.25
-0.25
0
-1
-0.5
-1.25
2
13
-5
1.5
0.75
-1
-0.5
-0.75
-0.25
-0.25
0
0.25
0.25
-0.25
0
-0.75
0.25
0.25
-0.75
-1.25
0.75
-1.5
-1.25
0.75
2.5
5.75
4.5
1.5
-1.75
6.25
-0.75
3.75
5
-1.5
-3
-0.25
1.5
-1
2.25
0.5
0.25
0.25
-2.5
-0.25
0
0.25
0.5
0.75
7.25
0
-0.75
-5.5
-9.75
0.25
-3
-1
-1.5
0.25
-2.5
-1
-1
0.75
0.75
-1
-0.5
0.5
-0.25
0
0.25
-0.5
-0.25
0
-0.25
-1.25
-0.5
-1
0.5
0.25
-0.5
-0.75
0
1.75
1.5
0.25
3
-1
-1.5
1
-4
2.75
1.75
2
1.25
-1.75
1.5
1.25
1.5
1.5
4.25
2
0
-2.25
1.75
-3.25
0.5
0.25
-0.25
0.25
0.75
-0.25
0.75
-2.25
-1
2.75
-0.5
2.75
-1.25
-0.75
-3
-1
0.75
5.75
-1.5
2.5
0.5
2
-1.5
2.5
6.5
4.25
8.75
2.25
0.75
6
-0.5
-1.5
-1
-10.75
-1
-0.25
1.5
-2.75
-0.25
1.75
6.25
0.25
0.25
1
0.5
2.25
-1.5
-0.25
0
0.25
-0.5
-0.5
-0.25
0
-0.25
0
0.25
0
0
0.25
0.25
-0.5
-0.5
0.25
-2.25
4
-2
3.75
0.25
0
-2.25
0.5
2
-1.25
-5.5
6.75
0.75
-3.25
4.5
-5.25
-1.5
1.25
0
-0.5
-0.5
2.25
1.5
0
0.25
-2
-1.5
-2
3.75
5.25
-0.75
2.5
-0.25
-0.5
-0.75
0
0.5
-1
0.5
-0.5
0.5
0.5
2
-0.25
-2
-0.5
-0.75
-2.5
14
-0.5
-0.75
1
-0.25
0.75
-2
0.5
-1.25
-2.75
12.75
1
1.5
-0.75
-0.75
3
-0.75
0.25
0.25
0
0.5
0.25
-0.25
0
0.5
0
2.5
0.25
1
0
-14.75
-0.25
-1.25
0.25
0.5
-0.25
-0.5
0.25
-0.25
-1
1.75
9.75
-4.75
1.25
1.5
-1.25
0
-1
0.25
-0.25
0.25
0
0
0
0.25
-0.5
0
-0.5
-0.25
-1
0.5
-1.25
-1.25
1
2.5
5.25
3.75
0.5
-1.75
6
-0.5
3
4.75
-2
0
-1.5
2
-0.75
1.5
0.5
0
0
-0.5
0
0
0.25
0.5
0.25
5.75
0.25
-0.75
-6.25
-8.75
0.5
-2.75
-0.5
-0.5
0.5
-3
-0.25
-0.5
-0.25
-0.75
-1
-0.5
0.5
0
0
0
-0.5
0
-0.25
0
-1
-0.75
-0.5
0.5
-0.25
0.5
-0.75
0
1.25
1.5
-0.25
2.5
-1.25
-2
1
-3.25
1.75
0.75
1.25
0.75
-1.5
1.75
1
2
1.5
1.5
2.25
0.25
-2
2.25
-2.25
0.75
0
-0.25
0.5
2
0
0.25
-1.25
-1
3.25
-0.5
2.75
-1.5
0
-3
-1
-0.5
6.5
-0.75
2.5
0.75
2.25
-1.5
1.75
4.25
2.75
6.75
2
0.25
3.75
0
-1.5
-1
-9.25
-1.5
-0.25
1
-2.25
0.25
1
4.5
0.75
-0.25
0.25
0.5
2
-0.75
0
0
0.25
-0.25
-0.25
-0.25
0
0
0
0.5
0
0.25
0.25
0.5
0
-0.25
0.25
-1
5
-2
3
0
1
-1.75
1.25
1.5
-1
-4
6.5
0.5
-0.75
2.75
-2
0
-0.25
-0.25
-1
-1.5
2
1.5
-0.75
0
-1.25
-1.5
-1.5
1.75
3
0.25
2.25
-1
0
1.25
0.5
-0.25
0
0.5
-1.25
0.5
0.5
1
0.25
-1.25
-0.25
-0.25
-1
9.5
-1
-0.25
-0.25
1.75
0
0.5
0.75
-2.25
0
6.75
-2
1.5
-1.25
0
1.25
-0.5
-0.25
0.25
0
0
0.5
-0.5
0.25
0.5
-0.75
2.25
0.5
0.5
0.5
-10.25
-0.25
-2
-0.25
-1.25
-0.75
-1.25
1
-0.25
0
0.25
7.75
-3.25
0.75
2.25
-0.5
1
-0.25
0.25
0
0.25
0.25
-0.25
-0.25
0
-0.25
0.25
-0.75
-0.5
-0.75
0.25
-0.75
0
1
1.5
3
2
-0.75
-2
4.25
-0.25
1.25
3
-1.75
2
-1.75
1.5
-1.5
-0.25
-0.5
0.25
-0.25
0.25
0.25
0.25
0.5
0
-0.25
5.25
-0.5
-1
-4.75
-7.25
0.5
-0.75
0
-0.25
0
-1.25
0.25
-1
-0.5
-0.5
-1.25
-0.25
0.5
0
0
0
-0.25
0.5
-0.25
0.25
-1.25
-0.75
-1.25
0
-0.25
0.75
-0.5
1
1.25
0.75
0.75
1.75
0
-1.25
0
-2.25
1.25
0.5
1
0.5
-0.75
1.5
0.75
2.5
1.5
-2.25
1.5
0.5
-1.75
1.25
0.25
0.5
-0.5
0
-0.25
0.25
1.25
0.25
-0.75
-1.25
2.75
-1
4
-1
0.25
-2.25
-0.75
-0.5
6.5
0.25
2.25
0.25
1.75
-0.75
1.25
1
0.5
2.75
1.5
0.75
1.25
0.5
-1
-0.5
-5
-0.5
0.25
0.5
-1.25
0.5
0.5
6.25
0.5
-0.5
0.25
0.5
2
0
0
-0.25
0.25
0
-0.25
-0.25
0
0
0
0.5
0.25
0.25
0.25
0.5
0.25
0
0.25
0.25
8.5
-1.5
2.25
0
1.75
-0.5
0.25
0.75
-1.5
-2.75
6
-0.25
1
1.75
0.5
-0.25
-0.75
0.25
-1
-1.25
1.5
1
-0.5
-0.75
-0.75
-1.5
-0.5
1.25
-0.25
1
2.25
0
0.5
1.25
0.5
0
1.25
0.25
-0.75
0.5
0.5
0.75
0.5
-1.25
0
0
-1.25
5.25
-1.25
0.25
-0.75
2.75
-0.75
2.5
1.25
-2.5
0.75
5
-2
2
-2
-0.5
1
-0.25
-0.5
0.25
0
-0.25
0.25
-0.25
0.25
0.25
-1.25
2.5
1.25
0
0.75
-9.25
0
-2
-0.25
-3.25
-1.75
-1
2
0
-0.5
0
4.75
-2.75
1.25
2
-0.5
1.25
0.75
0
0
0
0.25
-0.25
-0.25
0
-0.25
0
-0.75
-0.25
-0.5
-0.25
0
0.75
0.25
0.75
3.25
2
0
-1.75
3
-0.25
1.25
2.75
-2
3.25
-2.25
1.25
-2.75
-1.5
-1
0.25
-0.25
0
0.5
0
0.25
0
-0.25
4
-1
-1.5
-2.25
-6
1.5
0
1
-0.25
0
-2
0
-0.75
0
-0.75
-1
-0.25
0
0
0.25
0
0
0.25
-0.25
0.25
-1.25
0
-2.25
0.25
0
1.25
0
0.5
-0.25
0.5
1.25
1
0
-0.5
-0.25
-1.25
0.5
0.25
0.75
0
0
0.75
0.5
2.5
0.25
-3.75
1
0.25
-1
-0.5
1.75
0.25
-0.75
0
-0.25
0
2
-0.25
-0.75
-1.5
1.25
-1.75
7
-1.5
-0.25
-0.75
-0.75
-0.25
9.75
0.5
2.75
-0.5
1.25
0.25
1.25
-0.5
-1.75
1
1.25
1.75
-0.5
0.5
-0.25
0
-2
0.25
0
0
-0.5
0.75
0
6.5
0
-0.25
0.25
-0.5
0.75
0.25
-0.5
-0.25
0.25
0
0.25
0
0.25
0.25
-0.25
0.5
0
-0.25
0.25
-0.5
0.25
1.25
-1
-2.5
5
-0.25
1.75
-0.75
-0.25
-0.25
0.25
1
-2.75
-1.25
1.75
1.5
-1.75
2.75
-4
-3
2
0.75
0.75
3.75
0.75
-0.75
0.5
1.5
-2.25
-2
-0.75
3.75
1.5
-1.25
-0.25
1
-1.5
-1
-0.75
0.75
-1
-0.75
1
-0.5
1
0.5
1
0
-0.75
0.5
-1.25
19.25
0.75
-1
-1
0
-2
-0.5
0.75
0
-2.75
14
5
0.5
0.5
0
3.75
-0.75
-0.75
0.75
0
0
0.75
-0.75
-0.75
0.25
-3.25
1
-0.25
1
-1
-14
2
1.25
0.5
3.25
0
0.5
0.75
-0.75
-2
1.25
12
-3.25
-0.5
0
-0.75
-0.75
-0.5
-0.25
0.25
-0.25
-0.25
0.75
0.25
-0.25
0
-0.5
-1
0.5
-0.25
-0.5
-0.5
0.25
0.25
-0.25
3.25
2
1.75
-2.5
4.75
-0.75
1
3.25
-1.25
-2
-1.75
0.25
-3.5
1.75
0
0.25
0.75
-2
-0.25
-0.5
0.25
-0.25
1
3.5
-2.25
2
0.25
-5.5
-0.75
-1
0.25
-1
1
3.75
0
0
1.25
0.75
0.75
-0.25
0.5
0
0
0.25
0.75
0
0.5
0.25
-0.5
-0.5
-0.5
-0.5
0.5
-0.25
-1
-1.5
0.5
1
-3
-0.25
-0.25
0.5
2
-3.25
1.75
1.75
2.25
1.25
-2.25
2.25
1.5
1
-0.5
2
0.5
-0.5
-1.25
0
-1
0.5
-0.25
-0.75
-0.75
0
0.5
0.5
-3.5
-0.5
1
1.5
8.25
-1.25
-0.5
-1.5
0.5
3.25
2.25
-0.25
0.75
0.5
1
-0.5
1.5
4
2
7.25
1.5
0.75
6.5
0
1.75
-0.75
-9.5
-0.75
-1.5
0.25
-0.25
-1.25
2.25
8.75
-0.25
0
0.25
1.25
0.5
-0.25
0.25
-0.5
0.25
0
0.25
0
0.25
-0.5
0
0.75
0.25
0
-0.25
-0.25
0
0.75
-0.75
-2.25
7.75
-1
2.25
-1.25
-0.25
-1.5
0.5
2
-2
-0.75
1
1.5
-1.5
2
-4.25
-3.75
2.25
1.5
0.25
3.75
1.25
0
0.25
0.75
-2.25
-1.5
-1
1.75
2
-0.75
0.5
0
-1
-0.75
-0.5
2
-1.25
-0.5
0.75
-0.5
0.75
1
-0.25
-0.75
-0.5
0.25
-1.75
15.25
0.25
-0.5
-0.5
-1
-1.5
-1.5
0.25
-0.75
-1
11.25
3
0.5
-0.75
0.25
2.75
-1
0
1.25
0.25
0.75
0.75
-0.5
-0.25
0.75
-3
1.5
0
1.75
-0.5
-14.75
1
0.75
-0.25
2
-0.25
0.25
-0.5
-0.75
-1.25
1.75
8
-0.75
0
0
0.25
-0.25
0.5
0.25
0.25
-0.5
-0.25
0.75
0
-0.25
0
0
-0.75
0
-0.5
0.25
-0.75
-0.75
0.5
-0.75
1.75
0.5
0.75
-2.25
2.25
1.25
0.75
2.25
-1.75
-1.5
-1
1.5
-2.75
1.5
0.5
0.5
0.75
-2
0
-0.75
0
0.25
1.25
2
-2.25
1.5
0
-4.75
0
-1.75
-0.5
-1
1
2.75
-0.5
-0.5
1
0.75
0.25
-0.25
0.75
-0.25
-0.25
0.5
0.25
-0.5
0.25
-0.25
-1.5
-0.5
-1
0
0.25
0
-0.75
-0.75
-2.5
1.75
-2.75
0.25
-1.25
-0.5
2
-3
1.5
0.25
1.75
1
-1.75
2
1.5
1.25
-0.25
1.5
1
0
-1.5
0.25
-1.25
-0.75
-0.5
-0.5
1.25
1.25
0.5
0
-4
-1
1.75
1
4
-0.75
-0.25
-3.25
-0.75
2.25
5.75
-0.75
2
0.25
1
-0.25
1.25
4.75
2.5
6
3
1
6.25
0.75
-0.5
-1.25
-8.5
-1.25
-1.25
0.75
-1.25
-2
2.5
4.75
-0.5
0.25
1
-0.5
1
-0.5
-0.25
0
0.25
-0.25
-0.25
0
0
-0.25
-0.25
0.25
-0.25
0
0
-0.25
0.25
0.25
-0.25
-2.5
8.5
-1.75
3
-1.5
-0.5
-2.25
1
3
-1.25
-2.25
0.75
1.75
-0.75
1.75
-3
-3
2
1.25
0
1.25
0.25
0
0.5
1
-2.25
-1.75
-1
0.25
1
-1.25
0.5
-0.5
-1
-0.25
0.25
1
-1.75
0
0
0.25
0.5
1.25
-0.5
-1.25
-0.5
0
-2.25
10.25
0.25
-0.5
-0.25
-1
-0.75
-0.75
0
-1
0
7.75
1.75
0.25
-1.25
1
1.75
-0.75
-0.25
1
0.25
0.75
0.75
-0.5
0
2
-2
1.5
0
1.25
-0.25
-12.75
0.5
0.5
-0.5
0.75
0.25
0.25
-0.25
-0.75
-1
1.5
4.75
-0.25
-0.25
0
-0.5
-0.25
0.5
0.25
0
-0.5
-0.25
0.25
0.25
0
0
0
-0.5
-0.25
-0.5
0.25
-1.25
-0.75
0.75
-1
1
0
0
-2
1
1.75
0.5
1.25
-2
-0.5
-1.5
2.75
-1.5
1.5
0.75
0.25
0.5
-1
0.25
-0.25
0.5
0.25
0.75
0.5
-1.75
1.25
-0.25
-3.75
0
-1.5
-1
-1
1
2
-0.5
-0.5
0.75
0.5
-0.75
0
0.5
0.25
0
0.5
-0.5
0
-0.25
0
-1.75
-0.5
-0.75
0.75
-0.25
0.75
-0.75
-0.5
-2.5
2.5
-2.5
1.25
-1.75
-1.25
1.75
-2.25
0.5
0
1
0
-1
1
1.25
1
-0.5
-0.25
0.25
-0.75
-0.5
0
-0.5
-0.25
-0.5
-0.75
1.5
3.25
0.5
-0.25
-3.75
-0.5
1.5
1
5.5
-0.75
0
-3.75
-0.25
0
8.75
-1.25
2.5
0.5
0.75
-0.5
0.75
4.75
1.25
5.25
2.5
1
4.5
0.75
-0.75
-0.5
-6.75
-1.5
-1
0.75
-1
-1.75
2.25
1.75
0.5
-0.5
0.25
-0.25
0.75
-1.25
0
0
0.5
-0.25
-0.5
0
-0.25
-0.5
-0.25
0.25
0
0.25
0.25
0.25
0
-0.25
0
-2
5.75
-2.25
3.5
-1.25
-0.5
-2
1.75
2.25
-1.25
-2.5
2.25
1.75
0
1.5
-1.5
-0.75
1.5
0.25
-1.25
-0.75
1
1.25
-0.5
0.5
-2.25
-2.25
-1.5
-1
0.75
-0.75
0.75
-0.25
0.25
1.25
0
0
-1.5
0
0
0.5
1
1.25
-0.75
-1
-0.5
0
-3
7.5
-0.25
0
-1.25
0.5
-1.25
0.75
0.75
-1
0.25
3.5
0.5
0.5
-1.5
0.5
1.5
-1
0
0.75
0
0.5
0.5
-0.5
0.25
0.75
-0.75
2
0.25
1.25
0.25
-10.25
-0.5
0.25
-0.25
-0.5
0.5
-0.25
0.25
-0.25
0
0.25
2.5
0
-0.75
0.75
-0.5
0.25
1
0.25
0
-0.25
-0.25
0.25
0
0.25
-0.25
-0.25
-0.5
0
0.25
0
-0.75
-0.5
0.25
-1.25
0
-0.25
-0.75
-2
1
1.5
0.25
1
-2.25
2
-2.25
2.25
-0.75
0.75
0.25
0
-0.25
-0.25
0.5
0.5
0
0.5
0.25
0.5
-1.25
1.25
-2
-3.25
-0.5
-1.5
-0.75
-0.75
0.5
1.5
0.25
-1
0.5
0
-0.75
0
0
0.25
0
0.25
-0.5
0
-0.5
0
-1
0.25
1
0.5
-0.75
0.25
0
0
-2.25
1.75
-1.5
1.25
-0.75
-1.5
0.75
-1.25
0.25
0
0.5
-0.25
-0.5
0.5
0.75
1.25
-1
-3.5
0.75
-0.5
0.25
0.25
0.5
0.25
-0.5
-0.5
0.75
3.5
0.75
-0.25
-1.75
0.25
1.5
0.25
5.25
-0.25
0.5
-3.5
-0.25
0
8
-0.5
3
0.25
1.25
-0.5
0.5
3
-0.5
3.25
2.5
1.25
2.5
1.5
-0.75
-1
-4.5
-0.75
-0.5
1
-0.75
-0.75
1
1
0.25
-0.75
-0.25
-0.5
0.5
-0.5
-0.25
-0.25
0.5
0
-0.25
0
-0.25
-0.25
0
0.25
0
0.25
0
0.5
0
-0.25
0
-0.5
5.25
-2.25
2.75
-0.75
0.5
-0.75
1.5
0.75
-1.25
0.25
1.5
1.5
1.25
0
0.75
1.25
0.25
-0.5
-2.75
-2.5
1.25
0.75
-1.5
-0.75
-1
-1.5
-2.25
-2.25
-2.75
0
1.5
-0.25
1.25
2.5
-0.25
-1
0.5
0
-0.5
0.5
1.25
0.5
-0.25
-1
-0.5
0
-2.5
3
-0.25
0.75
-2
2.25
-2.5
2.25
1.25
-1
0.75
0.5
-0.25
1.5
-2.25
0.25
1
-1.25
0
0.25
-0.25
0.25
0.5
-0.25
0.75
0
-0.75
2
1
0.75
0.75
-7.25
-0.75
-0.5
0.25
-0.5
-0.25
0
1.25
-0.25
-0.75
-0.25
0
0
-0.25
1
-0.5
0.75
2
0
0
0
0
0
-0.25
0
-0.25
0
0
-0.25
0.25
-0.25
-0.25
0.75
-0.25
-1.25
-0.5
-0.25
-1
-1.5
0.25
1
-0.75
0
-1.75
4.25
-1.75
1.5
-0.5
-0.5
-0.5
0.25
-0.5
0.25
0.75
0.5
-0.25
0.25
0
2
-0.75
0.25
-2.5
-3.25
0.25
-0.5
-0.5
-1
0
1
0.75
-1.5
0.25
0.25
-0.75
0
0
-0.25
0
0.25
-0.25
0.25
-0.75
0
-1
0
1.5
0
-0.5
-0.5
0.5
0.5
-2.75
1.25
-0.5
0.75
0.5
-1
0.25
-0.5
0
-0.5
0.75
-0.25
0.25
0
0.5
2
-0.75
-5.5
-0.25
-0.75
0.25
-1
1.75
0.75
-1.25
-0.25
-0.25
1.25
1.5
-0.25
-1.5
1
1
-1
9
-0.75
0
-3.25
-0.25
0
6.75
0.5
2.75
-0.25
0.75
-0.5
0.5
1
-2.75
0.5
2
2
0.75
1.5
-0.5
-0.5
-1.5
0.5
0
0.25
-0.25
0
0.25
3.25
-0.25
0
-0.25
-1.25
0.5
0.5
-1.25
-0.25
0
0
0
-0.5
0
0.25
0
0.25
0.25
0.25
0
0.5
0.25
0
0
0.75
8
-1.5
2
-0.25
1.5
0.5
0.25
0.5
-1.25
0.5
1.25
1.5
2.75
-0.75
2.25
2
-0.75
-0.75
-3.25
-3.25
1
-0.25
-1.75
-0.75
0.25
-1.25
-2
-0.75
-5.5
0
2.25
0.5
1.25
2.5
-0.5
-1
2.5
-0.25
-0.25
0
0.75
0.5
0
-1.25
-0.25
-0.5
-2
1.75
-1.25
1.25
-2.25
3.5
-3.25
3.5
2.5
-1
0.5
1.75
0.25
2.5
-3
-0.25
1.5
-0.75
0
-0.25
-1.25
-0.75
0
0.25
0.25
0.25
-1
1.5
0.75
0
0.5
-7
0.25
-0.25
0.5
-1.5
-1
0.5
2
0.25
-1.75
-0.25
-1.5
0.25
0.25
0.5
-1
0.75
2.25
0
-0.25
0
0.25
0
0
0
-0.25
-0.25
0.25
0.25
0.75
-0.5
1
1.5
-0.75
-0.25
1.75
1.25
1
-0.5
1.75
-1
0.25
0
-1.5
5
-2.5
0.75
-1.75
-1.5
-0.75
0.25
-0.25
0.25
0.5
0.25
0.25
0.25
-0.25
2.5
-1
-0.5
-1
-2.75
1.5
-0.25
0
-1.5
0.25
0
0.75
-2
0.5
0.5
-0.5
0.25
-0.25
-0.25
0
0.25
-0.25
0
-0.5
0
-1
0.5
-1
0
0
-0.25
0.75
0.25
-3.5
0.75
0
0.25
0.5
-0.5
0.75
-0.25
0.75
-0.5
1.25
0.5
0.5
0
0.25
1.75
-1.25
-6.75
-1.5
-0.75
1
-2.25
3.25
0.75
-1
0.25
-0.5
0.5
1.25
-0.75
-1.75
0.75
-0.5
-1
13.25
-1.25
0.25
-1
-0.25
0.5
9
0.25
2.5
-0.75
-0.5
-0.25
0.5
-0.75
-4.75
0.25
0.75
1.75
-0.75
0.75
1.5
0
-0.5
1
-0.5
0
-0.25
0.25
-0.25
5.25
-0.5
0.25
0
-1.75
0
0.5
-1.75
-0.25
0.25
0
0
0.25
0
-0.5
0
1
0
-0.25
-0.25
0
-0.25
1.25
-0.75
-1.75
10.5
-0.5
2
-0.5
0
-1
0.75
0
-1.5
-1.25
2.25
0.5
-1
1
-2.75
-2
1
0.75
0
1.5
0.75
-1.25
-0.75
0.5
-1
-1.25
-0.5
0
-3.5
0
-0.5
0
-2
0
-0.5
2.25
-1.75
0
0.25
-0.5
0.75
0
0.25
-0.5
-0.5
0.25
-1.25
11.25
0.25
-0.5
-0.25
-0.5
-1.5
-0.75
0.25
0
-0.25
6
1.75
0.25
-1.5
0.25
1.5
-0.5
-0.75
0.5
0.25
0.25
0.25
-1
0
0.25
-1.75
0.75
0.25
1.5
0
-11.25
0.75
0.5
0
1.25
-0.5
-0.25
0.25
0
-0.25
0.75
6.25
0
0.25
0.5
0.5
-0.25
0
0
-0.25
0
-0.25
0
0
0
-0.5
0
-1.25
0
-0.25
0.25
-1
0
0.75
-0.75
0.25
0
0.75
-2.25
1.5
1
-0.75
-0.25
-1.25
0
-1.25
0.75
-3.25
0
0.5
0.5
0.25
-0.75
0
-0.25
0.25
0
0.5
2
-2.25
0.25
1
-2.75
1.25
-0.5
0
-0.75
1
6
-0.75
-1.25
1
2
0.75
0.25
0.75
0
-0.25
0.25
0.5
-0.25
0
0.5
-0.75
-1
-4.25
-0.25
0
0.25
-0.75
-0.75
-1.25
1.5
-3.25
-0.75
-1.5
-0.25
1.75
-2
1
-0.5
1.5
1
-2
2
1.75
0.75
-0.25
1.75
0.75
0.25
-1
0.25
-1
-1.75
-1.25
0.25
1.25
0.5
1
1
-2.75
0.25
0.75
-0.25
8.5
-1
0
-1.5
0
2.25
6
0
1.25
1
-0.25
0.25
0
2.75
0.5
3.75
1.5
0.75
5.75
1.75
-0.25
-0.75
-5.75
-1.75
-1
0.5
0.25
-1.75
2.25
3
-0.25
-0.5
0.25
0
0.25
-0.5
0
0
0.25
0
-0.25
0.25
-0.25
-0.25
0
0.75
-0.25
0
-0.25
0
-0.25
0.5
-0.25
-1.25
12
-0.5
1.25
-0.25
0
-0.75
0.25
0
-0.5
-0.5
2.25
0.75
-0.25
-0.25
-2.75
-1.5
1.25
0.75
0
1.25
0.5
0
-0.25
0.25
-0.75
-0.5
-0.5
-1
-2.75
0.25
-0.25
-0.25
-0.5
0
-0.25
1.75
-1.75
0
0.25
0.25
0.5
0.5
-0.25
-1
0.25
0
-2
8.25
0
-0.25
0
-1.25
-0.25
-1
0
0.5
0.75
5.25
1.25
-1
-2.75
0.25
0.5
-0.75
0
0.5
0.25
0.25
0
-0.25
0.25
0.75
-1
0.25
0.25
0.5
0.25
-13
-0.25
-0.25
-0.5
-0.25
-0.25
-0.75
0
0.25
0.5
0.75
4.5
1
0.25
-0.5
0.75
-0.25
0.5
0.5
0
-0.25
-0.25
0.25
0
0.25
-1
0
-0.75
0
-0.25
0
-1
-0.5
0.5
-1.25
-0.75
-0.5
-0.5
-1.75
0
2
-1
-0.75
-1.25
0.5
-1
1.75
-1.25
1.25
0.25
0
0.25
-0.5
0.25
0
0
-0.25
0.5
0.25
-1.25
0.25
1.5
-1
1
-0.25
-0.5
-0.5
1.25
5.25
-0.75
-1.25
1
2.25
0.5
0.25
0.5
0
-0.5
0.25
0
-0.5
-0.25
0
-0.75
0
-5.25
0
-0.25
0.25
0.25
-0.75
-1.25
1.75
-2.5
0
-1.5
-0.5
1.25
-2
1
-0.75
1.25
0.75
-1.5
1.75
1.75
0.5
0
0.5
1
0.25
-1
0.75
-0.75
-2.25
-1.25
0.75
2.75
2.5
1.5
0.5
-2.75
0.25
0.75
-1
7.25
0.5
0
-2.5
0
0.75
8.75
-0.5
2
0.75
-0.5
0.25
0.75
4
0.25
3.25
1
1
5
1.5
-0.75
-0.25
-4.25
-1.5
-0.75
0.25
0
-1.75
1.75
-0.5
0
0.25
-0.25
-1.5
0.25
-0.25
-0.75
0.25
0.25
-0.25
-0.5
-0.25
-0.5
0
0
0.25
0
0
-0.25
-0.25
-0.5
0.25
-0.25
-1
11.25
-0.25
0.5
-0.5
-0.75
-0.25
-0.25
0.5
0
-0.5
2.5
2
-0.25
-0.75
-2.5
0
1
0.25
-0.75
-2
0.25
1
-0.25
0.5
-0.5
-1
-0.75
-2.75
-3
0
-1
0
0
1
-0.25
0
-1.25
-0.25
0.5
1
0
0.25
-0.5
-0.5
0
0.25
-2.25
6.5
0
1.5
-1.25
-0.5
-1
1
1.25
0.5
0.25
3
1
-1
-2.75
0.25
0
-0.5
-0.25
0.25
0
0
0
-0.25
0
1.25
-0.5
-0.25
0.25
0.5
0.5
-10
-0.5
0
-0.75
-0.75
0
-0.25
-0.25
0
0
0.75
3.25
0.75
0.5
-0.25
0.5
-0.75
0.5
0.5
0.25
-0.5
-0.25
0.25
0.25
0.5
-1
0
-0.5
0
0.25
0
-1
-0.75
0.5
-0.75
0
0
-0.75
-1.5
0
1.75
-0.25
-1
-1.5
1.5
-1.25
1.75
0.5
1.5
0.25
-0.25
0
0.25
0
0
0
0
0.5
0
-0.5
0.5
1.5
-0.25
0
0
-0.75
-0.5
1.5
4.75
-1
-1.5
1
2.5
-0.25
0.25
0.25
0.25
0
0
-0.25
0.25
-0.25
0
-0.5
1.25
-5.5
0
0
0.5
0.5
-0.25
-1
1.5
-1
0.75
-1
-0.75
0.5
-1.25
1
0
1.25
1
-1.5
1.25
1.5
0.5
-0.75
-1
-0.25
-0.25
0
0.5
0.25
-1.25
-1
0.5
2
3.75
1.5
-0.5
-2.75
0.25
0.25
-0.5
9.75
1
-0.25
-2
0.5
-1.5
8.25
-0.75
2
0.5
-1
-0.25
1
4
-0.5
3
1
1.25
3.5
0.25
-0.5
0
-3.5
-1
-0.75
0.25
-0.5
-1
1
-2
0.75
-0.25
-0.25
-1.75
0.25
-0.5
-1.5
0.25
0
-0.25
-0.25
-0.5
-0.5
0
0.5
0
0.25
0.25
0
0.25
-0.5
-0.25
-0.25
0.25
7.5
-0.25
0.25
-0.5
-0.25
0.75
-1
-0.25
0
-0.25
3
1.75
0
-1
-2
2
0.5
-0.5
-2
-4.25
1
1.5
-1
-0.25
-0.25
-1
-2
-4.25
-3.5
0.25
0
0.5
0.75
1.5
-0.75
-0.75
-0.5
-0.5
0.25
1.25
0.5
0
-0.5
-0.25
0
0.25
-3.25
6.5
0.75
2.25
-2.25
0.75
-1.75
1
1.75
1
-1
2.5
2
0
-2.5
0
0.25
-0.25
0.5
0
-0.5
0
-0.5
0
0
0.25
0
-0.5
1.25
1.75
1.25
-5.75
-1.25
0.5
-0.5
-0.75
1
0.75
-0.25
-0.25
-0.75
0.25
0.25
0.75
0.25
0.5
0.5
-0.25
1
0
0.25
-0.5
0
0.25
0.25
0.25
-0.5
-0.25
-0.5
0
0
0
-0.75
-0.5
-0.25
-0.5
-0.25
0
-1.5
-1.75
0
1.25
-0.25
-1.75
-1.5
3.75
-1.75
1.25
1.25
0.75
0
0
-0.25
0.25
0.5
0.25
-0.75
0.25
0.5
1
0
0.25
0.25
0.25
0
-0.75
-1
-1
0.5
3.75
-0.75
-2
0.5
2.25
-1.25
0.5
0
0
-0.25
0
-0.25
0
-0.5
-0.75
0
2.5
-3.25
-0.25
-0.25
-0.75
1.25
0.75
-1.75
1
-0.25
0.25
0.25
-0.75
0
-0.5
1
0.25
1.25
0.75
-1
0.75
1.5
0.75
-0.5
-3.25
-0.5
-0.25
0.5
0
1
0.25
-1
0
0.25
2.5
1
-1
-2.25
1
0
-1
11.5
1.5
-0.25
-1.25
0.75
-0.75
6
-0.5
2.5
-0.25
-0.5
-0.5
1
2.75
-2
1.5
1.5
2
1.5
0.25
-0.25
-0.5
-2
0
-0.25
0.5
-0.5
-0.5
0.25
0.25
0
0.25
0
-2.5
0.5
0.5
-2.25
0.25
0
0
-0.25
-0.25
-0.25
0.25
0.25
0.25
0.25
0
0
0.25
0
-0.5
-0.25
1.5
8.25
-0.25
0
-0.25
1
1
-1.25
-1
-0.25
0.5
2.75
1
1.5
-1.25
-0.25
3.25
-0.5
-0.75
-2.5
-4.75
0.75
0.25
-1.25
-1.5
1
0
-2.75
-4.75
-7
-0.25
1
1.5
1.75
1.75
-1.25
-2.25
1.5
-1
0
1.25
1.25
-0.25
-0.25
-1
0.25
0
-3.75
4.25
0.5
3.25
-2.5
2
-3.25
2
2.5
1.75
-1.5
2.5
3
1.25
-2.25
0
1
-0.25
0.75
-0.25
-0.75
-0.25
-0.25
0.5
0
0
0
0
1
1.25
1
-4.5
-0.5
2
0.25
0.25
1
3
0.25
-0.75
-2.75
0.25
-1.25
0.25
0.25
0.5
0
-0.25
1.75
-0.25
0
0
-0.25
0
0.25
0.25
-0.25
0
-0.25
0
0.25
-0.25
0.25
1.5
-1.25
-0.25
0
0.5
-1
-1.25
1
-0.5
-0.5
-3
-1.25
4.75
-1.25
0.75
1.25
0
-0.75
0
-0.25
0.5
0.5
0.25
-0.5
0.25
0
2.75
0
-0.25
0.25
-0.25
0.5
-1
-1.25
-1.75
-0.75
3
0
-2
0.5
1
-1.25
0
0.25
-0.25
-0.25
0
-0.25
0.25
-0.25
-0.25
0.25
2
-1.5
-0.75
-0.5
-1.75
1.5
0.5
-2
1.25
-0.75
0
0.5
-0.5
-0.25
0.25
0.75
0
1
0.5
-0.25
0.5
0.75
1.5
-1
-4.25
-1.5
-0.25
0.25
-0.75
2.5
1
-1.25
0
-0.5
1
1.5
-0.75
-2.75
1.5
-0.25
-0.75
15
0.5
-0.25
-1.25
0.25
0
4.75
-0.25
2.25
-1
-0.5
-1
1
1.25
-4
0
1.5
2.5
0.5
1
0.5
-0.25
-0.5
0.75
0
0.5
0
-0.25
0.25
3.75
-1
0.25
0.5
-2.75
0
0.75
-2.5
0.25
0
0
-0.25
-0.25
-0.25
0.25
0.25
0.25
0.5
-0.25
-0.25
0
0.75
0
-0.25
2.25
10.5
-0.25
-0.25
0
2
1.25
-1.25
-0.5
-0.25
-0.75
3.5
0.75
2.5
-1
0.5
3.25
-1
-1
-3
-4.25
1
-0.25
-1.75
-1.5
2
0.75
-3
-2
-7.75
-0.75
2.5
3
1.5
2.25
-1.75
-2.25
3.75
-1.5
0.25
0.75
1.25
-0.75
0
-0.5
0.25
0
-2
6
-1
3.5
-2.5
3
-3.75
3.25
3.75
1.5
-1.5
4.75
3
2
-1.5
-0.25
1.25
-0.25
0.5
0.25
-0.75
-0.25
0.25
0.25
0
0
-0.25
0.25
0
0.25
0
-6.75
0.25
2.75
0
-0.25
0
3.75
1
-0.25
-4.25
-0.25
0
1
-0.25
0
-0.25
0
2.25
-0.25
-0.25
0
0.25
0
0
0
-0.25
-0.25
0.75
0.75
1
-1
2
2
-1
1.25
1.25
2
2
1.75
3.25
-3.75
0.5
-2.25
-0.5
4.25
-2.25
-0.5
0.75
-0.75
-0.5
0.5
-0.25
0.5
0.5
0
0
0.25
0
3.5
-0.25
-0.25
1
-1
1
-1.5
-1.5
-2
-1.25
3
0.75
-2.5
0.75
1
-1.25
-0.25
0
-0.5
0
0.25
-0.25
0.25
-0.25
-0.25
0
1.5
-4
-1
-0.5
-1.5
1.5
0.25
0.75
0.75
-0.75
-0.5
0.5
0.25
0.25
0.5
1
0
1
0.5
0.25
0.5
0
0.75
-1.25
-2.75
-2.5
0.25
1.25
-2.5
3.25
1
-0.75
-0.25
-0.5
0.75
1.25
-1.5
-2.75
1.5
-1.25
0.75
16
-0.75
0.5
0.25
0
1.25
7
-1
2.75
-1.5
-0.5
-0.75
0.5
-0.25
-4.75
1.25
-0.5
1.75
-0.25
0.25
2
-0.25
0
0.75
0
0.75
-0.5
-0.25
0
7.5
-1.25
1
1.25
-3
0.5
0.5
-2
