-0.25
0.25
-0.25
0.25
0.25
0.5
0.5
-0.5
0.5
-0.5
-0.75
0
-0.5
-1
0.75
-0.75
1
24
1.75
-1.5
1
0.25
2.5
-0.5
0.5
1.75
-9
19.5
3
-1.75
-1.25
-9
0
0.75
-3.25
-1.75
-4.75
2
5.25
-1.5
0
0.75
0.75
0
-1.25
-8.5
-2.75
2
1.75
-0.25
0.75
-0.75
-2
0.5
-0.5
1.25
1.75
0.25
0.75
2.25
-0.5
1.25
-0.25
-7.75
15
2
-0.75
-1.5
-4.25
1.75
-2.5
-0.75
0.5
0.75
22.75
8.5
-1.75
-2.25
1.25
0.75
-3.25
0.25
1.5
-0.5
1
1.75
-1.25
-0.25
1.5
0.5
-0.5
1.5
0
0.75
-30.25
-2.25
1.5
-1
-1.25
1
3.25
2.75
-1
-2.5
0.5
21.75
-0.5
1
0
0.75
-0.25
1.25
0.25
0.25
-0.5
-0.5
0.25
0.75
0.25
-2.75
-0.25
0.25
0
0.25
-0.75
0
1.25
-0.25
2.75
1
4.5
0.75
1.25
4
-2.5
1.25
-3.5
-0.25
2.25
-1.75
-1.25
2
-0.25
1
0
0.25
-0.75
-0.25
-0.5
0
0.25
0.25
4.5
-2
0.5
0.75
1
1.25
3.75
1
-1.25
-1.75
14.5
-0.75
-1.75
0.5
2.75
1
-0.25
-0.25
0.25
0.25
-0.5
0.25
0.5
0.5
-2
-1
1
-16.25
-2.5
0.75
-0.5
2
-1
23
-0.25
-0.75
0
1
-1.5
-1.75
-2
2.5
0.75
3.25
3.25
-2.75
3
2.25
-0.5
0.25
4.25
-0.75
-1
-1
1.25
-1
-0.75
-2.5
1.5
-1.25
2.5
-0.25
-1.25
-4.75
0.5
-1
-0.5
12.5
2
1.5
-1.75
0.25
-4
24.75
0.75
3
-1.75
-2.5
0
1.25
3
-1.25
4.25
-0.25
1
5.75
0
3.5
0.25
-1.25
0
-0.5
1
-1
0.75
0
3.75
0.75
0.75
1.25
-2.5
0.25
1.5
-0.75
-0.25
0
-0.25
0.25
0
0.5
0.25
-0.5
0.25
-0.5
-0.25
0.5
0
-1
0.25
-0.25
0
24
0.25
-0.25
2
1.5
2
0
0
1
-10
20.5
3.25
-1.5
-1.75
-10
-0.25
0.5
-3
-0.75
-7.25
2
4
-0.25
0.75
-0.5
0.5
1.5
0.5
-7
-2.5
0.25
2
-1
0.5
-1.25
-1.75
0.25
-0.25
1.25
2.25
-0.25
-0.25
2.5
0.5
1.75
-0.5
-7.5
16.5
2.75
0.25
-3
-3.5
1.25
-2.25
0
-0.25
0.25
18.75
6
-1.5
-1.5
1
1.5
-3
0.25
2.25
-0.5
2
2.75
-1.75
-0.25
1.25
0
0.5
0.5
-2.25
0.25
-28.75
-1.25
2.25
-1.5
-0.5
1
3.25
3.5
-1.5
-2
0
20.25
-1
0.25
0
-0.75
-0.25
0.5
0
0.25
-0.25
-0.5
0
0
0.75
-2.25
0
-0.5
0
0.25
-0.25
-0.75
1.5
0.5
3.75
2.5
6
0.5
1.25
4.5
-2.25
2.75
-3.25
-0.75
0.5
-2.25
-1.25
3
0.25
1
0
0.5
-1.5
0.25
-0.5
-0.25
0.25
0.75
7.5
-1.75
0.25
0
-1.25
1.5
2.25
2
-1
-2.75
14.25
-1
-1
0.75
2
-1
0
0
0
0
0
-0.25
0.5
0.25
-2
-1.5
1.5
-15.75
-1.75
0.5
0.25
1.75
-1.5
28
-0.75
0
0.75
1
-1.75
-0.75
-2.5
3
1.75
3.5
3.75
-2.75
3.25
1.75
-0.75
0
5.75
-1.25
-0.5
-1.75
0.5
-1.75
1
-2.25
0.5
-3
-1
-0.25
-1
-5.25
0
-0.5
-0.5
17.5
0.75
1
-1.25
0.75
-1
28.75
0.75
1.25
0
0
-1
0.25
4.5
-0.75
5.75
-0.5
0.75
6
-2
2.5
1
-4.25
-0.5
-0.25
1.25
-2.25
0.25
0.75
4.5
1
0.75
0
-2.5
-1
0.75
-1.5
-0.5
0.25
0.5
0
0
0
0
-0.25
0
-0.5
-0.25
1
0.5
-0.75
-0.75
0.25
-1.25
24.5
-2
0.5
1.75
2
0.5
0.75
-0.25
0.25
-11.5
20.5
3.5
-1.5
-0.25
-10.5
-1.75
0.75
-2.25
-1.25
-9.75
2.25
1.75
0
1
0
1.75
1.5
1.25
-5
-1.5
-1.5
0.25
-3.25
-0.25
-1
-0.25
0.25
0.75
0.5
0.5
-0.75
-0.75
1.25
1
0.75
-0.5
-4.75
14
2.25
1.5
-2.75
-3.75
0.75
-3
0.75
-1.5
-0.5
19
5.5
-1
-0.25
1.75
1.75
-2.25
1
2
0.5
2.5
2.75
-1.75
0
1
0.5
1
-0.25
-1.5
-0.25
-26.25
-0.5
1.25
-1.75
-0.75
-0.5
0.75
2.75
-0.75
-0.25
0
23.25
-1.5
0.75
0.75
-1
-1
-0.75
0
-0.5
0.5
-0.25
-0.25
-0.5
0.5
-0.5
0.5
-2
-0.75
-0.5
0.25
-0.75
1.25
0.25
5.25
4.25
6.25
0.75
1.5
4
-2
4
-2
-1.25
-1
-1.75
-1
2.5
0.5
1
0
0.25
-1.5
0.75
0
-0.75
0
0.75
11.5
0
0
-1
-3.25
1
-0.5
1
-0.5
-3
14.5
-1
-0.75
-0.5
0.25
-2.25
-0.5
0.25
-0.5
-0.5
0
-0.25
0
0
-1.25
-1.75
0.5
-20.25
-0.75
-0.5
1
0
-1.5
27.25
-1
1
1.5
1
-2.75
0
-3
3.5
3
3
3
-2.5
3.5
1.5
0.5
1.5
9
-1
1.25
-2.75
0.5
-3.5
0.5
-2.25
0.5
-2.75
-1.5
0
-0.75
-2.75
-0.75
0.25
1
21.75
-0.25
0
-2
0
1.25
31.75
1
1.25
2.25
2.25
-2
-1
4.75
1
6.75
0.25
-0.75
6.5
-3
0.75
1.75
-5.75
-0.25
-0.5
1
-1.75
0
0.25
6.5
1.25
0.25
0
-2
-1.25
1
-1.25
0
0
0
-0.5
-0.5
0
0.75
0
0
-0.25
-0.25
0.75
0
-0.5
-1
0
-1.75
23.25
-2.25
0.25
0.5
0.5
-1.25
0.5
-0.75
0.5
-9.75
18.25
2.75
-0.75
1
-9
-2
0.5
-0.75
-0.75
-11.75
2.25
-1
-0.25
1
0.75
2
1
0.5
-1
-2
-2.25
-1.25
-3.5
-0.25
-1.25
1.75
1
0.25
0.25
-1
-0.75
0.5
0
0.5
-0.25
0
-2.25
13
0.75
0.25
-0.25
-2.75
0
-3.75
1
-1.5
-1
22.25
4.75
-1.5
1.75
2.5
1
-3
1.75
2.5
1.25
3.5
2.5
-0.75
0.25
0.25
0.75
-0.25
-0.5
0.75
-0.5
-24.75
0
-1
-1.5
-1.75
-1.25
-1.25
1.75
-1
-0.5
-0.25
24.5
-2
1.25
0.5
-0.5
-1.75
-0.5
0
-0.25
-0.25
-0.5
0.5
0
0.25
0
0.25
-2.25
-0.75
-0.5
0.25
0.5
2.25
-1.25
5.5
4.25
4.75
2
2
3
-1.75
4
1
-1.5
-0.75
-0.25
-0.25
0.5
1.25
0.75
0
-0.25
-0.25
0.25
0
0.25
-0.75
0.75
13.75
0.5
-1.25
-1.75
-4.75
0.75
-2.75
-0.25
-0.5
-3
12.25
0.75
0.5
-2
-3.5
-3
-0.75
0
-0.5
0
0
-0.25
-0.25
-0.25
-0.5
-0.5
-0.25
-24.25
0.75
-1.25
1
-1.25
-0.5
22
-0.75
1.75
1.25
0.5
-2.5
0
-3
3
3.5
2
1.75
-2.5
3.25
2
1.5
3.25
10
-0.25
2
-3
1.75
-5.25
0.25
-3
0
-1
0
0.5
-0.75
-0.5
-2
1
2.5
20.25
-0.5
0.25
-2.25
-2.75
2.25
31.75
0.5
0.5
2.5
1.5
-1
-1.5
3.75
1.5
7
0.75
-2.25
5.75
-1.5
-0.5
1.25
-6.25
0.5
-1.5
0.75
-1.25
0.25
-1.25
7
1
0
1.5
-0.5
-0.25
1
0.5
0
0.75
0
-0.25
0.25
0
0.75
-0.25
-0.25
0.25
-0.25
0.5
-0.25
-0.5
-0.75
0.25
-1
22
-1.25
0.5
0
-0.5
-1.75
0
0.25
0.25
-7.75
19.75
2
-0.25
2.5
-8.5
-0.25
0
-1.25
-0.25
-13
2.75
-0.5
0.25
1.75
-0.5
0.75
0
2.75
5
-3.25
-1
-1.25
-4
-2
-1
3.75
1.75
-0.5
0
0
-0.75
2.5
0.75
-1
0.25
0
-2.5
17
-0.25
-1
0.75
-1.75
-0.25
-5.25
1.75
0.25
-1.75
23.75
3.75
-2
4
2.75
-1
-4.75
2.25
2.75
1.75
5
2.75
-0.5
1
-0.5
1.25
-0.5
1
2
0.25
-25.75
-0.25
-3.75
-1
-4.5
-0.5
-1.25
1
-1
-1.25
-0.25
23.5
-3
1
-0.25
0
-2
1.25
-0.25
0
-0.25
-0.5
-0.5
-0.25
0
-0.25
-0.5
-0.75
0
-0.5
-0.5
2
3
-2
4.5
4
4.5
2.5
2.25
3.25
-2.75
3
2.75
-1.25
0
0.25
0
-1.75
1.75
0.25
-0.5
-0.25
1.25
0
0.75
0.75
0
0.5
12.75
-0.75
-2.75
-0.5
-7
0.75
-2.5
-1
-0.75
-2.75
7.5
2.75
0.5
-2.25
-6
-2
-0.5
0
-0.5
0.25
0
-0.5
-0.25
0
-0.25
1
-0.75
-24
1.5
-1.25
0
-1.5
0
21.25
-0.75
2.5
1
0.5
-1
0
-3
2.75
2.5
1.25
0.5
-2.25
3
1.75
1.75
4.25
12
0.5
1
-2.25
1.5
-6.75
1.25
-1.5
-0.75
-1.25
1.5
0.25
0
0
-2.5
1.25
2
19.25
-0.75
1.75
-2.25
-4.75
0.5
29.25
-0.25
-0.75
1
0
0.25
-0.25
3.75
2
10
0.5
-3.75
6.5
-2.5
-0.5
0
-11.25
0
-3
1
-2.75
1.25
-2.5
5.5
0.25
0
0.75
1
-0.75
-0.25
1.25
-0.25
0.5
0
-0.25
0
-0.25
0.25
-0.25
0
0.75
0
0.5
0
-0.75
-0.5
0
-0.25
21.5
-0.5
0.5
0
-1.25
-1.25
0
1
0.25
-8.75
23.25
1
-0.25
3.75
-7
0.25
-0.25
-0.75
-0.25
-12
3
0.25
-0.25
1
-0.75
0.25
-1.25
5
6.5
-2.25
-0.25
-1
-5.75
-3
-1
6
1.5
-0.75
-0.5
1.25
0.25
2.75
1
-1.5
0.5
0.25
-2
18.5
-0.75
-2
1.25
0
0.25
-4.25
0.75
0.25
-2.75
22
4
-1.75
5.5
3
-2.5
-3.5
1.75
1.5
1
4
1.25
-0.25
1
-1
0.5
0.5
2.25
2.5
0.75
-22
-0.5
-3.75
0.25
-7
0.25
-0.5
2.25
-0.5
-1.25
0
23.75
-4.75
0.25
0.25
0
-0.75
0.75
-0.25
0
0
0
-0.75
-0.25
0
0
-0.5
0.5
1.25
-0.25
-0.75
3.5
2.25
-1.25
4
4.5
4.5
2.5
2
4
-2.25
2.5
3
-0.5
0.5
-0.75
0
-2.25
0.5
0
-0.25
-0.25
1
0
0.75
1
0
0
10.75
-1.75
-4.75
0
-9
1.75
-1
-0.5
0
-2.75
4.25
2.75
1.25
-1.25
-5.25
-1.25
-0.25
-0.25
0
0.25
0
-0.25
0.25
0
0
1.25
-1.5
-23.75
-0.25
-1.75
0
-1
-0.25
22.75
-0.25
2
1.75
0.25
0
1
-2.25
2
1
1
0.25
-1.5
2.5
1.25
1.25
4
11.5
0.5
1.25
-2.25
0.75
-6.5
0.75
-0.75
-0.25
-1.25
1.5
0.5
0.5
-0.25
-2
1.25
1.75
21
-0.75
1.5
-2.25
-4.5
-0.75
22.75
0
-0.25
-0.5
0.5
1.5
0.5
2.5
3.25
12.75
0.25
-4.25
7.5
-4.75
0.75
-0.5
-14
-0.5
-2.5
0.5
-3
1.5
-2.25
6
-0.25
0.75
0.5
1.25
0
-1.5
1
-0.25
0
-0.25
0.25
-0.25
0.25
0.5
-0.25
0
-1.25
0
0.5
-0.25
-1
0.5
-0.25
-1.5
12.75
-0.5
0.25
2
-1
0.5
0.75
0.25
0.25
-7.5
15.75
2.5
-1.5
-1.75
-8.75
-2.5
2
-3.25
0.5
1.75
-1
4.5
0.25
1.25
0
0.5
0.25
4.25
-2.25
-2.25
2
2.5
2.25
0.5
-1.25
-3.5
0.5
-0.25
1.5
2
-0.25
-2
4.5
2
1.25
-1
-7.75
13.25
1.5
-1.25
-0.75
-3.25
2
-5.25
-1.5
0.75
-0.75
15.5
4
-0.75
-3.5
-0.75
1.75
-4.5
-0.25
0.25
-1.25
1
0.5
-1
-0.5
0.25
-0.25
-1
0.75
-1.75
0
-27.25
-1
0
-1.75
-1.5
0
0.75
1.75
-0.5
-1
0
19.25
-2.5
0
-1.5
-1.75
-0.5
0.75
0
0.5
-0.25
-0.75
0.25
0.25
-0.25
-2.75
0
-0.25
0.5
0.25
0
-0.5
-0.25
0.75
2.25
2.5
4.5
2
0.25
4.75
-3
2
-1.25
-0.75
-0.75
-1.5
0.75
2
2.75
2.25
0
0.25
-2.25
0
-0.25
0.25
0
0.5
5.25
-1.5
1.5
-2
-1.25
-0.25
2.25
1.75
-2.25
-1.5
8.5
0.75
-2.25
0
1.25
-1.25
-0.25
0
0.25
0
-0.5
0.5
0
0.75
-1.75
-0.25
1
-10.25
-2
0.25
-0.25
2.25
-1.5
19.75
-0.5
0.5
1.75
2
-1.5
0.25
-3.5
3.25
2.25
5
3.75
-3.25
3.25
3.5
-0.25
0
4
0
-0.5
-0.25
0.5
-0.25
1.5
0.5
-0.5
-2.25
-1
-2
-1
-5.25
0.25
-0.25
-0.5
10
1.5
2.5
-1
-0.5
0
16
-0.5
-1
-0.25
-1.25
0.5
1.25
6.25
0
4.5
-1.25
1.75
6.5
-2
1.75
0.5
-5.5
-0.5
-0.75
0.75
-3
0
1.25
3.25
2
0.25
0.25
-0.75
-0.5
0.25
1.75
-1
0
0.5
0.5
0.25
0.25
-0.25
-0.5
0.25
-0.75
0
0.75
0.25
-1.5
0
0
-1.5
9.25
-1
0.75
0.75
-0.25
0.25
1.5
1.5
-0.5
-6.75
14.5
4
-3.25
-0.5
-9.5
-3.75
2.75
-3
1
1.25
-0.25
3.5
1.25
1.75
0.75
1.25
0.5
6.25
-0.5
-1.75
1.25
2.25
0.25
-1
-1.5
-3.75
0.25
-0.25
1.75
1
0
-0.75
3.75
1.75
0.25
-1.5
-6
14.75
2
-0.5
-0.75
-3.25
1.5
-5.75
0
0.75
-2
13
3.5
0.25
-1.5
-0.25
2.25
-3.5
0.75
0.25
-1
1.25
0.75
-0.75
-0.25
0.5
-0.25
-0.25
0
-2.25
-0.75
-25
0
-1.5
-2.25
-1.75
-1.5
0.5
1.75
0
-1
1
15.75
-4.75
0.5
-1.5
-2.25
-1.25
-1.25
0
0
0
-0.75
0.25
-0.25
-0.25
-1.75
0.5
-1.5
-0.5
-0.25
0.5
-0.75
1.25
0.75
2.75
4.25
5.5
2.5
0.75
4.75
-2.75
3.5
0.25
-1
-2.25
-1
1.25
1.5
3
1.75
0
-0.25
-2.25
0.25
-0.25
-0.25
0
1.25
8.75
-1
0.75
-3.25
-3.75
0.5
0.25
1.5
-1.25
-1
5.5
1.25
-1.75
1
0.25
-1.5
-0.5
0.25
0
0
-0.5
0.5
0
0.25
-2
-1.25
1
-9.25
-0.75
-0.5
0.75
1.25
-1
17.25
-1
1.25
1.75
1.75
-1.25
0.25
-4.25
4
3.75
5.25
4.25
-3.25
3.25
3
0.25
1
4.5
0.25
0.25
-0.75
0
-2.25
2
0
-0.75
-3.5
-1.75
-1.5
-0.25
-3.5
-0.25
0.5
-0.25
10.25
0.5
1.25
-1.5
0
1.25
12.75
0.5
-1
1.5
0
-1.25
0.75
6.25
2.5
7
-0.5
-0.25
6.75
-3.75
1.5
0.75
-8.75
0.25
-1.5
1.5
-3
0
0.75
5
1.5
-0.75
-0.5
0.75
-1.5
0
1.25
-0.75
0.25
0.25
0.5
0.5
-0.25
0
-0.25
0
0
0
0.75
1
-1.5
-0.25
0.25
-1.75
5.5
-2
1.25
0.25
0.25
-0.25
1.25
2.5
-1.25
-6.75
12.75
3.75
-4.25
1.25
-10.25
-4
2.75
-1.5
0.75
0
1.25
1.75
0.75
1.5
1.25
2.5
0.25
6.5
1.25
-1
-0.5
0.75
-1.5
-1.5
-1.5
-1.5
-0.5
0.25
1.75
0
-0.5
0.75
1.25
1.25
0.25
-0.75
-2.75
16.25
1.75
-0.25
-0.75
-3.75
1.75
-5.5
0.5
0.25
-2.75
15.5
4.25
-0.75
0.25
0.25
2.25
-2.5
1.75
0
0.5
2.25
0.75
-0.25
0.25
-0.75
0
0.5
-0.5
-1.5
-1.75
-24.75
-0.25
-3
-2
0.5
-2
0
1
0
-0.5
1
16.5
-6
1.25
-0.75
-1
-2
-2.25
0
0
0.25
0
0.5
-0.5
0
-0.75
0
-2
-0.75
-0.25
0.25
-0.75
1
0.25
3
4.5
4.25
2
0.5
3.5
-2
3.75
2.75
-1.25
-3.25
0.5
1
0.25
3
0.5
-0.5
0
-2.5
0
0
-0.5
-0.5
1.25
12
-0.75
-1.25
-5.75
-6.75
1.25
-2.75
1
-1.5
-0.5
2.5
1.25
-1.75
1
-1.25
-1.5
-0.5
0.75
-0.5
-0.5
-0.25
0.5
-0.5
-0.25
-1.5
-1.75
0.5
-7.5
-0.75
-0.75
1
0.5
0.25
14
-0.75
2.75
2.25
1.25
-1.75
-0.25
-4.25
4.25
5.5
4.5
3.25
-3
2.5
2.5
1.75
2.5
6.75
1
1
-2
1
-4.25
0.75
-0.75
-0.5
-2.5
-0.75
-0.5
0
-1.25
-0.75
1.25
1
5.75
-0.25
0.5
-2.5
-0.75
2
13.25
0
0.5
2.75
1.75
-2
0
6.25
3.75
9
0.5
-1
7
-3.75
0.75
1
-10.25
1
-1
1
-3.25
1
-0.5
8.5
0.75
-0.25
0
0.75
-0.5
0
0
-0.25
0.75
-0.25
-0.25
0.25
0
0.5
-0.25
0
-0.25
0
0.5
0.75
-0.5
-0.25
0.5
-1.25
4
-2.25
1.5
0.25
0
-1.25
0.25
2.5
-1
-6.25
11.75
2.25
-4
3
-10
-3.25
1.75
0
0
-1.5
2.5
0.25
0
1
0.5
2.25
-1.25
5.75
4.5
-1.5
-0.5
-1.25
-1.5
-1.5
-0.75
1.25
-0.75
0.75
0.25
-0.25
-0.5
3
0.25
-0.75
0.75
-0.75
-2.25
17.5
0.5
0
0
-3
2.25
-5.75
1
-0.75
-2.75
19.5
4.5
-1.75
0.25
-0.25
1.5
-2.25
2.25
0.5
1
2.5
0.75
0
0.5
-0.75
-0.25
0.5
-0.25
0.25
-1.5
-21.25
-0.25
-3.25
-0.75
2
-1.75
-0.25
0.25
-0.5
-0.75
0.5
17.25
-6.25
1.75
0
0.5
-1.25
-1
0
-0.25
0.25
0.25
0.25
-0.25
0
-1
0.25
-1.5
-0.5
-1
0.25
-0.75
0.5
-0.5
2.75
4.5
4.5
1.75
0.5
4.5
-1
2.75
4.25
-1.5
-2
1.25
1.25
-0.5
2.75
0
-0.5
0
-2.25
-0.25
0.5
0.25
0
0.5
11.75
-0.25
-2.25
-6.75
-8.5
1.25
-3.75
0.25
-2
-0.75
-0.75
0.75
-1
-0.5
-2
-1.75
-0.5
0.75
-0.75
-0.25
-0.25
-0.25
-0.5
-0.75
-1
-0.75
0
-7
-0.25
0
0
0.25
1
9.5
-0.25
4.25
2.5
0
-1.75
-0.75
-3.75
3
4
2.25
1.5
-2
2
1.75
2.25
3.5
7.5
1.75
0.75
-2.5
2.5
-5.25
0.25
-1.75
0
-1
1
0
0
0.5
-0.5
1.75
0
-1.75
-0.25
0
-2.25
-1.75
1.5
12.75
-0.75
1.25
1.75
2
-1
1
5.25
3.5
10.75
0.5
-0.75
6.75
-3.75
0.25
0.25
-9.5
1.5
-1
0.75
-2.75
1.5
-1.25
7.75
-0.25
0
1
-0.25
0.25
0.75
-0.25
-0.5
1
0.25
0
0
-0.25
0
-0.25
-0.5
0
0
0
0
-0.25
-0.5
0.5
-1
3.5
-1.75
1.75
0.25
0
-2
-0.25
2.5
-1
-7.25
14.75
1.25
-3.25
6
-9.75
-1.75
0.75
-0.25
0.25
-4.25
3.75
1
0.25
1.5
-1.25
1
-2.25
6
7
-2.75
1.5
-1.75
-3.5
-2.25
0
3.75
-0.25
0.5
-2
0.5
0
4.5
1
-2.5
0.75
-0.25
-3
20.5
-1.25
-1
1.5
-2
1.75
-6
1.5
-1
-4
23.25
3.5
-1
1
-0.5
0.5
-1.75
1.5
0.5
0.5
1.75
1
-0.25
0.25
-1.5
1.5
2
0.25
1.5
-0.5
-19.75
0.25
-3.5
0.5
0.5
-1
0.5
0.25
0
-2
1.25
13.5
-7
2
0.25
0
-0.75
0.5
-0.25
-0.25
0.25
-0.25
-0.25
-0.75
-0.25
-0.5
0
-0.5
-0.25
-1
0
-0.25
0
-0.75
3.5
5.25
5.75
2.25
1
7.25
-2.25
2.75
4
-1.5
-0.25
0.75
1.75
-0.75
2.25
-0.25
-0.25
0.25
0
0
0.5
0.25
0.75
0
10
-0.75
-3.25
-6
-9.75
1.25
-2.25
0
-1
-0.25
-2.5
1
0
-1.5
-2.25
-1.25
0
0.5
-0.25
0.25
0
-0.5
0
-0.5
-0.5
-0.75
-0.75
-8.25
0.75
0
-0.25
-0.75
0.75
8
0.25
4
2.5
0.25
-2
-0.5
-3.25
2.5
2
1.5
0.5
-2
2.25
1.25
2.75
4.5
9.25
2.25
1.25
-2.5
3
-6.25
0.75
-1.5
0.25
-0.75
2.25
0.75
0.5
0.75
-1.75
2
-0.25
-2.25
-0.5
0.5
-1
-2.5
-0.75
13
-0.75
1.5
-0.25
1.5
0.25
2.25
3.5
4.5
12.75
0.5
-2.25
6.25
-4.25
-0.25
-0.75
-11.5
0.25
-1.5
1
-3.25
1.75
-1.5
4.75
-0.25
-0.5
0.75
0.25
0.5
0.75
0
-0.5
0.25
0.25
0
-0.25
0
0
0
-0.25
0.5
0
0
-0.25
-0.5
-0.5
0.5
-0.75
5.5
-1.5
1.75
0.25
0.25
-2.25
0.25
2
-0.25
-8
18.25
1
-1.25
5.25
-7.25
0
-0.5
-1
0
-5
3.5
2
0
1.5
-1.5
0.25
-1.5
5.5
6.25
-2.5
1.25
-0.5
-4.5
-1.25
0.25
4.75
-0.5
-0.25
-2.75
0.5
0
4
1
-2.5
0.25
-0.25
-3
18
-1.5
-2.25
1.75
0
1
-3.75
0.5
-1.5
-3.25
20.5
0.75
0
1.75
0
-0.75
-0.5
1
0.25
0
1
1
-0.25
0.25
-1.5
0.75
2.75
1.5
1.5
0.75
-16
-0.25
-3.25
0.75
-3.25
-0.25
0.75
2.25
0.25
-2.25
1.5
11.75
-7.25
1.5
1.25
-0.5
0.25
0
0
-0.25
0.25
0
-0.5
-0.5
0.25
0
0
-1
0.25
-0.5
-0.5
1
-0.5
-0.25
3.5
4.75
5
1.5
0.25
7.5
-1.75
2.75
4
-1
-0.25
0
1.5
-1.75
1.5
-0.75
-0.25
0.5
1
0.25
0.25
0.5
0
0.25
9.25
-1.5
-4.75
-4.25
-11
1.75
-0.5
0.75
0
-0.25
-3.25
1
0.75
-1
-2
0
0
0.25
0
0
0
0
0
-0.25
0
-0.75
-1
-11.5
0
-0.75
1
-0.5
0.25
8
0.25
3.25
2.5
0.25
-0.75
0.25
-2.25
1.75
0.25
1
0.25
-1.25
1.75
0.75
2
4
7.25
2
1.75
-2.75
2.5
-4.5
0.75
-0.75
0.5
-0.75
0.5
0.75
0.25
0
-3.25
2.75
0.5
0.25
-1
0.75
-1
-3.25
-2
12.5
0.25
2.25
-1.25
1
1
2.25
1.5
5
11
1
-2.25
6
-4.5
-0.5
-1
-11.25
-0.5
-0.5
0.75
-2.75
1.25
-0.5
4.5
-0.25
-0.25
0.5
0.75
1
-0.5
0
0
0.5
-0.25
0.25
-0.25
0
-0.5
-0.75
1.5
-4.5
3
0.25
-0.75
-2.5
0.5
-1
-1
9.75
-2
2.25
-1.5
-1.75
-1.75
5.25
1
-1.25
-5
7.25
1.25
0.25
-0.75
-3
-1.75
2.5
-0.75
2
5.25
-3
2.5
1.5
2.5
-0.5
-2.25
-1
8
3.25
-1.75
1.75
3
5
-1
-1.75
-8
5
-1.25
4.25
1
-0.75
-1.5
3.25
2
-0.75
-1.5
-3.75
16.25
-1.25
-1
2
-1.25
1.25
-4.25
1.5
2.25
-2
13.75
3.75
-0.5
-1.5
-2
2
-5.5
-3.75
0.5
-1.25
1.25
1.25
-2.5
-0.25
-0.75
0.75
-1.25
0.25
-1.5
0.25
-21.5
2
-3
-1.75
-1
-2.25
-0.75
0.25
0.75
-1
0
22.75
-8
-1.5
-3.25
-3.5
-0.75
-1.25
-0.25
0.25
-0.5
-0.5
1
0.75
-0.75
-0.25
0
2
0.5
1
-0.5
2.25
6
1.5
0
2.75
4.5
1.25
-1.25
4
-1.75
2.5
7
-1.25
-4.25
-4.25
0.5
-5
-1
5
0.25
0
-6
-0.25
-1
0.25
-0.25
1
12.75
-1.25
1
-9
-7
-0.75
-1.5
3.5
-0.5
1.25
3.5
1.25
-1.75
-1
0.5
-2
-0.5
-0.5
0
0.25
-0.75
0.75
-0.25
-0.25
-0.25
-0.5
0.5
-2.5
-1
-0.5
0.5
3
-2.5
19.5
0
1.5
2.25
3.5
-0.25
1.25
-6.25
4
4
6.75
2.75
-4
4
4.5
-1.75
-2.25
-0.5
1
-1.5
1
-0.5
0.75
2.5
1.75
-1.25
-3.25
1.5
-4
0
-2.75
-1
2.25
0.25
14.25
-0.5
2.25
-1.25
0
2
0.5
0.5
-3.5
-1.25
-3.75
0.75
1.75
7.25
3.75
5.5
-1.5
0
3.25
-2.25
-0.25
0.25
-10.75
-0.75
-0.75
0.5
-1.75
-0.75
1.75
8.75
2
-0.5
0
5
-1.25
-1
4.75
0.25
0.75
-0.25
0.25
0
-0.25
-0.5
-0.75
1
-3.25
2.75
0.25
0.5
-3
0
-0.75
-1.25
9
-2.75
2.75
-0.75
-1
-1.5
4.5
2.75
-2
-4
4.5
2
-1.25
1.25
-3.25
-2
2.5
0.25
1.75
3.25
-1.75
1.75
1.75
3.25
-1
-2
-2
9.5
6.75
-1.5
1
2.25
2.75
-2
-1.5
-5.75
4.75
-1.25
4
0
0
1.25
2
1.25
-0.5
-1
-1.25
22.25
-0.75
-0.25
0.75
-2.25
0.5
-4
2.25
2.5
-2
14
3.75
-0.5
0
-1.75
2.75
-5.5
-2.75
1
-0.25
1.25
1.25
-1.5
-0.25
0.5
-0.75
-0.5
-1.25
-2
-1
-22.75
3.25
-4.25
-1
-0.25
-2.5
0
0.25
0.5
-1.75
1.25
20.5
-8
-0.75
-3.25
-1.75
-1.75
-2.25
-0.25
0.5
-0.75
-0.5
1.75
0.25
-0.75
-0.25
-0.5
2.5
0.5
1
-1.25
2.75
5.75
0.5
0.5
3.5
3.5
1.25
-1.75
3.5
-0.5
2.75
10.25
-1.75
-4
-4.25
0.75
-7.5
-1.5
3.25
0.25
0.25
-6.5
-0.25
-1
0
0
1
11
-0.75
1.5
-9
-8.25
-1
-3.5
2.5
-0.5
0.75
2.5
1
-1
-1
0
-1.75
-0.75
-0.25
0
0.5
-0.75
0.5
0
-0.5
-0.25
-0.5
1
-0.5
-0.5
0
0.75
2
-0.75
14.25
0.25
1.5
0.25
3.25
0.25
0.5
-5.75
4.25
4.75
6
1.75
-2.75
3
3
-0.75
-1
2
1.5
-1.25
0.5
-0.75
-1.75
2
1.25
-1
-3.25
2.5
-3.5
0.25
-1.5
-1.25
3
1.25
10.5
-1
1.75
-1.75
-0.5
2
-2
0.5
-1.25
-1
-1.75
0.5
1.5
6.75
4.5
8.75
-0.25
-0.25
3.5
-2.5
0
-0.25
-11.25
-0.5
-1.25
0.75
-1.25
0
1
9.75
0.75
-0.5
-0.25
4.25
-1.5
0
3
0.25
0.5
-0.25
0.25
0.25
0
-0.25
-0.5
0.75
-1.75
1.5
0
1.5
-2
0
-0.25
-1.5
6.75
-2.75
3
-0.75
-0.75
-1.5
3
4
-1.75
-2.5
2.25
1.25
-2.5
2.5
-3.25
-1.5
1.75
0.75
0.75
1.75
0.25
1.75
1
3
-1.5
-2
-1.75
9.5
8
-1.25
0.75
0.75
1.5
-2.25
-1.25
-3
4.25
-1
2.75
-0.25
0.5
3.5
1.25
0.5
0
-0.5
0
23.25
-0.5
0.75
0
-2.75
0.5
-3.75
1.5
0.75
-2.25
13.25
3.75
0.25
0
-2
2.5
-4.75
-2
1.25
0.25
1.75
1
-1.75
-0.5
0
-1
0.75
-1.5
-0.75
-1.25
-20
2.5
-2.75
-0.5
1
-1.5
0.75
-0.5
0
-1.75
1.5
15.75
-5.75
-0.75
-1.5
-0.25
-1.75
-1.75
-0.25
0.5
-0.25
-0.25
1.75
-0.25
-0.5
-0.75
-0.25
2.5
0
-0.25
-0.75
2
3.5
-0.5
1.25
4.25
3
1.5
-2.25
4.5
0.5
3.25
10.75
-1.75
-2.75
-3.5
0.5
-7.5
-1.5
1.75
0.25
0.25
-5.75
-0.25
-0.5
-0.25
0.25
0.5
8.5
0
0.75
-8.75
-9.75
-0.5
-5
1.25
-0.75
0
0.5
1
-0.75
-0.75
-0.75
-0.75
-0.5
0.5
-0.5
-0.25
-0.25
0.25
-0.5
-0.75
0.25
-0.5
0.75
1.75
-0.5
1
0.75
1
0
8.25
0.25
2
0.5
1.75
0
0.25
-5
3.25
3.5
4
0.75
-1.75
1.5
1.5
0.75
-0.25
3.25
2
-0.25
-0.75
-0.5
-2.5
1
-0.25
-0.5
-2.5
2.75
-2.5
0
-0.5
-1.25
3.25
1.25
4.25
-1
1.75
-1.5
-1
1.75
-2.25
0
0.5
0.25
0
0.25
0.5
5
4.5
7.75
0.75
0.5
2.75
-2
-1
-0.5
-9.75
0
-0.5
1
-1.75
0.25
1
10
0
-0.25
1.5
3
0.25
0.25
2
0.25
0.5
0
0.25
0
-0.25
-0.25
0
0.25
-0.5
0.5
-0.25
1
-0.75
0.25
0
-1.75
3.5
-2
3
-0.5
-0.25
-2.25
2
3.25
-1.5
-2
1.75
0
-1.5
1.75
-2
-1.75
1.25
1
0.5
2
-0.25
0.75
1
2
-2
-1.5
-2
8.25
7.25
-1.75
2.25
0
1.5
-2.25
-0.5
-2.25
3.25
0
1.75
-0.5
0.75
4.75
0.25
-1.25
-0.25
-0.5
-0.5
16.75
-1.25
1.25
0.5
-1.5
0
-2.25
0.75
-0.75
-1.5
9.75
2.5
1
-1.25
-1.75
1.5
-2.5
-0.75
0.75
0
1
0.25
-1.25
-0.25
-0.25
-0.5
1.75
-0.75
0.25
-0.75
-14.75
1
-1.5
-0.25
1.5
-1.5
1
-1
0.5
-1.25
1.5
9.5
-3
0
0
0
-0.75
-0.75
0
0.25
0
0
1
0
-0.5
-1.25
0
2.25
-0.25
-0.5
0.25
1.5
2.25
-0.5
1.75
4
3
1
-2
5
1
2.75
7.5
-1.75
-1.75
-1.75
1.75
-4.75
-1.5
1.5
0.25
0.5
-4.5
0.25
-0.5
-0.5
0.75
0.75
4.25
0
1.25
-7.25
-8.75
-0.5
-3.5
-0.75
-0.5
-0.5
-1.5
0
-0.5
-0.75
0
-1
-0.5
0.5
-0.5
-0.25
-0.25
0.25
-0.5
-0.5
0
-0.5
-0.25
3
-1
0.25
0
0
1
5
0.25
1.5
0.75
1
-1
0.5
-3.25
1.25
1
2.25
-0.25
-0.5
0.25
0.75
1.25
0.25
2.75
1.75
0.25
-1
0.25
-1.75
0.75
-1.25
-0.25
-1.25
4.5
-1.5
-0.5
-0.5
-0.75
2.75
0.5
-0.25
-0.75
1
-2
-1.5
0.5
-0.5
-0.25
1.25
-0.5
2
0.5
0.5
3.75
3.75
4
1.25
1
1.25
-0.5
-2.5
-1
-6.75
-0.25
-0.25
1.5
-1.75
-0.25
1
6
0.5
-0.5
2.25
1.75
1
0.25
1.5
0
0
0.25
0.25
-0.25
0
-0.25
0
0
0.25
0
-0.25
0.5
-0.25
0.25
0
-2
2.25
-2
2.75
-0.25
0.25
-3.25
2.75
3
-1.5
-3.75
4.25
-0.25
-0.25
2.25
-1.5
-1.5
0.5
0.5
0.75
2
-1
0.25
1
1.5
-2.25
-1.25
-2.75
6.5
6
-3.25
3
-0.25
0.5
-1
-0.25
-2
2
-0.25
0.25
-0.5
0.5
4.75
0
-2
-1
-0.25
-1.75
12
-1
-0.25
1
-0.5
0.5
-1.5
0.25
-1.25
-0.75
8
1
2
-1.5
-1
0.5
-1
-0.25
0.25
0
0.75
0.25
-0.5
0.25
-0.5
0.75
3.75
-0.25
0.5
0.25
-12
0.25
-0.5
0.25
0.25
-1.75
0.75
-0.5
1
-0.5
1.5
5.25
-2.5
0.25
0.25
-0.75
-0.75
-1
0
-0.25
0.25
0
0
0
-0.25
-0.75
0.25
1.25
0.25
-0.25
0.25
1.5
1.5
0.25
2
3.5
2.5
0.5
-1.25
5.75
-0.25
1.75
4.25
-1.75
-0.25
-1.5
1.75
-2.25
-1.5
0.75
-0.25
1
-2.25
0.5
-0.25
-0.25
0.75
0.5
4.5
-0.75
-1
-8
-9
1
-2.25
0.25
0
-0.5
-2.25
0.25
0
-0.75
0
-0.25
0
0.5
0
0
0.25
0
0
-0.25
0.25
-0.75
-1
2.75
-0.75
-0.25
0
-0.5
1
6
0.5
1.25
1.75
0.75
-1.75
0
-1.25
0.25
0
0.75
-0.5
0
0.25
0
1.25
1
1
1.75
0.75
-1.25
1.5
-1
1.25
-1.75
0
-1
4.5
-0.5
-0.25
-0.25
-1
2.25
0.5
-1
-1
0.5
-1.5
-1
-0.75
1
0
1
-1
2
-0.25
0.25
1.75
1.75
1.75
1.25
0.25
1.25
0
-2
-0.5
-5.25
-0.5
-0.25
1
-1.5
-0.25
0.5
4
1
-0.25
1.25
2
1.25
-0.5
1.75
0
0
0
0
-0.25
-0.25
-0.25
0
0
0.25
-0.25
0.25
0.5
0
0
0.25
-2
2.75
-2.5
2.75
-0.25
0.5
-3.75
3.5
3
-1
-3.75
5.75
-0.25
1
1.5
-0.5
-1
0.25
0.25
0.25
1.5
-0.5
0.5
0.75
1.25
-2.25
-1
-2.25
4.5
5
-2.75
1.75
-0.5
0
0.75
0
-1.25
1.25
0
-0.75
-0.25
0
2.5
-0.25
-1.25
-1
0
-1.75
9.25
-1.25
-0.5
0
1.25
0.25
0
0.75
-2
1
4.5
-2
2
-1.25
-0.25
-0.5
-0.5
0
0.5
-0.25
0.25
0.5
-0.25
0
0
-0.25
3.25
-0.25
-0.5
0.75
-10.25
0.5
-1.25
-0.5
-1.25
-1.5
-0.25
0.75
1.25
0.25
0.5
4.25
-2.5
0
0.75
-1
-0.25
-1
0
0
0.25
0.25
0
-0.25
-0.25
0
-0.25
0.75
0.5
0.25
0
1.75
1.25
0.25
1.5
2.5
1.75
-0.25
-1.75
4.25
-0.5
0.25
2.5
-1.25
1
-2
1.25
-2
-1.75
0
-0.25
0.25
-0.75
0.25
0.25
0
0.25
0.25
6.5
-1.5
-2
-7.25
-9.75
1.25
-1.25
1.5
0
-1
-2.25
1
0.5
-0.5
-0.75
-0.25
0
0.25
0.25
-0.25
0.25
0
0.25
-0.25
0
-0.75
-0.25
2.75
-0.25
0.25
0.25
-0.25
0.5
5.5
0
1.25
1.75
0.5
-1
-0.5
-0.25
-0.25
0.25
0.25
-0.25
0.25
0.25
-0.25
2
0.75
-2
1.75
1.25
-1.5
2.25
1
0.5
-1.25
0
-0.5
1.75
0.25
0
0.25
-1.75
2.25
0
0
-1
1
-1.25
-1
-0.25
1.75
0.75
1.25
-0.5
1.5
-0.25
-0.25
0.5
1
-0.25
1.25
1
0.5
0.75
-2
-0.25
-4.25
-0.75
0
0.5
-0.75
0
0.5
4.5
0.25
-0.25
1
1.75
1.25
-0.75
1.25
0.5
0.75
0
-0.25
0
0.25
-0.25
-0.75
1.25
-3.5
2.75
0.5
-0.25
-1.5
0
-0.75
-0.25
7.25
-3.5
2.75
-0.75
1
-1.5
3.75
1
-1.5
-3.5
2
1.75
2.25
0.5
-0.25
-1.5
1.5
0.75
1.5
2.75
-1.75
-2.25
0.5
1.5
-1
-2.25
-1
4.75
5.25
-0.25
-0.5
0.75
3
-1.5
-1.25
-6.5
4
-1.25
2.25
-0.75
0
1.75
2.75
-0.5
-0.5
-1.25
-0.25
22.75
-1.25
-0.5
-0.25
-0.25
-0.25
-1.75
2.75
2
-2
13.5
2.75
-0.75
1.5
-1.25
0.75
-3.25
-3.5
1
0.5
0.5
1.5
-1.25
0
1.75
-1.25
-0.5
0.25
1.75
0.75
-18.5
3.5
-1.25
0.75
0.75
-1.5
-1.25
0.25
0.25
-0.75
-0.25
22.25
-9.25
-1.25
-1.25
-2.5
-0.75
-1.25
-0.5
-0.5
-0.25
-0.5
0.25
0.25
-0.25
0.25
-0.5
1.75
0.25
1
-1.5
2.25
5.5
0.5
-2.25
2.25
3.75
0.75
-1.25
2.75
-1.25
-0.5
11.25
-1.75
-2
-5
0
-11.25
-1.25
1.5
0.25
-0.25
-4.25
-0.25
-0.25
0.25
0.25
0
6.25
0.5
4.5
-6.75
-4.25
-3.75
-4
1.25
-0.25
1.75
3.5
1.5
-0.25
-1
0.25
-0.5
-0.25
0
0.25
0.5
-0.25
-0.25
0
-0.5
0.25
0.25
0
3
0.25
0.5
-1.25
0
-2.75
6.75
2.75
-1.25
-0.5
3
1.25
3
-4.5
2.5
2.5
4.25
0.75
-2.5
2.25
2.75
0.25
0.25
-1.25
0.75
0
0.25
-0.5
-1.25
0.5
-0.25
0
-0.75
4.25
-2.75
0.5
-1
-1
2.5
0.5
13.5
-0.75
-0.5
0.5
0.75
1.75
-5
-1.25
-1
-1.75
-2.5
0.75
1.25
4.75
1.25
6.25
-1.25
-1.75
3.5
-2.75
0.75
0
-9
0.25
-1.5
0.25
-1
1
1
11
0.5
-1
-0.75
3.75
-0.75
0.25
2.25
0.75
0
0
0.25
0
0.25
0
-0.25
1
-2
2.25
0.5
1
-1
-0.25
-0.75
-1.5
7.75
-4.5
3.75
-2
1.75
-2
3
2
-0.5
-3
1.75
1
1
1.75
0.25
-1.5
0.25
0.25
0.25
1.75
-2
-2.5
0
1.75
-1.75
-3
-1.25
5.25
5.75
0
0
0.25
2.5
-1.5
-1
-5
4
-1.5
1.25
-1.25
0.75
2.75
2
-0.75
-0.5
-0.5
0.5
23.75
-0.5
0.5
-0.75
-1
-0.5
-2
2.25
0.5
-1.5
11.5
3.25
1
0.25
-1.25
1.25
-2.75
-3.5
1
0.75
0.5
1
-1.25
-0.5
2
-0.25
0.25
-1.25
2.25
0
-19
2.75
-1
0.75
0.5
-1
-0.5
-0.5
-0.75
-0.5
0.5
17.75
-7.5
-0.75
-0.25
-1.25
-1.75
-2
-0.5
-0.25
-0.25
-0.5
0.5
0.25
-1
-0.25
-0.5
1.5
-0.25
0.25
-1
1.75
4.75
0.5
-1.25
2.5
3
1.25
-2
3
-0.5
0.75
11.5
-2.25
0.5
-5.25
0.5
-11.75
-1.25
0.5
0.75
0
-4.25
-0.25
-0.5
0
0.25
-0.25
3.75
0.5
4
-6.5
-4.5
-3.25
-5.25
1
-0.25
1
2.75
1.5
0
-1.25
-0.25
-0.5
-0.25
0.75
0.25
0.25
-0.25
0.25
0
-0.25
0.5
0
0.25
4.25
0.5
1
-0.75
-0.25
-1.75
5.25
2.5
-0.25
-0.25
2.5
0.5
2.75
-3.5
1.75
1.25
3.25
0.25
-1.5
1.5
2
0.5
0.75
0.5
1
0.75
-0.5
-0.75
-1.25
0.75
-1.25
0.75
-1
3.25
-1.25
-0.25
-0.5
-1.25
3.5
-0.5
10
-0.75
-0.5
1
0.5
1.75
-3.5
-1
-0.75
-1.25
-1.5
1.25
1.25
3.75
1.5
6.75
0
-1
3.25
-2.25
-0.75
-0.5
-8
-0.25
-1
0.75
-1
0.5
1.25
8.5
-0.25
-1.25
0.25
2.75
-0.25
0.5
2.25
0
-0.5
0.25
0.75
-0.25
0.25
0
0.5
0.75
-0.75
1.25
0.25
1.5
-0.5
-0.25
-0.25
-2
8.25
-4.5
4.25
-2
1.5
-2.5
3
1.75
-0.5
-3
0.75
0
1.25
1
1
-1.75
0
0
0
2
-2.5
-3
0
0.75
-1.5
-2.75
-1.75
3.75
3
0.25
1.25
0
2.5
-1.75
-0.75
-4.5
3
-0.75
1.25
-1.25
0.5
2.75
1.25
-1.5
-0.5
0
0.25
17.5
-0.25
2
-0.25
-0.75
0
-1.75
1.5
-0.5
-0.75
8.5
2.25
2
-1.5
-0.75
0.25
-1.25
-2.75
0.5
0.5
0.5
-0.25
-0.75
-0.75
1.5
0.75
1.25
-1.5
2
0
-14.75
1.5
-0.75
0.5
0
-1.25
0
-1.25
-0.5
-0.25
0.5
10.75
-5
-0.75
0
-1
-1.5
-1.5
-0.5
0
0
-0.25
0.75
0.25
-1.5
-0.5
-0.5
1.5
0
0
0
1.75
4
0.75
0.25
2.75
3.25
1.5
-1.5
3
-0.25
1.25
7.75
-1.75
1.5
-4
0.75
-10
-2.25
0
1
0.25
-3.25
-0.25
-0.25
-0.5
0.25
0
2.25
0
2.25
-5.25
-4.25
-1.25
-3.25
0.25
-0.25
0.25
0.75
0.5
-1.25
-1
0
-1
0
1
0
0
0
0.75
-0.25
0.25
0.25
-0.25
-0.25
4
0.5
0.75
-0.25
-0.75
-1.25
4.75
2
0.25
0
1.75
-0.25
2.5
-2.25
0.75
0.25
2
-0.25
-0.75
0.75
1.5
0.5
1
-0.25
1.25
1.25
-1
-1
0
0.25
-2
1.5
-0.5
3.5
0.75
-0.75
-1
-1.25
4
-2
8.75
-0.75
-0.5
0.5
-0.25
1.5
2
-0.5
-1.25
-0.75
-0.25
1.25
0
2.75
1.25
4
1.25
0.25
1.75
-0.5
-2.25
-0.75
-5.5
-0.25
0.25
1.5
-0.75
-0.5
1.25
5.25
0
-1
1.25
1.25
0.25
0.5
2.25
-0.5
-0.25
0
0.25
-0.5
0
-0.25
0.5
0.25
-0.25
0.75
0.25
0.75
0.25
0
0.25
-2.75
8.25
-3.25
3.75
-0.75
1.25
-2.75
3
1.25
-0.75
-2.75
-1.25
-0.5
2.25
-0.25
2.25
-1.5
0.5
-0.25
0.5
2.25
-3.25
-3
0.5
0.25
-0.75
-2.25
-1.75
2.25
0.25
0.25
2.25
0.25
3
-1
-0.25
-5.25
2
0
1
-1
0.25
2.5
0.25
-1.75
-1
-0.5
-0.75
7.25
-0.25
1.5
1
0.25
1
-0.75
0.25
-0.25
-0.5
6
2
2
-3.5
-1
-0.75
-0.5
-1.75
0
0.5
0.25
-0.75
-0.5
-0.25
1.25
1.25
2
-1
0.5
0.5
-10
0.25
0
0.5
-0.5
-1.75
0.25
-1.25
0.25
0
0.5
6.75
-3.25
-0.25
-1
-1.25
-1.25
-1.25
-0.25
0
0.25
0
0.25
0.5
-1
0
0
1.25
-0.25
-0.25
0.5
1
3.5
0.75
1.25
2
2.75
1
-1
2.75
-0.75
1.25
3.75
-1
1
-2.75
1
-7
-3.5
0.25
0.5
0.5
-2
-0.25
-0.25
0
0
0
1.75
-0.5
0.75
-5
-4.25
0.25
-1.25
-0.25
-0.25
0
-0.75
-0.5
-2
-0.5
0.75
-1.75
0.25
0.25
0
0
0.25
0.5
-0.25
0
-0.25
0
-0.5
3.25
0
0
-0.5
-0.5
-0.5
5.5
1.5
0
0.25
0.5
-0.75
1.75
-0.75
-0.5
-0.25
0.5
-0.5
0.25
0
0.5
0.75
1.25
-2.75
0.5
1
-1.25
-0.25
1.25
0
-2.25
1.25
0
4.5
1.5
-1
-1.5
-0.75
3.5
-1.75
7
0.25
0.5
-0.75
-0.5
0.5
5
-1
-1.5
-0.25
0.5
0.75
-0.75
2.25
-0.25
0.5
1
1.25
-0.25
1
-2
-0.25
-2.25
0
0.75
0.75
-0.5
-0.75
0.75
3.25
1
-0.75
1.25
1
1.5
0.25
1.75
0
0
-0.25
-0.25
-0.5
-0.25
-0.25
0.25
0.25
-0.25
0.75
0.5
0.25
0.5
-0.25
0
-2
7
-2
2.25
-0.25
1
-2.5
3.25
0.75
-1.75
-2
-1.75
-1.5
2.5
-0.5
3.25
-1
0.75
0
1
2
-3
-2.5
0.75
0
0
-2
-2
0.5
-1
-0.25
2
0
4
0.25
0.25
-6
1.5
0.75
0.75
-0.5
-0.25
0.5
0.25
0
-1.25
-0.25
-1
2.25
-1
1.5
-0.25
2.25
1.25
1.25
0.75
0.5
-0.25
2.75
0.25
2.25
-3.25
-1.5
-0.5
-1
-1.25
0.5
0.25
0.25
-0.5
-0.5
-0.5
0.75
1
2.25
-1
-0.75
0.75
-7.25
0
0.25
0.25
-1
-1.75
-0.5
-1
1.25
0.75
0.5
6
-3.5
0
-1
-2
-1.25
-2
0
0
0
0
0
0.25
0
0.25
0.25
1
-0.25
0
0.5
1
3.25
0.5
1
1.5
2.5
0.25
-0.75
3
-1.5
0.25
2.25
-1
1.75
-2.75
0.5
-4.5
-4.25
0.25
0
0.25
-0.5
0
0.25
0
0.25
-0.25
3.75
-0.5
0.25
-5.5
-5
0.25
-1
0.75
-0.25
-0.75
0.25
-1.5
-2
-0.25
1.5
-2.75
0.25
0.25
0
-0.25
0.5
0
0
-0.5
0.25
0
-0.5
3.75
-0.25
0.5
-0.25
-0.5
-0.25
6.5
1
0
0.5
0.5
-0.75
0
0.25
-0.75
-0.25
-0.5
0
0.75
0
0
0.75
0.5
-7
0.75
1
-0.25
1.25
3.5
0.5
-1.5
0.75
0
3.75
1.25
-0.5
-0.5
-0.25
2
-2.75
6.75
1
1
-0.5
-0.25
0.75
3
-1
-1.25
0.25
0.25
0
-1
1
-2
-3.5
0.75
2.25
-2.25
2.75
-1
0.25
0.25
0
0.5
0.25
0.25
-0.25
-0.25
4
1
-0.75
1
1.25
1.75
-0.25
1.5
0
0
0
0
0
0
-0.25
0
0.25
0
0.5
0.5
0
0.25
0
0
-0.75
7.5
-1
1.5
0.25
1
-1.25
2.5
0.5
-2
0
-2
-2
1.75
-0.5
3.5
-1
0.5
0.25
1
1.75
-2
-1.5
1
0
0.5
-1.75
-1.25
-0.5
-2.5
0
1.5
0
3.25
1.5
-0.5
-5
2.25
0.5
0
0.25
0
0
0
0.25
-0.75
0.75
-0.5
0.75
-1.25
1.25
-0.5
2.75
1
2
1
0
0.5
0.75
-1
1.5
-2.25
-1.5
-0.25
-1.25
-0.75
0.5
0
0.25
0
-0.25
-0.25
0.5
-0.25
1.75
-0.75
-2
0.5
-5.25
0.25
-0.5
0
-1.5
-1.25
-0.75
-0.5
1.5
1
0
4.5
-3.25
-0.25
-0.25
-1.75
-0.5
-2
0
0.25
0
0.25
0
0.25
0.25
0.25
0.25
1.5
0
0
0
1
2.5
0.25
1
1.5
2.25
0.25
-0.5
2.75
-1.25
0
1.25
-0.75
2
-2.75
0.25
-3.75
-4.75
0.25
-0.25
-0.25
0
0
0.5
-0.25
0.25
-0.25
4.25
-0.5
0
-4
-4.75
0
-1.25
1
-0.75
-2.25
1.5
-1.5
-1.5
0
1.5
-3.75
0.25
0
0.25
0
0.25
-0.25
0.25
-0.5
0.25
-0.5
0
5
0
0.5
0.25
-0.5
0
6.75
0.75
0.25
0.5
0
-0.25
-1.25
0.75
-1
0
-0.25
0
0.5
0.25
-0.25
1.25
-0.5
-7.75
1.25
0.5
-0.25
1
3.75
0.5
-1
0
-0.25
1.25
1
0.25
-0.25
0
0.75
-3.25
7.25
1
1
0
0.25
1.5
2.25
-0.25
-0.25
0.25
0.75
0
-1.25
-0.5
-3.25
-4.75
0.5
3
-4
3.5
0.25
0.25
1.25
0.5
0.75
-0.25
0.75
0.5
-0.5
5.25
0.5
0.25
1
0.25
1.5
0.5
0.5
-0.25
0.25
0.25
0
0.25
0.5
0.25
-0.25
1.75
-2.75
1.75
0.25
-0.5
-0.5
0
-2.5
-1.5
19.5
-4.25
2.5
-2
2.25
-2.75
2.25
2.75
0.25
-6.5
4.5
1.75
1.25
3.25
-0.75
-0.5
-0.25
0.75
-0.25
-2.25
0.5
-3.5
-1.5
0.25
-0.75
-0.75
-0.75
-2.5
-2.5
-1
-1
-1
1.75
1.25
-1.25
-3.25
2.5
-0.75
0
-1.5
0.25
1.25
2
-0.25
0
0.75
1.5
22.25
-0.75
0.25
-1
-0.75
0
-1.75
2.25
-3.5
-1.75
13.75
5.5
-0.25
1.75
1.5
0.75
-1
-3
1.25
0.75
0.5
2
-1
0
1.75
0.25
1.25
-0.5
3
0
-18.75
1.25
0.75
1
2.25
0
-0.75
0.5
-1.25
-0.25
-0.5
20.5
-6.5
0.25
0.5
-0.5
-1.5
-1.25
0.25
-0.25
0
-0.25
-0.25
0
-0.5
0.25
-0.25
1.5
-1
0.25
-0.75
-0.5
1.75
0
0
3
3.75
1
-0.75
4
-2.5
-0.75
5.75
-2
3
-7
0
-12.25
0.75
-1.5
0
-0.75
-0.5
-0.25
-0.25
0.75
0.5
-0.25
3.75
0.75
3.75
-4
-3
-3.25
-5.75
0.25
-0.5
0.5
12.75
-0.25
0.75
-0.5
-1.75
-0.75
0.25
0.25
-0.5
0.25
0
0
0
-0.25
1
0
-2
-1.5
0
0.5
-0.75
-0.25
-2
6.25
3.75
-2.75
0.25
0.75
0.25
3.25
-4.25
2.75
-0.25
4
1
-3
3.25
2.5
0
-0.75
0
0.5
0
-0.25
-0.5
-2.75
-0.25
-2.75
0.75
-0.25
1.75
0.5
-1
-1.5
-0.75
1.25
0
16.5
-0.5
-0.5
0
1
-0.75
10.5
-2
-0.5
-1
-2
0
0
1.75
-0.75
5.25
1
-1.5
4.25
-0.5
-0.25
0.5
-6.5
0
-1.75
0.5
-0.25
0.25
0.5
13
-1
-0.5
0.5
1.5
0.5
1
-0.25
-0.75
0
0.75
0.25
0.25
0.5
0
0
1.25
-1.5
1.25
0.25
0.25
-0.25
0
-1.5
-2
20.5
-4.75
3.75
-2.5
2.75
-3
2.5
2.5
0.5
-5.75
3
0.75
1.25
3.5
1
-1.25
-0.75
0
0
-0.75
-1.5
-4.25
-0.75
0
-0.5
-1.5
-1.5
-2
-3
0.25
1.25
-0.5
2.25
1.5
-1
-2.75
2.25
-0.75
0
-1.75
0.75
1.25
1.75
0
-0.5
1
1.5
17
-0.75
2
-1.5
-0.25
-0.5
-0.75
2.5
-3.75
-1.25
12
4.5
2.5
0
0.5
-0.25
-1
-2.25
0.75
0.5
0.75
1
-0.25
-0.5
0.25
2.5
3
-0.25
2.25
0.5
-17.5
-1
1
1.25
0.5
-0.75
-0.75
-0.25
-1
0.25
-0.5
14.75
-4.5
0.25
0.75
0
-1.5
-1.5
0
0
0.25
-0.25
-0.25
0.25
-1.25
0.25
-0.25
1.25
-1.25
0
-0.25
-0.25
2.5
0
0.25
2.25
3
0.75
-1.75
2.25
-1.5
-1
4.75
-1.75
4
-7
0.25
-11.25
0.25
-1.75
0.5
-0.5
-0.25
0
0.25
0.75
0.5
-0.25
2
0.75
3
-3.25
-2.5
-2.25
-4.75
-0.75
-0.25
0
10.5
-1.25
-1
-0.25
-0.5
-1.25
0.5
0.75
-0.25
0.25
0.25
0.75
0.25
0
0.5
-0.25
-1.5
0.5
0
0.25
-0.5
-0.75
-1
6.75
3.5
-1.75
-1
0.75
0.25
3
-2.75
1.5
-0.5
2.5
0.5
-1.75
2
1.75
-0.5
-1
-1.75
1.25
0.75
0.25
-1
-1
-0.75
-3
1.75
0.25
2
1.5
-1.5
-1.5
-0.75
2.5
-1.25
14.75
-0.25
-0.75
0.5
0.5
0.75
13.25
-1.5
-0.5
0
0
0
-0.25
1
-1
4.25
0.75
-0.5
3
0
-1.25
-0.25
-5.5
-0.25
-0.5
1.25
0
-0.5
0.75
10.5
-1.25
-0.5
1.5
0
0.75
1
0.25
-0.5
0
0.5
-0.25
0.25
0.25
0
0
0.5
-0.5
0.75
0
0.5
0.5
0
-0.5
-2
19.5
-3.5
4
-2
2.5
-1.75
2.5
1.75
0.25
-5.25
0.5
-0.25
2.5
2
2.5
-1
-0.75
0
0.25
0.75
-3
-5.5
-0.5
-0.75
0
-1.75
-2
-2.75
-4
1
2.25
-0.5
3.5
1.75
-0.75
-4.25
1.75
0
0
-1.5
0.75
0.25
1.5
0.75
-0.75
1
0.75
9
-0.5
2.5
-0.75
1.25
-0.25
0.75
1.75
-3
-0.75
12
3.5
2.75
-1.75
0.25
-1.75
-0.75
-1.5
0.25
0.75
0.75
0.25
-0.5
-0.25
0
2
3
-0.25
0.75
0.75
-13
-1.25
0.75
0.75
-0.75
-1.5
-1
-0.5
0
1
-0.75
9.75
-2.5
-0.5
-0.25
-0.75
-0.75
-1
-0.25
0.25
0.25
0
-0.25
0.5
-1.5
0
0
1.25
-1
0
0.5
-0.5
2.5
0.75
1
2.25
3
1
-1.5
1.5
-1.25
0
2
-1
3.5
-5.25
0.5
-8.75
-1
-1.75
0.5
0
0
-0.25
0.25
0.75
0
-0.5
1.25
0.75
1.5
-1.5
-1.75
-1
-2.5
-0.75
-0.25
-0.75
6.25
-2.25
-3
0.5
1.75
-2
0.5
0.75
0
-0.25
0
0.75
0
0.25
-0.5
0.25
0
2
-0.25
0
-1
-1
-0.5
6
2.75
-1.25
-1.75
0
1.25
2
-1.5
0.25
0
1
0.25
-0.75
0.75
1
-0.75
-1.25
-5.75
0.75
1
1.25
-1
2
-0.75
-2.75
2
0
2.5
2
-1.25
-1.5
0
2.75
-2.5
15
0.25
-0.25
0.25
0.75
0.5
15
-1.25
-1
0.5
0.5
0
-0.25
1
-2.75
1.75
0
1.5
1.75
0.75
-1
0
-2.25
0
1
1.25
0.25
-0.25
0.25
6.5
-0.75
0
1.25
-0.75
1.25
0.5
0.25
0
0
0
-0.25
0
0
-0.25
0
0.25
-0.25
0.75
0
0
0.75
0
0
-1.75
14.75
-1.5
2.25
-0.75
1.25
-0.75
1.5
0
-1.25
-2.5
-3.25
-1.5
3.25
0.5
4.5
-0.75
0.75
0
0.25
1.25
-4
-5.5
-0.5
-1.75
1
-1.75
-2.5
-3
-5.25
2.75
2
-1
4.75
2.25
0
-6.25
1.25
0.5
0.75
-0.5
0.5
-0.25
0.75
1
-0.5
1
0.25
1.5
-1.25
2.75
-1
3.5
-0.75
3.25
2
-1.25
-1
10.5
3
2.25
-2.5
0
-2
-0.5
-1
0
0.5
0.25
-0.5
-0.75
-0.5
0.25
0.75
1.5
-0.5
-0.5
0.5
-10
-1
1
0.5
-0.25
-1.5
-0.5
-0.5
1
1
-0.5
8.25
-2
-0.5
-1
-1.25
0
-0.75
-0.25
0.25
0.25
0.25
-0.25
0.75
-1
0
0.25
0.75
-0.5
0
0.75
-0.5
3
1.25
1
1.25
3
1
-0.5
1.25
-1
0.75
0.25
-0.25
2.75
-3.75
0
-5
-2.25
-1.25
0.25
0.25
-0.25
-0.25
0.25
0.25
0.25
-0.5
1.5
1
1.25
-1
-0.75
-0.75
-1
-1
-1
-1.75
2.75
-2.75
-3.5
1.25
2.75
-3.5
0
0.25
0
-0.75
-0.25
0.5
0
0.25
-1
1
0.75
2
-0.5
0.75
-1.5
-1
0
3.75
1.5
-1
-2.5
-0.5
1.75
0.75
-0.25
-0.25
0.25
0
0.5
-0.25
0
0.5
-0.25
-0.75
-10.75
0
0.75
1.5
-0.25
4.5
0
-1.5
1
-0.75
2.5
2
-0.75
-1.5
0.5
2
-2.75
14.25
0.75
1
0
0.75
-0.5
14
-1.5
-1.75
0.5
0.25
-0.5
0
0.75
-4.75
-2
-0.25
3.25
-1
2.5
0
-0.25
1
0.5
1.5
0.75
-0.25
0.25
-0.75
4.5
-0.5
0.25
1.25
-1
2.25
0.75
0
0.25
0
0
0
-0.25
0
-0.25
0.25
0.25
0.25
1
0.25
0
0.75
0
-0.25
0
12.5
-0.25
0.75
0
1
0.75
0.5
-0.75
-2.25
1.5
-6.5
-2.25
3.25
-0.25
5.5
-0.5
1.25
0
0.5
1
-3.75
-4
-0.25
-2
1.75
-1.75
-2.25
-3
-7
3
2
-1
5.25
2
-0.5
-6.75
1.75
0.75
1
0
0.5
0.75
1
0
-0.25
0
-0.75
-2
-2
2.25
-1.75
4.5
-1
4.25
1.5
0.5
-1
6.75
1.5
2.25
-2.75
-1
-0.75
-1
-0.75
0.25
0.25
0
-1
-0.5
-0.25
0.5
-0.25
1.25
-0.75
-1.25
0
-9.5
-0.5
0.25
0
0.25
-1.25
-0.5
-0.5
1.25
0.75
0
7
-2.25
-0.25
0
-1.25
0.5
-0.25
0
0.25
0.25
0.25
-0.25
0.5
-0.5
0
0.5
0
-0.5
-0.5
0.5
-0.25
2.75
0.75
0
0
2.5
0.5
0.25
1
-0.75
0.75
-0.5
-0.5
3.5
-2.75
-0.5
-3.25
-3.25
-0.75
-0.25
0.25
-0.5
0
0
-0.25
0.75
0
2.25
1.25
1.5
0
-0.75
-0.75
-0.25
-1.25
-1.5
-2
2.5
-2.75
-2.75
1.25
2.25
-4.5
0.25
0.25
0
-0.5
0
0
0
-0.25
-0.5
0.75
0.5
2.25
-0.25
1.75
-1.25
-1
0.5
3
1
-1
-2.5
0
1.25
0
-0.25
-0.25
0.5
-0.25
0.5
0
0
0.5
0.5
-0.75
-12.25
0
0.25
0.5
0.25
4.5
0.5
-1
0.25
-0.75
1.75
2
0
-1
0.5
0.75
-3
13.75
1
1.5
0.25
0.5
0
12.5
-1.75
-0.75
0.5
0.25
-1
0.25
0
-6
-4.75
1
3.75
-3.25
4.25
0.75
0
2.75
0.5
1
0.25
0.25
0.75
-1
6.25
0.5
0
0.5
-0.75
1.75
0.75
-0.25
0.25
0
0.25
0
-0.5
0
0
0
0.25
0.25
1
0.25
0.25
0.5
-0.5
-0.25
0.75
13.5
0
0.25
0.5
1.5
2
-1
-0.25
-2.25
2.5
-5
-2.5
2.5
0
4.5
-0.5
0.75
-1
0
0.5
-3.25
-2.5
0
-1.75
2.75
-1.25
-1.5
-2.25
-8.25
2.75
1.5
0
4.25
1.25
-0.75
-5.25
2.75
0
0.25
0.5
0.25
1.25
1
-0.5
0
0
-1.25
-2
-2.25
1.5
-1.25
3.5
-0.25
3.25
1.5
1.25
-0.75
5.25
1.25
2.5
-2.75
-2
1
-1
-0.5
0.25
0
0.25
-0.25
-0.25
-0.25
0
-0.5
1.25
-0.25
-1
0
-8.75
-0.75
-0.5
-0.25
-0.75
-1
-0.25
0.75
1
0.25
0.5
8.5
-4.25
1
1
-0.25
0.25
-0.25
0
0.25
0
0
0
0.25
0
0
0.5
-0.5
-0.25
-0.25
0
0.25
2.5
0.5
-0.5
0.25
2
0.25
0.5
1.5
-0.5
0.75
-0.5
-0.5
4.5
-2.5
-1
-3
-3.25
-0.5
0
0
-1
-0.25
0.25
0
0.5
0.25
2.25
1
0.75
0.5
-1
-0.25
-0.5
-0.75
-1.25
-1.75
3.25
-2.75
-2.25
0.5
1.75
-4.5
0
0
0
0
-0.25
0
0.25
-0.5
0.75
0.25
-0.25
0.5
-0.25
1.75
0.5
-0.25
0.25
4
0.75
-0.75
-1.25
0
0.5
-0.25
0
-0.25
0.25
-0.25
0
0.5
0
0
1.5
-1.25
-10.75
-0.25
0.25
-0.25
0
3.5
1
-0.25
0
-1
1.25
2
-0.25
-1.25
0.25
0
-2.75
12.25
0.5
0.5
1
0.75
0.25
13.5
-1.5
0.25
0.25
-0.25
-0.75
0.75
-1
-6.5
-4.5
0.5
2.75
-4.25
4
2.75
0.5
3.25
0.5
0.75
0
0.5
0.75
-0.75
7.75
0.75
0.75
-0.25
-1.25
0.25
0.75
-1
-0.5
0.25
0.25
0
0.5
0.25
0.5
0.25
2
-1.25
0.5
-0.75
-0.75
-0.5
0
-3
-0.5
31.75
-0.75
-0.5
-0.5
1.25
-1.25
-1
3
1
-10
12
1
-1
3.75
-1.25
1.25
0.25
-0.75
0.25
-8
1
-0.75
-1
0
3.25
2.25
-0.25
-4.5
-13.25
0.5
0.5
0.5
1.5
1.5
1.5
0
2.25
-0.5
0.25
-1.75
0
0.5
0.75
-1
-0.5
0.5
0.5
23.5
-1.75
3
-1.5
-0.75
-0.75
-0.75
3
-5
-1.25
21.5
8.5
0.25
0.5
1.5
1
-1.25
-1.75
1.75
1.75
2
2.25
-0.5
0.5
0.5
1.25
2.25
1.75
0.5
1.25
-29.5
-1.75
1
0.5
1.5
0.25
1
0.5
-0.75
-0.75
-0.25
24.5
-3.25
1.25
-0.25
1.75
-1
0
-0.25
0
0
0.25
-0.25
-0.5
0
-0.5
-0.5
0.5
-0.5
1
-1.25
-0.25
1.5
0
0.5
0.75
3.5
-1.25
0.5
1.5
-3.25
-1
-1.5
0
3.75
-6.5
-2.5
-5.25
0.5
-2
-0.5
-0.25
0.5
-0.5
0
0.25
0
-0.25
6.5
0
1.5
-0.5
-0.5
-1
-3.25
-1
-0.25
0.25
24
-3.75
-1
1.75
1.5
0
0
-0.5
-0.5
0.5
0.25
0
0.5
0.25
0.5
-2.75
-1.75
-18.75
0
0.5
0.25
0.75
-0.75
15.75
2.75
-1.75
0
0
-0.5
0.25
-3.75
3.75
-1.25
3.5
2.25
-3.25
3.75
3
-2.25
-4
3
-0.25
-0.75
1.75
-0.5
-3.25
-1.5
-4
1
-0.5
2.75
0.25
-0.75
-1.5
-1.75
0.5
1
24
1.75
0.5
-1
-1.25
-2
31.75
-1.25
2
1.5
-2.5
-1.25
0
1
-2.75
4.5
2.75
0
4.5
1.5
-1.75
0.75
-2.5
-0.25
-0.5
-0.5
1
-0.5
-0.75
14.5
-2.75
0.75
1.75
-1.25
1.25
1.75
-3.25
-0.5
-0.5
0.5
0
0.25
0.25
0
0
1.25
-0.75
0.75
-0.75
-0.5
0.25
0.25
-1.75
-0.25
31.75
-0.75
0.5
-1.5
2
0
-0.5
2
1
-7.75
8.75
-0.5
-0.5
3.5
0.5
-0.25
0.25
-0.25
0.75
-5.25
-1
-3
-0.25
-0.75
2.75
0.75
-1
-4.75
-10.5
1.25
1.5
-0.25
1.5
1.75
0.75
0.25
1.5
0.25
0.25
-1.25
0.5
-0.25
0.75
0
-0.5
0.75
-0.25
15.5
-1.25
3.25
-1
1.5
-1.25
1
2.25
-3.75
-1
20.5
7.25
0.75
0.5
2.25
-1.5
-1.25
-1.5
1.5
2.75
2.75
1.75
-0.75
0.25
0
1.75
3
0.75
-0.25
1
-25.25
-1.75
1.25
0.25
0
0
-0.25
1
-0.5
0
-0.25
19.25
-2.5
0.5
0
1.5
-1
-0.5
-0.25
0.25
0.25
0
-0.25
0
-0.5
-0.25
0
0.75
-0.5
0
0
-0.25
1.5
-0.25
0
0.25
2.25
-0.75
-0.25
0.25
-1.5
-0.25
-1.75
-0.25
4
-6.75
-1.75
-4.25
1.25
-2.5
-0.25
-0.25
0.25
-0.25
0.25
0.25
0
-0.75
5
0.25
1.25
0.25
-0.5
-1
-3.5
-0.75
0
-0.75
20.25
-3.5
-1
1.5
3
-0.25
0
0
-0.25
-0.25
0
0.25
0.25
0.75
0.25
-1.5
-0.75
-15
-0.25
0.25
-0.25
0.25
-0.25
16.5
2
-1.75
-1.75
0
0.5
0.25
-2.75
2.5
-0.5
2.5
1.75
-2.5
2.25
2.25
-3.5
-4
-0.75
0
-0.75
2.75
-1.5
-1
-1.75
-2
0.75
0.25
1.75
0
-1
-0.5
-1.75
1
-0.5
22.25
1.5
-0.25
0.5
-0.75
-1
30
-1.25
0.5
0.75
-0.5
-1.5
0.5
0.25
-3.25
3.75
0.75
1.25
3.25
0.25
-0.5
0
-3
0.25
0
0.5
0.25
-0.5
-0.5
11.75
-3.5
1
2.25
-2.25
1.25
2
-2.25
-0.25
-0.5
0.5
0
0
0.25
-0.25
-0.25
0.5
-0.25
0.75
-0.5
-0.5
1.25
0.5
-0.5
-0.75
31.75
-0.5
1
-2
1
0.75
-0.5
0.75
-0.25
-5
5.75
-1
2
1.75
2.25
-1
0.75
-0.75
0.25
-3.25
-3.25
-5.5
0
-1.75
2.5
0
-1.5
-5
-9.75
2
1.5
-0.75
3.25
3.75
-0.5
-3
1.5
0.5
0.5
-0.5
0.25
0.25
0.75
0.5
-0.25
1
-0.25
11
-1
3.5
-0.5
3
-2.25
2.75
2.25
-2
-0.75
19.5
5.5
0.75
0.75
2.5
-2.75
-1.25
-1
1.5
2.75
2.25
0.75
-1.25
0
0
0.25
2
0
-1
0.25
-19.75
-0.75
1.5
-0.25
0
-0.5
0.25
1
0.25
0
-0.5
13.5
-1.5
-0.25
0
1.5
0
0.75
0.25
0.75
0
0.25
0.25
0.5
-0.75
-0.75
0
1
0
0.25
0.75
0
1
0
1.5
1.75
3
1
0.75
1.25
-1.5
1.25
-2
0.75
3.25
-5.5
-1.5
-3.25
0.25
-1.75
0
0.25
0.25
0
0.25
0.25
0
-1
4.25
0.5
1.25
0.5
-0.75
-1.25
-4
-0.75
-0.5
-2
14.25
-2.25
-1.5
1.75
4
-1.25
-0.25
0.25
0.25
-0.75
-0.5
0.75
0
1
-1
0
0.5
-11.75
0
0.25
-1.25
-0.5
0
12
1.75
-1.75
-2.5
-0.5
1.25
0.5
-1.5
1.5
0
1.25
1.25
-1.75
1
1
-3.5
-3.5
-5
-0.5
0
3.5
-2
2.25
-1
-0.5
0.5
-0.25
1
0
-0.5
-0.5
-0.75
1.5
-1
21.5
1.25
-0.25
0.75
-0.25
-1.25
24.75
-2
0.25
-0.5
-0.75
-1.25
1
-0.25
-5
3.25
-1.25
2
2.25
0.25
1.5
0
-0.5
0.5
0.75
0.25
-0.5
0.75
-1.5
8
-2.5
0.75
2.25
-2.25
1.5
1
-0.75
0
-0.25
0.25
0.25
0
0.5
0
-0.75
0.25
0.25
0.5
-0.5
-0.75
1.25
0.75
-0.75
-0.25
24.5
0
0.25
-1
0.5
1.25
-1
-1.25
-1.75
-1
4
-1.5
3.25
0.5
3.5
-0.25
2
-1.25
-1.5
-3.5
-3.5
-5.25
-0.75
-2.5
3.25
0.25
-2
-4.25
-12
2.75
1.5
-0.25
4.75
4.25
-1
-5
2.5
0
0.5
0.25
0.5
0.5
1
0.25
0
0.75
-0.75
7.75
-1
3.75
-1.25
3.5
-3
4.5
2
-1.25
-0.75
17.25
5
1.25
1
1.75
-2
-0.75
0
0.75
1.25
1.25
-0.5
-0.75
0
-0.25
-0.25
1.25
0
-1
0.5
-15.5
-1
1.5
-0.5
2
-0.75
1.5
0
0.75
-1
0.25
10.75
-1
0
0.25
1
0.75
1
0.5
0.75
0
0.25
0
0.5
-0.25
-1.25
0
1
0.25
0.25
0.75
0.25
0.75
0.25
1.25
1.25
3
1
1.5
1.5
-1.75
1.25
-2
1
3.75
-3.75
-1.75
-1.5
-1.25
-1.25
0
0.5
-0.25
0
0.25
0.25
0
-0.25
4.25
1
1.25
0.25
-0.5
-0.75
-3.25
-1.5
-1.75
-3
8.5
-1.5
-2
2.5
3.5
-2.25
0
0.25
0
-0.5
-0.5
0.75
0.25
0.5
-1.5
0.75
1.25
-9.75
-0.5
0.25
-2
-0.25
1
8.75
0.75
-1.25
-2.75
-0.5
1
0.25
-0.5
1
0.5
0.5
1
-1.25
0.5
1
-2.5
-2
-8
-0.75
0.25
2.5
-1.5
3.25
0.25
-0.25
0.5
-1.25
0.75
1
-0.25
-1
0.5
1.5
-1
22
0
0.5
-0.25
0
-1
22.25
-2.25
0.5
-0.5
-1
-1.5
1
0
-8
3.75
-1
3
1.25
2.5
1.75
0
2.25
0.5
1
0
0
1
-2
6
-1.25
1
2.5
-2
2
0.25
-0.25
0.25
0
0
0.25
-0.25
0.25
0
-0.5
0.5
0.75
0.75
-0.5
-0.5
0.75
0.25
-1
1.25
22.5
0.5
-0.5
0
1.25
2.25
-1.5
-2.5
-2.75
2.75
1.25
-1.5
3.75
-0.5
5
1.75
1.75
-1.75
-3
-4.75
-1.75
-3.25
-2
-3
3.75
1
-2.25
-3.25
-13.5
2.25
2
0.75
4.5
3
-0.75
-4.5
3.75
-0.25
0
0.5
0.5
1.5
1
-1
0
0
-0.75
3.25
-1.5
2.75
-2
4
-3.25
5
1.75
-0.25
-1.5
16.25
5.75
2
-0.25
0
0
-0.75
-0.25
0
-0.25
0
-1
-0.25
0
-1
0
1.25
0.75
-0.75
1
-15.5
-1.75
0.5
0
2
-0.75
1.5
1
0.75
-2
1.25
9.75
-2
1
1
0.25
0.75
1
0.25
0.25
0
0
-0.25
0.25
-0.25
-0.75
0.5
1.25
0.25
0.25
0.5
0.75
1.25
0
0.25
0
2
0.75
1.25
1.25
-1
0.5
-2
0.5
5.75
-3
-2
-1.25
-2.25
-1
0
0.5
-0.75
0
0.25
0
0
0.25
4
1.25
1.25
0.25
0
-0.25
-1.25
-2.25
-3
-2.25
4.5
-1.25
-2
1.75
1.75
-2.75
-0.25
-0.25
-0.25
-0.25
-0.25
0.25
0
0
-0.75
0.5
0
-11
-0.75
0.25
-0.5
0
1.75
7
-0.75
0
-2.25
0.25
0.25
0
-0.25
0.75
0.5
0.5
0.25
-0.5
-0.25
0.5
-0.75
-1.75
-11.5
-1.5
0
1.25
-0.75
3.75
1
-0.5
0.25
-1.25
1.25
1.5
0
-1.75
0.5
0.75
-0.25
20.5
-0.75
0.75
-0.5
-1
-1
23.25
-1.75
1.25
-0.5
-1.25
-1
1
-0.5
-8.5
2.75
0
3
-1.5
4.25
2
0
3.5
1
1
-0.5
0.75
1
-1.25
7.75
-0.5
1
2
-1.75
1.25
0.5
-1
0.5
0
0.25
0
-0.25
0.25
0
-0.75
0.25
1
0.75
-0.5
0
0.25
-0.25
-1
1.75
23.25
0.25
-0.75
1
2
2.5
-1.75
-1.75
-2.25
3.25
0.75
-1.5
3.25
-0.75
4.5
3.5
0
-3.25
-3.75
-7
0
-1.5
-2.5
-3
4.5
1.25
-1.5
-1.5
-12.25
1
2.5
2
3.75
2
-0.5
-3.25
4.5
-0.75
0
0.5
0.25
2.25
0.75
-0.75
0
-0.5
0.25
2.25
-1.75
1.25
-1.75
3
-3
3.75
2
0.5
-2.75
18.5
7
2.5
-0.5
-1
1.5
0
-0.25
0
-1
-1
-0.5
0
0
-1.25
0.5
1.5
1
-1
1.25
-17
-2
0.25
0.5
1.75
-0.25
1.75
1.75
0.75
-2.75
1.25
11.25
-4
1.5
1.5
-0.25
0.25
1
0
0
0
0
-0.25
0.5
-0.25
0
0
1.25
1.25
1.25
-0.75
2.25
2.25
-0.5
0
0
1.75
0.75
2
1
-1.75
0.5
-1.75
0.5
6.25
-2.25
-2.25
-1.25
-2.25
-1
0
0
-1.25
-0.25
0.25
0
-0.25
0.75
4.25
1
0
-0.25
-0.5
1.5
0
-1.75
-2.25
-1.25
3.25
-1.25
-1.5
0.75
0.25
-1.5
0.25
0
-0.25
-0.25
0
-0.25
0.25
-0.5
-0.25
-0.25
-0.5
-12
-0.25
0.5
1
0
1.5
7.5
-1.25
0.25
-1.5
0.75
-0.5
-0.25
0
1
0.25
0.5
0
0
-0.25
0.5
0.25
-2
-10.25
-2.5
-0.5
1.25
-0.75
4.25
1.75
-0.25
0
-1.75
1.5
1.5
-0.5
-2
-0.5
-0.5
-0.25
19
-1.25
0.25
0.75
-1.25
-0.25
25
-1
1.75
-0.25
-1.5
-0.75
0.5
-1.5
-7.25
2.25
-0.25
1.25
-3
3.5
3.25
0.25
3.25
1.25
0.5
-0.25
1
1
-1.25
11.25
0.5
0.5
1.5
-1
0.75
0.75
-1
