0
0.5
-0.5
0
0.25
0.5
0.5
0
2.5
-0.25
-0.5
-1.75
-1.25
-1
1.75
-2.5
1.25
31.75
0.75
-3
0.25
0.75
0.25
-1.25
-0.5
2.5
-8.75
17.75
2.75
-0.25
-0.75
-5.25
1.5
0.75
-1.25
0.25
-10
1
0.75
-1
1.5
-0.25
0.75
1.5
-2.25
-12.5
-2.25
1
1.75
-0.75
0.25
-1
-3
1.25
-0.5
0.25
1.75
0.25
-4.25
2.25
1
1.25
1.75
-3
28
-1
2.75
-1
-1.5
0
-0.5
3.25
-1.5
-0.75
25.25
9.75
-1.5
0.5
0.5
1.25
-2
-1.75
2
2.5
1.5
3.5
-3
1.75
1
0.25
-0.75
1
0
-0.25
-29.75
-0.5
1.25
-0.5
1
0
1.25
1.5
0.25
-0.75
-0.25
29.25
-0.5
0.25
0
0.75
-1
0
0.25
0
-0.75
-0.5
0.25
0.25
0.75
-4
0
0
0.25
0.5
-0.5
0
2.5
0.25
2
0.5
4.5
-1.25
1.5
2.25
-1
-0.75
-2.75
0.5
3.25
-5.25
-3.25
-2.5
-1
0.5
0.25
-0.25
0
-0.5
0
-0.25
0
0.25
10.25
-1
0.25
4
1.5
1.25
-1
-0.75
0.75
2.5
25.5
-1.25
-1.75
2.25
5
3.75
-0.25
0.5
0.25
0.25
-0.25
0
0.75
0
-0.75
-1.5
1.75
-26.5
-2.75
0.25
-1.5
2.75
-1
17.5
2
-1.5
0.5
0.75
-0.25
-0.25
-4.75
6
-1
5.75
4
-6
6.75
5.25
-0.5
-2
10.25
-1.25
-1
-0.5
0.25
-2
-1.25
-3.25
2.25
-1.75
2.75
-1
-0.25
-3.75
-1.25
0
1.5
31.75
1.75
0.25
-1.75
-0.75
-4.75
26
0.5
5.25
0
-2.75
-0.25
0.75
1.25
-2
8.75
0.25
-0.75
8.25
0.25
0.5
0.5
-4
-0.75
-0.25
-0.5
0
-0.75
0.25
11.75
1.25
0
0
-1
0.25
0.75
-3.75
-0.25
0.5
-0.25
-0.75
0
0.25
-0.25
0
1.75
-0.25
0
-1
-1
0
1
-1.5
1.25
31.75
0
-2.25
-0.75
1.25
0.75
-1.75
-1.75
2
-8
16.25
2.5
-0.25
-0.75
-4.25
0.5
0.75
0.25
1.75
-11.5
0.25
-2
0.5
2.25
-1.5
-1.25
1.5
-2.75
-5.75
-1.25
-1
-0.5
-1.5
0.75
-1.75
-0.75
0.75
-1
-0.25
2
0
-5.75
1.75
1.5
0.5
0.5
-3.25
31.5
-1
4
-1.5
0.5
-2.25
1
4.25
-1
0.25
28.25
6.75
-2
2.5
1.5
0
-4
-1.75
3.5
4.25
4.75
4.5
-3.25
1.75
0.75
0.5
0
-0.75
-1.5
-2
-32
0.75
0
-0.25
-2.75
-1
-1.5
2.5
0.25
-0.5
-1
26.25
1.5
-0.75
1
0.75
0
0.5
-0.5
-0.5
-0.25
0
0.25
0.5
0.75
-2
-0.25
0.25
0.25
0.5
-0.5
-0.25
2.75
-0.75
2.25
2
4.25
-1
0.25
1
0.5
-0.25
-1.75
0
1.75
-6
-1.75
-1.5
1.25
1.25
0.5
-0.25
-0.5
-0.5
0
-0.5
0
-0.5
11
0.25
1.25
4.25
1
-1
-4
-0.75
1.5
2.75
30
-1
0.75
0.5
4.25
1.75
0
0.25
0.25
0
0
-0.25
0.25
0.25
-0.75
-2
2.5
-29.25
-1.75
1
-1
1.75
-2.25
20.25
3
-3.25
-0.75
-0.5
-0.5
0.75
-5.25
6
0
4.5
3.5
-5
6.25
4.75
-2
-3
14.5
-0.75
-0.5
0
-0.75
-3.25
-2.5
-2.25
2
-0.25
0.75
-2.5
0
-1.75
-1
0.25
1.5
31.75
2.25
-0.75
-1.25
-0.25
-2.5
26.5
0
3.75
-1.75
-2
0
1.25
1.75
-1.75
11.25
-0.25
-1
8
-0.75
1.5
0.5
-7
-1
-0.25
-0.25
0
-1.5
1
9.5
0
0.25
-0.75
-2.5
-0.5
1
-3.25
-0.25
0
0
-0.25
0
0.25
-0.5
0
1
-0.25
0.5
-0.25
0
-0.25
0.25
-0.5
1
31.75
-0.25
-1.5
-0.5
1.25
1.75
-1.5
-2
2.25
-6.75
15.5
2.5
1
-0.75
-3.25
0
0.75
0
2
-11.75
0.75
-3.25
1
3.5
-2.75
-1.75
1.25
-0.5
0
-0.25
-2
-1.5
-1
0.5
-2.25
0.5
1.25
-1
0.25
1.5
-1.25
-3.75
1.75
1
0.25
0
-3.75
30.25
-0.25
2.75
-0.5
1
-2.5
-0.5
3.75
-0.75
0.75
26.5
3.5
-1
4.25
2
-0.75
-5.25
-2
4.25
5.75
7.25
4.75
-3
2.5
0.25
1.5
0.75
-1
-1.75
-2.25
-30.5
1
-1.25
-0.25
-4.5
-0.75
-2.25
2.5
-0.25
-0.5
-1.75
23.75
1.5
-0.75
1
0.75
-0.25
0.75
-0.25
-0.25
-0.25
0
0.25
0.25
0.5
-1.25
0
-0.25
0
0.75
-0.75
0.5
3
-1.75
3.25
2.75
4.5
-0.25
1.75
1.5
0
1.25
-0.25
-0.25
0
-5.5
-1.25
-2
1.5
1.25
0.25
0
0
-0.25
0.5
-0.5
0
-0.25
10
0.25
1.5
4.25
-1.5
-2.25
-6.25
-0.25
1
1.5
30
0
1
-0.5
3.5
0
-0.5
0
0
0.25
0.25
0.25
-0.25
0.25
-0.5
-1.5
2.25
-27.75
-0.5
0.5
-0.25
1.5
-2.5
23.5
1.75
-3.5
-1.75
-0.25
-1.25
2.25
-4.5
4.75
0.25
2.75
2.25
-3.25
4.75
3.25
-2.75
-2.5
14.5
-0.25
0.25
1.5
-1.75
-4.25
-2
-0.5
1.5
-0.5
-0.75
-2.75
0
-1.5
-0.75
0.75
0.5
31.75
2
-1.5
-0.75
0
0.25
26.5
-0.5
2.75
-2.75
-0.25
0.25
1.5
2.5
-1.75
10.75
-0.75
-2.5
6.75
-1
1.5
0
-8
-0.5
-0.75
0
-0.75
-1
0.25
7
-1.5
1
-2
-3
-1.75
1
-2.5
-0.5
0.25
0.25
0
0.25
0
-0.5
0
0.5
0.25
0.5
0.5
0.25
0.5
0
-0.25
0.75
31.75
-0.25
-1.25
-0.25
0.5
1.25
-1
-2.75
2.25
-6
15.25
2
3.25
-1
-1.5
-1
0.5
1
1.5
-10.25
0
-4.25
1
3.5
-2.25
0
0.5
1.75
0.75
0.25
-3
-1.75
-1.75
0
-2.5
3.25
2.5
-1
-0.25
1
-1
-1.75
2
0.5
0.75
0.25
-2.75
26.75
0
1.75
-0.75
2
-2
-0.75
2
-0.5
1.25
19.75
0.75
-0.5
3.75
1.5
-1
-4.5
-1
4
5
7.5
3.5
-2.25
2
0.75
1
0.5
-1.75
-1
-2.5
-24.25
2
-1.75
0
-5.25
-1
-2.75
2
-0.25
0.75
-1.75
22.75
0
-1
0.75
1
-0.25
0.5
0.25
-0.25
-0.25
0
0
0
0.25
-0.5
0
-0.75
0.75
1.25
-2
2.25
3
-2
3.5
2.5
4
0.25
3.25
1.25
-0.75
0.75
0.25
0.25
-0.5
-5
-1.5
-2.5
0.5
1.25
0.25
0
0.5
0
0.5
-0.25
0
0
9
0
0.75
3.25
-5
-2.5
-6.25
-0.75
0.25
-0.25
27.25
0.5
1.25
-0.75
2.75
-1.25
-0.25
-0.25
0
0.25
0.5
0.25
-0.25
0
0
-0.25
1.25
-25
-0.5
0
0
1
-2
24.25
0.75
-3
-1.75
-0.25
-0.75
2.75
-3.25
2.5
0.5
1
0.75
-2
3.5
1
-3.25
-1.75
12.25
-1
0.25
2.75
-2.25
-3.5
-1.25
1
1
-0.5
-0.25
-1.25
0
-2
0
0.75
0.75
31.75
1.25
-1.25
-0.75
0.75
2.5
24.5
-1.25
2
-2.5
0.5
0.75
1.75
2.5
-1
8.25
-0.5
-3.5
5.5
-1.25
1.25
-0.25
-8.25
0
-1
0
-1
-0.25
-0.75
7.5
-1
1.5
-1.25
-1.75
-0.75
-0.25
-1.25
0
0
0.25
0
0.25
0.25
-0.25
0.25
0.25
0.25
0.5
0
-0.25
0.75
0
0
1
29
1
-1.5
-0.5
0.75
1.5
-0.75
-2.25
2
-5.25
16.25
0.5
3
-0.25
-0.5
-1.25
1
2.5
1.25
-7.75
0.25
-3.25
0.75
3
-1
0.5
0.75
3.5
0.25
0.25
-2.5
-0.5
-2
0.25
-2
6
4
-1.25
-0.25
1
-0.5
-1.75
1.25
-0.25
0.5
0.25
-2
23.25
1.25
0.25
-0.75
2.25
-0.25
-1.25
-0.75
-0.5
0.25
13.5
0.75
-1.75
2.75
2.25
-1
-3.25
0
3
3.5
6
1.75
-0.75
1.25
0
1.75
1
-1
0
-1.25
-21.75
0.75
-1.5
0.5
-4.5
-0.75
-1.75
2.5
-0.25
0.5
-1.5
20.25
-0.75
-1.5
1.25
1
0.25
0.75
0
-0.25
-0.25
-0.25
-0.25
0
0
-0.25
-0.5
-1
1.75
1.5
-2.5
3.75
3
-1.5
4
3.5
3.75
1.5
4.5
1.25
-1
0.25
-0.25
0.75
0.25
-5
-1.75
-2.5
0
0.5
0.25
0.25
0
0
0.25
-0.5
0
0.75
7.5
0.25
-0.75
1.25
-6.25
-1.75
-5.5
-0.75
-0.25
-1.25
21.5
0.5
2
0.25
1.25
-1
0
-0.25
0.5
0
0.75
0
-0.25
-0.25
0.25
0
0.25
-22.25
-0.5
0
0.25
0.75
-0.75
21
-1
-2
-1.5
-0.75
-0.25
2
-2
1
0.25
0.25
0.25
-1.25
2
0.5
-4.5
-0.25
9.5
-0.75
1
2.75
-2
-3.75
0
1.75
0
-1.25
0.5
0
-0.75
-1.75
0.5
0.5
0.25
31.75
1
-0.5
-0.75
0.75
2.75
22.5
-0.75
1.75
-2.25
1.25
1.5
2
2
-0.25
7.25
-0.25
-2.75
4.5
-1.25
0.75
-1
-8.5
0
-0.25
0
-1.25
0.5
-1
9
-1.25
1.5
-0.75
-1.25
0
-0.25
-1.25
0.25
-0.25
-0.25
-0.25
0
0.25
0
0.25
0.75
0
0.5
-0.5
-0.5
0.5
0.5
-0.25
0.5
21.25
1
-1
-0.5
1
1.5
0.25
-1.25
0.75
-4.25
16
-0.5
2
1.5
0.75
-0.5
1.25
3.75
1.25
-6.75
1
-3
0.5
2.5
-1
0
1.5
3.75
-0.5
0.25
-2
1
-1
1.5
-1.25
6.25
4.75
-1.25
0.75
0.5
0
-1
0.5
-0.25
0.5
0.25
-1.25
18.75
2
-0.75
-1
1.5
0.5
-1.25
-1.25
-0.25
-0.5
11.5
2.25
-3
2.75
2.5
-1.5
-2.25
0.5
1.75
2
4.25
0.5
-0.25
0.5
-1.75
2
2
0.25
0
0.25
-21.75
-0.5
-1.25
0.25
-4.25
-0.5
-1
2.75
-0.25
0.5
-0.5
13
-0.5
-1.5
0.5
-0.25
1
0.5
0
-0.25
-0.25
-0.25
0
0.25
0
0
-0.75
-0.5
3
1
-2.75
5
2.5
-1.5
2.75
4
3.25
2
3.25
2
-0.75
-0.5
-0.5
0.5
1.5
-4.25
-1.5
-2.75
-0.25
0
0.25
0
-0.25
-0.25
-0.25
-0.25
-0.25
0.5
5
0.25
-1.25
0.25
-6.75
-1
-5.25
0
0.25
-1
14.75
0.5
3
0.5
-0.75
0.5
0
0
0.25
-0.25
0.5
0
-0.25
0
0
0.75
0
-18.25
0
0.25
0.25
0
0.25
16.25
-1.25
0.25
-1.25
-0.5
0.25
0.75
-1.75
1
0.25
1
0.5
-0.75
1.75
0
-5.75
0.25
5
-0.75
0.75
2.75
-0.75
-2
0.5
1.5
-0.75
-1.25
0.75
0.75
-0.75
-0.75
0.5
0
-0.75
30.75
-1
0
-0.25
1
2.75
20.25
-0.5
2.25
-0.5
2.25
1.75
0.25
2
1.25
7.25
0
-1.75
4
-2.5
-0.5
-1
-8
0.75
0.25
0
-0.75
0.75
-0.75
11
-1
0.25
-0.5
-1.25
-0.5
0.5
-1.25
-0.25
0.5
-0.5
0.25
0
0.5
0.5
-0.5
0.25
-0.75
-1
0
-0.5
-1.25
0.5
-0.75
0.5
29.25
1
-2.5
1
1.75
0.75
-1
-2
0.75
-14.25
27
3.25
-0.5
-1.5
-12.25
-1.25
1.25
-2.25
0.25
-6.75
0.75
3.25
0
0.75
-1.75
0
2
-3
-6
-2.5
-0.75
1.75
-1
0
-1.25
-2
-0.5
0.25
0.5
4.25
0.75
-6.5
3.5
1.5
2.75
-0.5
-8
23.5
1.5
1.75
-2.25
-5.75
1.75
-4.5
-0.5
-0.5
1.5
31.75
8.25
-1.25
-2.25
0
2
-6
-0.25
2
0
3
3.5
-2.5
0.5
-1.5
-0.75
0
0.5
-1.25
-1
-32
-0.75
2
-0.5
-0.25
0.25
0.75
2.5
-0.5
-0.5
-0.75
31.75
3
-0.5
0.25
0.25
1
2
0.25
-0.25
-0.25
-0.25
0
0
0.5
-3.75
-0.75
-0.5
0.75
0
-0.5
-0.25
2.25
1.75
4.25
3
5.75
0.75
1
4
-1.75
1
-2
0
-0.25
-4
-2
1.75
1.5
2.75
0
0.25
-1.25
0
0
-0.5
0.5
0.5
8.75
-1.75
1.25
2.5
2.75
0.5
2.5
0.75
-1
-0.5
20.75
0.5
-1.25
-0.5
3.25
1
-0.25
0.25
0
0.25
-0.5
0.25
0.25
0.5
-2.5
-1
2
-25
-2.5
0.75
-0.25
1
-1.25
30.5
-0.5
-1.75
0.25
0.5
-1
-0.75
-4
4.75
1.75
4.75
5
-4.25
6
3.5
-0.75
-0.5
12.5
-0.5
-0.75
-1.75
0.75
-1
-0.5
-0.75
2
-0.5
-0.25
-2.25
-1.25
-5.5
0
0.25
1.25
26.25
1.25
0.5
-2.25
0
-2.75
31.75
-0.5
2
-1.5
-0.25
1
1.5
6
0.25
10.25
-1.25
0.25
12
-2
1.75
0.75
-6.5
-1.25
0
0.75
-2
-0.25
1.75
10.5
1.25
0.5
0.5
-2.75
0
1.25
-1.75
-0.25
0.75
-0.25
-0.25
0
0.5
0.25
-0.25
0.5
-0.75
-0.25
0.5
-0.25
-1
-0.25
-0.75
-0.25
30
-0.5
-1
1.75
1.5
0.5
-0.5
-2.25
1
-14.5
27
2.5
-0.75
0.5
-11
-2
1.5
-1.25
1.25
-8.25
0.75
0.75
1.25
2.75
-2
0
2.5
-2
-0.25
-1
-3
-0.75
-3
-1
-0.75
0.75
-0.25
0.25
-0.5
2.5
-0.5
-5
2.5
1
1.25
-1.25
-6.5
27.75
0.25
2.5
-0.75
-4.5
0
-6
1
-1
1.5
30
4.75
-0.5
-0.75
0.25
2
-6.75
0.75
3.5
1.5
5
3.25
-1.75
0.75
-1.25
-0.5
1
0
-2.25
-1.25
-32
-0.25
0
-0.75
-3
0
-1.5
2.25
-0.5
-0.5
-0.75
28.75
3.5
-0.75
0.5
-0.25
0.25
0.5
-0.5
-0.5
0
-0.25
0
0.25
0.75
-2.25
-0.25
-0.25
0.25
-0.25
0
-1.25
1.25
0.5
5
5
5.75
1
0.75
2.75
-0.5
1.25
0.5
-0.75
-1
-4
-1
0.5
3.25
3
0.25
0.25
-1.75
0
0.25
-0.5
0.25
0.5
11.5
-0.75
2
1.75
0.75
-0.75
-1.25
0
-1.25
-0.75
21.75
-0.25
0.25
-1.25
1.5
-0.5
0
0.25
0
0
0
-0.25
-0.25
0.5
-1.5
-1.25
2.25
-27.5
-1.25
0.25
0
0.75
-1.5
30.75
-0.75
-1.5
0
0.25
-1.5
0.5
-4.5
5.25
2.25
3.75
4
-3.5
5.25
3
0.25
1.25
17
-0.5
0.25
-2.75
-0.25
-4
-0.75
-1.75
1.75
0.75
-3.25
-1.75
-0.75
-2.5
-0.25
0.25
0.5
27
2.25
0
-2
-0.75
1.25
31.75
-0.75
0.75
-0.25
0.5
0
0.75
6.75
1
13.5
-0.25
-1
11.5
-3.5
-1.25
1.25
-8.5
-1.25
-1.25
0
-1.5
-0.25
1.5
8.5
0.5
0
0
-2.25
-0.5
1.5
0
0
0.75
-0.25
0
0
0.25
0
-0.25
0.5
-0.25
0.25
0.75
0
-1
-0.25
-0.5
-0.75
29.75
-1.5
0
1.5
1
0
-0.5
-2.5
1.5
-11.25
23.5
1.25
1.25
0.75
-7
-1
1.25
-1.25
0.75
-10
1
-1
1.25
3.5
-1.75
-0.75
1.75
1.25
4.25
-0.5
-2.25
-1.25
-4
-2.25
-1.25
2.25
1.5
-0.5
0.25
1
-1.75
-1.75
2.25
0.5
0.25
-0.5
-3.75
23.75
0
1
1.25
-2.25
-1.25
-6
1.75
-0.25
0
24.25
2.75
0
1.75
0.75
0.75
-6
0.5
3.75
2.75
6
3.25
-1.5
1.25
-0.75
1.25
0.5
0.25
-1.5
-0.25
-30.5
-0.25
-2.25
-1.25
-6
-0.5
-2.25
1.5
-0.5
-1
-0.75
24.75
2
-0.5
0.25
-0.75
-1.5
0.5
-0.25
0
-0.5
-0.5
0.25
0.25
0.25
-1.25
0.25
-0.25
-0.5
-0.5
0.5
-0.5
2
-1.5
4.25
4.75
5
0.25
0.75
2
-1.25
2
2.25
-0.75
-1.25
-2.75
-0.5
-1.25
2.75
2
0
0
-0.75
0
0.25
0
0
1
13
-0.25
0.5
0.75
-3.5
-1
-4
0
-0.25
-1.25
19.25
1
1.25
-2.25
-1.25
-1.25
-0.25
0.25
-0.25
0
0.25
0
-0.5
0.25
-0.75
-0.75
1.25
-25.5
0.75
-0.5
-0.25
0
-1.5
29.75
-0.75
-0.25
0.5
1.5
-2
1.5
-4.5
4.75
2.25
2.75
2.25
-3
4.75
2.75
1
2.75
17
-0.5
1
-2.5
-0.5
-5.75
1
-0.75
0.25
-1.25
-2.25
-0.75
-0.25
-1.75
-0.75
0.25
-0.75
29.75
2.25
0.75
-1.5
-1.5
2.25
31.75
-0.5
-0.75
0.25
0.5
0
0
5
1
11.75
-0.75
-2
7.75
-2.25
-2.25
0.75
-10
-1
-2.75
0.25
-1.75
0
0
6.5
0.25
-0.75
-0.75
-0.25
-1
1
1.5
-0.25
0.75
0
-0.25
0
0.25
0.25
0
0
0.5
0.25
1
0.5
-1
-0.75
0
-1.25
29.5
-2.25
0.5
0.75
-0.25
-1.25
0.5
-3
1.5
-8.75
21.25
0
2.5
0
-3
-0.25
0.25
0
0
-10.5
0
-3
0
2.25
-0.25
0
0.25
3.25
3.25
-0.25
-2
-1
-4
-2.75
-1.75
2.75
2.5
-1
0.5
1
-0.75
0
1.75
0
0.25
0.25
-1.5
16.75
0
0
2
-0.25
-0.75
-3.75
1.25
-0.5
-0.25
17.5
2.25
0
3
1.25
0
-4.5
0.5
2.5
2.5
5
2
-1
1.5
-0.5
1
0.25
0.5
-0.25
0
-22.25
-0.25
-2.75
-0.5
-7.75
-1.25
-2.25
1.5
-0.25
-0.25
-0.75
24.75
-1.25
-0.75
0.75
-0.75
-1.75
-0.25
0
0.25
-0.5
-0.25
0
-0.25
0
-0.25
0.25
-0.25
0.5
-0.5
-0.25
2
2.5
-1.75
4
4.5
4.75
0.75
1.75
2.25
-2
2
2.75
-0.25
0.5
-2.25
-0.75
-2.25
-0.5
1
0
-0.75
0.5
0.5
0.5
-0.25
0
0.25
12.5
-0.25
-2.25
-0.75
-7.25
0.25
-3.5
0
0
-2
16
2
1.25
-1.75
-2.25
-1.5
-0.25
0
0
0.5
0
0
0.25
0.25
0
0.5
0
-23.75
-0.25
-1
0
-0.25
-1.25
29.5
-0.5
0.5
1.5
1
-1.5
1.75
-3
2.25
1
1
0.5
-1.5
3
1.25
0.75
2.25
12.25
-0.75
1
-1.5
-0.5
-4.75
1.25
-0.25
-0.25
-2
-0.25
0.25
0.5
-1.5
-0.25
0.25
0
31.75
1
1.25
-1.5
-1.75
2.25
26.5
0
-0.5
0.25
0.75
0.5
-0.75
2.5
0.75
8.25
-1.5
-2.75
4.75
-0.75
-0.5
0.5
-10.5
-1
-2.5
0.75
-2
0.5
-1.5
6.75
-0.25
0
-0.25
1.5
0
-1.25
2.25
0
0.25
0
0
0.25
0
0
0
0
0.5
-0.25
0.5
0.25
-0.5
-0.5
0.25
-0.5
23.5
-1.25
0.5
0
-0.75
-1.5
1
-2
0.75
-6.25
17.75
-1
1
0.25
-1.5
-0.75
-0.25
1.5
0.25
-9.25
0.25
-2.75
-0.5
0.75
1
0.25
-0.25
3.5
2
-0.75
-2.5
0
-3.25
-3
-0.25
3.25
2.75
-0.5
0.5
0.75
0
-0.25
1
0
0
0.25
0.25
12
0
-0.5
1.25
1.75
0.25
-1.25
-0.5
-0.75
-0.5
14.25
2.75
-0.5
2.75
1.25
-1
-2.5
0.25
1.25
0.75
3.5
0.75
-0.5
0.75
-0.75
1.5
1.25
0.75
-0.25
0.5
-18.5
-1.25
-3
0
-6.25
-0.75
-1.25
2.5
-0.25
0
-1
22.25
-2
-1.25
0
-0.75
-0.75
0
-0.25
0
0
0
-0.25
-0.25
0
0.25
-0.25
0.5
1.75
0.25
-0.5
3.5
3
-0.75
4.25
5
4.5
1.75
2.25
2.5
-2.5
1.25
3
0.25
1
-2.75
-1
-2.5
-2.5
0.75
0
-0.25
0.25
0.25
0.25
-0.25
0
0
10.5
-0.5
-3.75
-2.5
-8.5
1.5
-2
0.75
0
-2.75
9.5
1.75
1.25
-0.25
-2.25
-1.5
0
-0.25
0.25
0.25
0
0
0.25
0
0.5
0.25
-1.25
-20.5
-0.5
-1.25
0.5
0
-1
24.75
-0.5
1
1.5
-0.25
-0.5
1.25
-1
0.25
0
0.25
0
-0.75
1.75
0.75
0.25
2.5
7
0
2
-1.5
0
-3
1.5
0.25
-0.75
-2
0.5
0.75
0.25
-1
0.5
0.25
-0.75
31
0.75
1.75
-1.5
-1.75
1.5
19.75
0
-0.75
-0.25
1
1
0
0.75
0.5
7.75
-1.5
-2.25
3.25
-0.75
0.5
-0.25
-9
-1
-1.25
0.25
-1.5
0.75
-1.5
8.5
-0.5
1
0.75
1.75
1
-2
2.25
0
0.25
-0.25
0
0.25
0
0
0
0
0
-0.25
0.25
0.25
-0.5
-0.25
0.25
0.25
17.25
-1
1.25
0
-0.25
-1.25
1.75
-0.5
0.25
-4.5
15.25
-1.25
0
1
-0.5
0
0
3
0.5
-8.5
1.5
-1.75
-0.5
0
0.75
-0.5
0
3.5
1.25
-0.25
-2.25
0.75
-1.75
-2.75
0.25
3
4.5
-0.25
1
0.25
0
0
0
-0.25
-0.5
0.5
0.75
10.25
0.25
-0.75
0.5
2
1
0
-0.75
-0.25
-0.25
13
2.75
-1.25
2.25
1
-2.25
-1.5
0
0.5
-0.25
2.25
0
-0.25
0.5
-1.25
1.25
1.75
1
-1.25
0.5
-16.75
-1
-3
0.5
-5
-1
-0.25
3
0.25
0.25
-0.25
13.25
-0.75
-1.25
-1
-1.5
0.75
-0.5
-0.25
0
0
0.25
0
-0.25
0
0.25
0.25
1
2.25
-0.25
-0.5
4.25
2.75
-0.75
4
6
4
3.5
1.5
3.5
-2.5
1
3.25
0
1.75
-3.5
-1
-3.5
-3
0.5
0
0
-0.5
0.25
0
-0.25
0
-0.25
8
-1
-3.5
-2.5
-9.5
1.75
-1.5
1.5
0.75
-2.25
4.25
1.25
1.5
1
-2.5
-0.75
0
-0.25
0
0.25
0
0
0
-0.25
0.5
0.5
-0.75
-15.5
0.25
-0.5
0.5
-0.25
-0.25
16.75
-0.5
2.25
0.5
-1
1.25
0
0
0
0
1
0.25
-0.5
1.25
0.25
-0.75
1.25
3
0.5
1.5
-0.75
0.25
-0.75
1.5
0.5
-0.75
-1.75
1
0.5
-0.5
-0.5
0.25
0
-1.25
26.75
-0.75
2.25
-1.25
-1.25
1.5
14.25
-0.25
0.25
0.5
1.25
0.75
-0.75
0.75
1.75
6.5
-0.25
-1
2
-2.25
-0.75
-0.25
-7.25
-0.25
-0.25
0
-0.75
0.75
-0.75
11.25
-1
0.5
1
0.75
0.5
-1
1
-0.5
0.75
0
0
0
0.5
0.5
0
-0.25
0
-1
0.5
-0.25
-0.75
0.5
-0.25
-2
16.75
-0.75
0.25
1.75
0.75
-0.5
0.5
-1.25
-0.75
-12
20.25
3.25
-3
1.25
-13
-5
3.75
-1.25
1.5
0.75
-1
4.5
1
0
0
1
1
2.25
-3.5
-0.25
-1.25
1.25
0.25
0
-1
-2.75
-2
0
0
2.5
-0.25
-4.5
3
2.5
1.25
-1.75
-8
19.75
1.5
0.75
-2
-3.75
1.75
-7.25
-0.75
0.75
-3
25
7
-0.25
-3.25
-0.5
1.25
-4.75
2
0
-1.75
2.5
1
-0.75
-1
-1.25
-1.5
0
0.5
-1.75
-1
-31
0
0.75
-1
-0.25
-0.75
-1
2
0.25
-0.25
-1
30
-0.75
-0.75
0.25
-0.75
1.25
0.5
0
-0.25
0.25
-0.25
-0.25
0
0
-3.25
0.25
-2.5
-0.25
-1
0
-2
-1.25
0.25
3.5
3.75
5.25
1.5
0
3.5
-2
1.5
-1.5
-0.5
-2
-1.75
-0.25
3
4
2.5
-0.25
0.5
-2.75
0.75
0.25
-0.5
-0.25
2
8
-1
3
-1.75
0.75
-1
1
0.5
-0.75
-1.75
13
0.25
-2.25
-0.5
-1.25
-1.75
0
0.75
0
-0.75
0
0.25
0
0.25
-1.25
0
0.75
-16
-1.25
-0.25
1
-0.25
-0.25
20.25
-1.25
1.75
1.75
0
-1
0
-5
4.75
4
5
4.75
-3.75
4.25
3.25
-0.25
-0.25
10
-0.25
-0.25
-1
0
0.5
1.25
0.25
0.25
-1.25
-2.75
-1.5
-0.75
-4.75
0.25
-0.5
2.25
18
0.5
1
-1
0
2.25
21.75
-0.5
-2.25
2.25
1.75
0.75
0.25
9.5
3.25
8.25
-0.5
0.75
12.25
-4
0
1.75
-13
1
-0.25
1.5
-2
-1.25
2
7.25
1.5
0
0.5
-1.5
0
0.25
0
-0.25
0.5
-0.25
0.25
-0.25
0.5
0
-0.25
0.5
-0.5
-0.25
0.75
-0.25
-0.5
0
0
-2.5
17.25
-2.75
1.25
0.25
0.75
-1.75
1.5
0
-0.25
-13.5
21.75
3.75
-4
4
-14.25
-5
3
-0.5
1.25
-1.75
0.5
2.75
1
-0.25
0.5
2
0.5
0.75
0.5
0
-1.75
-0.25
-0.5
-0.25
-1
0
-1.25
0
0.5
1.75
-0.75
-2.5
2
1.75
0.75
-1.5
-6.5
23
1.25
0.5
0.25
-3.5
2
-8.5
0.75
0.5
-3
26.25
6.5
0.5
-2
0
1.75
-5
2.75
0.25
0
2.5
0
0.75
-0.25
-0.75
-0.75
0.25
-0.5
-0.5
-1.75
-30.75
0.75
-2
-1.75
-2
-1.25
-2.25
1
-0.25
0
-1
25
-1.75
0
-0.25
-0.5
0
-0.25
0
-0.5
0.25
-0.75
-0.25
0
0.25
-2
-0.25
-2.25
-0.25
-0.75
0
-2
-0.25
0
3.75
4.75
5
2.75
0.25
2.75
-1.25
2.25
1
-1.25
-2.25
-1.25
0.5
0.75
5.25
1.75
-0.75
0.25
-3
0.25
0
-0.25
-1
2
10.25
-1.25
1.5
-2.5
-0.75
-0.5
-1.75
-0.25
-1.25
-2
8.25
0.75
-1
-1
-3.25
-3
-0.25
0.5
-0.25
-0.5
-0.5
0
-0.25
0
-0.75
-0.25
0.5
-17.25
0.25
-0.75
0.5
-0.5
-0.5
16.25
-1.5
2.25
1.25
-0.25
-0.75
0.5
-5.75
5.75
5
4.25
3.75
-3.5
4.5
3
0.25
2.75
12.5
1.25
0.25
-1.5
0.75
-3
0.75
-0.75
0.5
-0.5
-3.25
-0.5
0
-1.25
-1
0.75
1
15.75
1
0.5
-1
-2.5
4.5
23
-0.25
-2.25
3
1.5
0.25
-0.25
8.75
4
13.5
0.75
-0.5
12.5
-3.5
-1.5
1
-15.75
0.5
-1.25
1.75
-1.75
-1
0.5
6
0.75
-0.5
1
-0.5
0
0.5
1
-0.25
0.75
0
0.5
0
0.25
0
-0.5
0.25
-0.25
0.25
0.5
-0.5
-0.5
-0.25
0
-3
15.5
-3.25
2.75
-0.25
0.25
-2.25
1.75
1
-0.25
-11.5
19.25
3
-2.5
4.75
-11.5
-3
1.5
-0.5
0.75
-6.5
2.25
0.5
1
0.75
-0.75
0.5
-0.5
1.25
4.25
-1.75
-1
-1
-2.5
-1
-1
2.5
0
-0.25
0.25
2
-0.5
-1
2
0.75
0.75
-0.5
-3.75
22.25
0.5
-1.75
1.5
-1.5
2
-7
1.25
1.25
-2.5
26.5
5
0
0.5
0.25
1
-4.25
1.75
1
1.25
3.25
0.5
0.5
0.25
-0.25
0.75
0.25
-0.5
0.5
-0.75
-26.5
1.25
-4.25
-1.5
-3.25
-0.75
-2
0.25
-0.75
-0.75
-1
20
-4.25
-0.25
-1.25
-1.25
-1.5
0
0
0
-0.25
-0.75
-0.25
-0.25
0
-0.25
-0.75
-1.25
-0.25
-0.75
0
-1.5
1.5
-0.25
3
4.75
4.25
2
0.5
2
-2.5
2.5
3.25
-1.25
-2.25
-1
1
-2
4.25
0.5
-0.5
0
-1
0
0.25
0
-0.25
1.25
12.5
-1.75
-2.25
-3.25
-4.75
1
-3
0.5
-1
-1.25
1
1.5
-1.25
-1.25
-4.25
-3.25
-0.5
0.25
0
0.25
-0.25
-0.25
0
0
0.25
0
-0.25
-15.5
2
-0.25
0.5
-1.25
-1
14.75
0.25
2.25
2.25
0.25
-0.75
1.25
-5.5
5.5
4.75
3.25
2.25
-3.25
4
2.5
0.25
4.25
11.5
1.75
0.5
-2
1.75
-4.75
2
0
0
-1.25
-1.5
0.5
0.75
-0.5
-2
1.75
-1.5
15
0.5
1.75
-1.5
-4
3.25
24
-0.5
-2.75
1.75
-0.5
0.25
-0.5
6.5
2.75
16
0.25
-1.75
9.25
-2.5
-0.5
-0.5
-16.25
-0.25
-2
1.25
-2.25
0
-0.5
5.75
1
-1
0.25
0.75
-0.25
0
1.25
-0.25
0.75
-0.25
0
0.25
0
0
-0.25
0
0.25
0.25
0.5
0
-0.75
-0.5
0.25
-2.25
14.75
-2.5
2.75
0
-0.25
-2.25
1
0.75
0
-9
16.75
1.75
-0.75
3.25
-6.75
-0.75
0
-1.5
0.75
-8.5
0.5
-0.75
0.75
0.5
-0.5
0
-0.75
1.5
3.75
-1
-1
-0.5
-2.75
-1
-0.75
3
0
-0.5
-0.5
1.75
-0.25
0.25
1.25
-0.25
0.5
-0.25
-1.75
17
0
-2
1.75
0.75
1.25
-4
0.75
0.75
-2.75
22.25
3.25
-0.25
1.75
0.25
0
-2.5
1
0.75
1
3
0.75
-0.25
0.75
-0.25
0.25
0.5
0.75
1
0
-18
0.75
-4
-0.25
-4.25
0
-1
0.75
-0.5
-1
-1.25
19.5
-6
-0.5
0
-1
-0.25
0.75
0
0
0
0
-0.5
-0.5
0
0.25
-0.75
-1
0.25
-0.75
0
0
1.75
-0.5
3
4.75
4.5
1.25
1
3
-2.5
2.25
4
-1
-1.25
-0.75
1
-2.75
1.5
0
-0.25
-0.25
1
0
0.5
0.25
0.25
0.25
11.75
-2.25
-4.5
-2.5
-7.5
2
-1.5
0.5
-1.25
-1.25
-2.5
1.5
-1.75
-0.5
-3.5
-2.25
-0.25
0.25
0
0.25
-0.25
-0.5
0.5
-0.25
0
0.25
-1.25
-15.75
0.75
-1.25
1.5
-1.5
-1
14.75
1
1.75
2.75
-0.25
-0.25
2
-3.25
2.75
1.75
1.25
0.5
-1.75
2.75
1.25
0.75
3.25
6
1.25
0.5
-1.75
1.5
-3.75
1.5
0
0
-1
-0.5
0.75
1
-1.25
-2.5
2
-1.25
14.75
0.25
2.5
-2
-4.75
0.75
21.75
-0.25
-1
0.5
0
0.75
0
3.5
2.25
14
-0.25
-1.5
5.75
-2.5
0.5
-1
-13
-0.5
-1.5
0.75
-2
0.5
-1.25
6.5
0.5
-0.25
0.25
1
0.75
-0.75
0.75
-0.25
0.25
0
-0.25
0.25
0
0
-0.25
0.25
0.25
0.25
0.25
0
-0.25
-0.5
0.25
-0.5
14.75
-1
1.5
0.25
0
-1.5
0.5
0.5
-0.25
-6
12.75
-0.25
-0.25
2.5
-2.5
-1
-0.25
-0.5
0.75
-6.5
0.5
-0.75
0
-1
0.75
-0.5
-0.75
1
2.75
0.5
-1.25
0.5
-1.25
-1.25
-0.25
1.5
0.5
0.25
-0.5
0.75
0.25
0.5
1
-0.75
-0.25
0
-0.25
10
-0.25
-1.75
0.75
2.25
1
-1
-0.5
0.25
-2.75
17.25
2.75
0.5
2
0
-1
-1.25
0.25
0.5
0.25
1.75
0.25
-0.25
0.5
-0.25
-0.25
1.75
2
1
0.75
-12.75
-0.75
-3
0.25
-4
0.25
-0.25
1.75
-0.25
-1.25
-0.25
18
-6
0.25
0.25
-1
0.75
0.5
0
-0.25
0
0
-0.25
0
0
0
-0.25
-0.75
0.75
-0.5
-0.25
1
1.75
0.25
3.5
5.25
4.75
1.5
1.25
4
-2.75
2.25
4.25
-0.75
0.25
-1.25
0.25
-3.25
-1.25
-0.25
0
0
0.25
0.25
0.25
-0.25
0.25
0
8
-2
-3.75
-2
-7.5
2
-0.5
1
-0.75
-1.75
-3.5
0.25
-1
0.5
-2.25
-1.75
0
0
0
0.25
-0.25
0
0.25
0
-0.25
0
-1.5
-14.5
0
-1.25
1.5
-0.5
-1
10.5
1.25
1.5
2.75
-0.5
0.25
1.5
-1.25
0.75
0.25
0.5
0.5
-0.5
1.5
1
1
2.5
1.5
0.75
0.75
-2.25
0.75
-1.5
1.25
-0.25
-0.25
-1
0
1.25
0.5
-1
-2.5
1.75
-1.25
15.5
0
2
-1.5
-3.75
-0.75
15.75
-0.25
0
-0.75
0.5
1
1.25
0.75
1.25
9.75
-0.25
-0.5
2.75
-2
0.75
-0.75
-7.25
-0.25
-0.25
0
-1
0.75
-1
8.75
0
0.5
1.25
1
2
-1
0.5
-0.25
0.25
0
0
0
0
0
0
0
0.25
-0.25
0.25
0.25
0.25
-0.25
0.25
0.75
13.75
-1
1.25
-0.25
1.25
-0.5
0.25
0.25
-0.25
-3.5
9
-1.25
0
2.5
0.25
-1
-0.75
1
0
-5.25
2
-0.5
-1
-1.75
0.75
-0.75
-0.5
0.5
0.5
1
-1.25
1.25
-0.25
-1.5
0
1
1.75
0.5
-0.25
0
0.25
0.25
0.25
-0.75
-0.5
0.25
0
5.25
0
-0.75
-0.25
2.75
1
1.5
-0.25
0.25
-1.75
13.25
1.75
0.75
1.25
-0.75
-1.5
-0.5
-0.5
0
-0.5
0.25
0
-0.25
0
-0.5
0.25
3.25
1.25
0.5
0.5
-11.25
-1
-2.5
0.5
-3.75
-0.75
0.5
2.25
0
-0.75
0
11.75
-5
0.75
0.25
-1.5
0.75
-0.5
0
-0.5
0
0
0
-0.25
-0.25
0
0.25
-0.25
0.75
-1
0
1.5
2
-0.25
3.75
6.5
4.5
3.75
1.25
5
-2.75
2.5
5
-1
1.75
-2.25
0
-4
-2.5
-0.25
0
0
0.25
0.25
0
-0.25
0.5
-0.25
5
-1.25
-2.5
-1
-7
1.75
-0.75
1.25
0.25
-1.5
-4.5
0
0
1
-2.25
-1.25
-0.25
0
-0.25
0.25
0
0
0
-0.25
0.5
-0.25
-1
-11.25
0.75
-1
1.75
-0.25
-1.5
7.25
1
1.5
2
-0.75
1.25
0.5
-0.5
0
0.25
0.5
0.5
-0.25
1.25
0.25
1
1.25
-1.25
0.5
0.5
-1.5
0
0.5
1
-0.5
0
-0.5
0.25
1.75
-0.25
-1
-1.5
-0.25
-1.75
18
-0.75
0.5
-0.25
-1.5
0.25
11.75
-0.5
0.75
-0.5
1
1.25
0.75
0.25
1.25
5.75
1
0.25
1.25
-2.25
0
-0.25
-4
-0.25
0.25
-0.25
-0.75
0.5
0
10.5
-0.25
0
1
0.25
1
-0.5
-0.5
-0.25
0
0
0
-0.25
-0.25
0.25
-0.25
0.25
0
-0.25
0
0
-1.5
1.5
-0.5
-1.5
0.75
-0.75
1
0.25
0.25
0.5
0.5
0.75
-2.25
-5.5
8.75
2
-2.75
2.5
-8.5
-4.5
3.75
0.25
1.75
6
0.25
2.25
1
0.5
1
1.25
0.75
5.75
-0.75
1
-1.75
1
-0.5
-0.5
-0.5
-0.75
-2.75
-0.5
0.75
1.25
0
-1.75
2
0.75
0.5
-1.75
-4.25
17
1
-0.5
0
-0.75
0.5
-5
0.75
2
-4
16.5
5.25
-0.5
-0.75
-1
1.5
-2
1
-0.75
-0.5
1.5
-0.25
-0.25
-0.25
-1.75
-1.5
0.25
1.25
-0.5
-1.25
-19.75
1
-1.75
-0.75
3.5
-1.75
-0.25
0
0.75
-1
-0.5
17.25
-5
0.25
-0.25
-0.5
0
-0.25
-0.25
-0.25
0.25
-0.5
-0.25
-0.25
0.25
-1.75
-0.25
-1.25
0
-0.25
-0.25
-1
-0.75
0.25
0.5
3
4.25
1.25
-0.75
3.75
-1.75
1.5
1.75
-0.5
-3.75
-0.5
0.25
1
3.75
1.25
-0.25
0.5
-4
0.5
0
-0.5
-0.25
1.75
6.75
-1.25
1.75
-3.5
-3.75
-1.5
-1.5
0.25
-0.75
1
3.5
1
-1.75
0.75
0.25
-1
0
0.5
0
-0.5
0
0.25
-0.5
0
-0.5
-0.5
-0.25
-5
-0.75
0
0.25
-0.5
0.25
7.5
-0.25
0.75
1.25
0.75
-0.25
0.5
-5.75
5
5.25
5
3.5
-3
2.5
2.75
0.5
0.5
4.75
0.5
-0.25
-1.25
-0.25
-0.5
1.25
0.5
-0.75
-1.5
-2
0.25
0.5
-2
-0.5
1
2.75
6.75
-1
-0.25
-1
0.5
3.25
2.5
-0.5
-1.25
1.25
1.5
0
1.25
7.75
6
8
0.5
-0.25
9
-4.25
0.5
0.75
-15
1.5
-0.25
0.25
-1.5
-0.25
1.75
8.5
0.75
-0.75
-1.5
0.5
-0.5
0
-0.25
-0.25
0.25
-0.25
0
-0.25
-0.25
0
-0.5
0.25
-0.25
0.25
-0.25
-0.25
-1.25
0.75
-0.25
-2.25
2.25
-2.25
2
-0.25
-0.25
-1
0.75
2.25
-2.25
-6
8.5
1.75
-3.25
4.75
-9
-4.5
3
0.5
1.5
4.25
0.75
1.25
0.5
0.75
-0.25
1.5
-0.75
4.75
3.5
0.25
-1.25
0
-0.25
-0.25
0.25
0.5
-2.25
0
0.5
0.75
0
-0.25
1.25
0.75
0.75
-1.25
-3
20.25
0.75
-0.75
0.5
-1.75
1.5
-5.5
0.5
1
-3.75
18.25
5.5
0.25
0.25
-1.25
2.5
-2.5
1.5
-0.5
0.75
1.75
-0.25
0.5
0.25
-1.5
-1
1.25
0.25
0.5
-1
-18.5
0.75
-3.25
-0.25
2.75
-1
-0.5
-0.25
1
-0.5
0.25
15.25
-4.75
1
-1
0
-0.5
-0.75
-0.25
-0.5
0
-0.5
0
-0.5
0.25
-2
-0.5
-0.5
0.25
-0.25
-0.25
-1.25
-1.5
0.25
1
4.75
5
1.5
-1
4.75
-1
2.25
4
-1.25
-4.75
-0.5
1.25
-0.25
4
0.25
-0.25
0.5
-3.75
0
0.25
0
-0.25
1.25
7.25
-0.5
0.25
-5
-5.5
-0.5
-3.5
0.25
-1.5
0.5
0.5
0.75
-1
0.5
0
-1.25
-0.5
0.5
0
-0.25
-0.25
-0.25
-0.5
-0.5
-0.25
-0.5
0
-4
0
0
-0.25
0
0.25
4.25
0.25
1
1.25
0.25
-1
1
-5.75
5
5.25
3.75
2.25
-2.25
2.25
2
1
1.5
5.25
2.25
0
-1.75
1
-2.5
0.75
0.25
-0.5
-1
-2.25
0.25
1.25
-0.75
0
1.25
1
4
-0.5
0
-1
0
2.75
2.5
-1.25
0.5
0.75
1.5
0.25
2.25
7
5.5
12
0.75
0.25
8.75
-3.5
0.75
0.25
-15
0.5
-0.75
0.25
-2
0.5
0.5
6.75
-0.25
0
-1.25
0.25
-0.5
0.25
-0.5
-0.25
0.75
0
0
-0.25
0
0
-0.5
-0.25
-0.5
0.25
0.25
-0.5
-0.75
-0.25
0.25
-2.25
3.25
-2.75
2.75
-0.5
-0.5
-1.75
0.75
2.75
-1.5
-6.5
8
1
-3
6.25
-7.5
-2.25
1.25
-0.25
0.75
0.25
0.75
0
0.5
0.75
-1.5
0.25
-1.75
3
5
-1.75
-0.25
-1
-0.5
-0.5
0.5
0.5
-1.25
0.5
-0.25
1.25
0
0.25
1
0.5
0.5
0
-2
18.25
0.5
-0.75
0.75
-1.5
2
-4
0.5
0
-3.5
18.75
4.25
0.75
1.25
-0.75
2.75
-1.25
0.5
0
0.75
1.25
0.25
0.25
0
-0.5
0.25
1.75
-0.25
0.75
-0.75
-14.75
0.75
-2.5
0.75
2
0
-0.75
-0.5
0.5
-0.5
1
12
-4.75
0.75
-0.25
-1.25
-0.75
-0.75
0
-0.25
0
-0.5
-0.25
-0.75
0.5
-1
-0.25
0
-0.25
-0.5
0.25
-1.5
-1.25
0.25
2.5
6.75
6
1.75
-0.75
6
-1.75
3
4.75
-1.5
-2.75
-0.75
1.75
-1
3
-0.5
0
0.5
-1.25
0
0.5
0.25
0.25
0.25
8.25
0
-1.75
-5.75
-8
0.5
-3.75
0.25
-1.5
0.5
-1.75
0
-0.5
0.5
0.25
-1.25
-0.5
0.5
0
0.25
0
-0.75
0.25
-0.75
0
-0.75
0
-2.25
1.25
0.5
-0.25
-0.5
-0.75
2.5
1.5
0.5
2
-0.5
-1.25
1.75
-5
4
3
2.25
1.25
-2
1.75
1.5
1.75
1.5
4.25
2.5
-0.25
-1.5
2.25
-2.75
1.5
0.25
-0.25
-0.75
-1.25
0.25
1
-0.75
-0.25
1.5
-1.25
6.75
-0.5
0.25
-0.25
-0.25
0.5
5.5
-1.25
1.75
0
0.75
-0.25
2.5
5
3.75
12.75
0
-0.75
6.75
-2.25
0.5
-0.5
-12.5
-1
-0.75
0.75
-2
0.5
0.5
5.25
0
0
-0.75
1
0.75
-1
0.5
-0.25
0.5
-0.25
-0.25
0
-0.25
-0.25
-0.25
0
0.25
0
0
0
-0.25
-0.5
0.25
-1.75
3
-2.5
3
-0.25
-0.25
-2
0.75
1.5
-0.75
-5.5
8.25
0.75
-2
4.5
-5.25
0
0
-1.25
-0.25
-2.25
1.25
0.75
0
0.5
-1.75
-0.75
-1.25
1.75
3.75
-0.75
1
-1
-1
0.5
0.5
0.75
-1.25
-0.25
-1.25
1
0.25
0.5
0.25
-0.5
0
0.25
-1.25
13
-0.75
0.25
0.25
0.25
0.5
-1
0.5
-1.25
-2.25
14.25
0.75
0.75
1
-0.5
1.5
-0.5
0.5
0
0
0.5
0.5
-0.25
0.25
-0.25
-0.25
1.5
0
0.75
-0.25
-10.25
0.25
-2
0.5
-0.25
0.25
-0.75
0
-0.25
-0.75
0.5
9.75
-4
0.5
1.25
-0.5
0.5
0
0.25
0
0
0
-0.25
-0.5
0.5
-0.5
0
-0.75
-0.25
-0.5
0.25
-1.25
-1
0.5
2.75
5.5
4
0.75
-1.5
5.5
-1
2.5
3.5
-1.5
0
-1
1.75
-1
1.75
-0.75
0
0
0.75
0.5
0.5
0
0.25
0
7
0
-2.25
-4.75
-7.75
0.5
-1.5
0
-1
0.25
-2.5
0.25
-1
0.25
-0.5
-1
0
0.5
0
0
0
-0.75
0.25
-0.5
-0.25
-1.25
-0.5
-2.25
0.5
-0.25
0.75
-0.75
-0.25
1
1
0.25
1.75
-1
-1.25
1.25
-2.75
2.25
0.5
1.25
0.5
-1.25
1.25
1
2
1.5
0.75
1.75
0.25
-1.25
2
-1.5
1
-0.25
-0.25
-0.5
-0.5
0.75
0.5
-1.25
-0.75
2
-0.5
6.25
-0.25
0.75
-1.25
-1
-1
7.5
-0.25
2.25
-0.25
0.75
-0.25
2.25
3
2.25
8.5
0.25
-0.25
4
-1.25
-0.25
-1.25
-8.5
-1
0
0.75
-1.75
0.5
0.5
5.25
0
-0.25
-0.25
0.25
1.75
-0.5
0
-0.25
0.5
0
-0.25
0
-0.25
-0.25
0
0.5
0.25
0
0.25
0.25
0.5
-0.25
0
-0.25
6.5
-1.75
2.5
-0.25
0.5
-1.25
0.5
0.5
-1.25
-3
7
0.25
0.25
2
-1.5
0.25
0
-0.75
-1
-2
1.25
0.5
-0.75
-0.75
-1
-0.75
-0.75
0.5
1.25
1.25
1
-0.75
0.25
1.25
0.5
0.25
0.5
0
-1.25
0.25
0.25
0.75
0.5
-1
0
0
-0.75
7.25
-1
0.5
-0.75
2
-1.25
1.75
1
-2.25
-0.75
10.75
-1
1.5
0.25
-0.25
0
-0.25
0
0.25
-0.25
0.25
0.75
-0.25
0.5
-0.5
-1.25
1.75
1.25
0.25
0.25
-8.5
-0.25
-1.5
0
-1.25
-0.25
-0.5
1.5
-0.5
-1
0
6.25
-2.25
0.25
1.25
-0.5
2
1.5
0.25
-0.25
0
0
0
-0.25
0.25
-0.25
0
-0.5
-0.25
-0.25
0
-1
0.25
0.5
1.25
3.25
2
-0.5
-1.5
2.75
-0.25
1
2.75
-1.25
2
-1.25
1.25
-2
-0.25
-0.75
0
-0.25
0.5
0.5
0.25
-0.25
0
0
5.5
-1
-2.25
-2.5
-6
1.25
0.25
0.5
-1
0
-3.5
0.5
-0.75
0.5
-1
-0.75
0
0
-0.25
0
0
-0.5
0.25
-0.5
-0.5
-1.5
-0.5
-4
0.25
0
1.5
-0.5
0.25
-1.25
0.75
0.75
1.25
-0.5
-0.25
0.75
-1.5
0.75
0
0.75
0.25
-0.5
0.75
0.75
1.75
1.25
-2.5
0.5
-0.25
-1
0.25
0.5
0.75
-0.75
-0.25
-0.5
-0.25
1.5
-0.25
-1.5
-1.25
2
-0.5
7.75
-1.25
0.75
-2.25
-1.25
-1.75
9.75
0.5
2
-1
0.5
0.25
2.25
1.25
0.25
4.25
1.25
0.75
2
-0.5
-0.75
-0.5
-4
0.25
0.25
0.5
-0.5
0.5
0.25
7.25
-0.25
0.25
0.75
-0.5
1.75
-0.25
-0.75
-0.25
0.25
0
-0.25
0
-0.25
0
0
0.5
0.5
0
0.25
0.25
1
-0.25
-0.25
1
10.75
-1.75
2
-0.25
1.75
0
-0.25
0
-1.25
-1.5
4.25
-1
1.75
1.25
1.5
0.25
-0.75
0
-1.5
-1.75
1
0
-1
-1.5
-0.5
-0.75
-0.5
0.25
-1.5
1.5
1.25
0.25
1.25
1.75
-0.25
-0.25
1.75
0.25
-0.5
-0.25
0.5
1
0.5
-1.25
0
-0.25
-1
2
-1.25
0.75
-1.25
3
-1.25
2.75
1.5
-2
-0.25
9.25
-0.5
2
-1
-0.5
0
0.25
-0.25
0.25
-0.5
-0.5
0.25
0
0
-0.75
-1
2.25
1.5
0.25
0.75
-8.5
-0.25
-1.25
0
-1.75
-1.5
0
1.75
0.25
-1
0
3.75
-1.5
0.5
1.25
-1.25
1.75
1.5
0
-0.5
0
0.25
0
-0.25
0
-0.25
0
-1
0
-0.25
-0.25
0
1.25
0
1.5
3.75
3
1.5
0
3
-1.25
1.25
2.75
-1.5
3.25
-2
0.5
-3
-1.25
-1
-0.25
0
0
0.25
0
0
0
-0.25
4
-1
-2.5
-1
-4.75
2.25
1
1
-1
0.25
-4
0.25
-0.5
1.25
-1.25
0
0
-0.25
-0.25
0.25
-0.25
-0.25
0
-0.25
-0.25
-1.25
-0.25
-4.75
0.5
0.25
1.25
0
0
-1.25
0.25
1
0
-0.5
0.5
0.25
-1
0.75
0
0.5
0.25
0
0.5
0.5
1.75
0
-5.25
-0.75
-0.25
0.25
-1.25
2.5
0.25
-1
0
-0.5
0.5
1.75
-0.5
-1.25
-1.5
0.5
-0.5
12
-2.25
0
-0.5
-1
-0.5
12.25
0.25
2
-0.5
0.5
0.25
0.75
-0.5
-1.25
1
1.5
1
0
-0.5
-0.25
0
-1.5
0.5
0.5
0
-0.25
0.75
0
7.75
-1
0.25
0.75
-1.25
1
0.25
-1.5
0
0
0
-0.25
-0.25
0.25
0
-0.25
0.75
0
0
0
0.25
-0.5
1.25
-0.5
-2.25
3.75
-0.25
2
0.25
-0.25
0.25
0.5
1
-2.75
-1
2
1.5
-2.25
2.5
-4.5
-2
2.25
1
1
2.25
1.5
1
0.25
1
-1.5
-0.75
0
3.75
1.25
-1
-0.75
0.25
-1.25
-0.25
-0.5
1.25
-1.25
-0.5
0
-0.5
-0.25
0.25
0.5
0.25
-0.25
0.25
-0.25
15.5
-0.25
-1.25
0.75
-0.5
-1
-2
0
0
-2.75
12
3.5
0
0.5
0
1.75
-1.25
-0.75
0.25
0
0.25
0.5
-1.25
0
-1.25
-1.75
1.25
0
1.25
-0.75
-11.75
1.25
0
0.25
3.25
-0.5
0.25
0.25
0.25
-1.25
0.75
10.25
-1.75
0
-0.25
0
0
-0.5
0
-0.25
0
-0.25
0
0.25
0
-0.75
-0.25
-0.5
0
-0.5
-0.25
-0.75
-0.25
0.5
0.5
2.75
2
1
-2.25
4.25
0.5
1.25
2.5
-1.25
-3.25
-1
0.5
-3
1.25
0.5
0.25
0
-1.75
-0.25
0
0.5
0
0.75
4.5
-0.5
1
-1.75
-5.25
-0.75
-1.75
0.25
-0.5
1.25
4
0
0
0.5
0.5
0.5
0
0
0
-0.25
0
0.25
-0.25
0.25
-0.25
0.25
-0.25
-1.75
-0.25
0.5
-0.5
-0.25
-0.75
1
1
-1.75
1
0.25
0
1
-4.5
3
2.25
3.5
1.25
-2
2.25
1.5
1.25
0.25
2.5
0.75
0.25
-1.5
0.75
-2
-0.25
-0.25
0
-0.25
-0.25
0
0.75
-1.75
0.25
1
2.25
5.75
-1.25
0
-2
0
2
-1
-0.25
0.5
0.5
1.25
0
0.5
4.25
3.75
7
0.5
0.25
6.5
-1.75
0.75
0
-10.25
-0.25
-0.75
-0.75
-1.25
0.25
1.25
7
0.75
-0.5
-0.75
1.5
-0.25
0
0.25
0
0.25
0
0
0.25
0.25
0
-0.5
0.5
0
0
-0.25
-0.25
-0.25
1
-0.5
-2.5
6
-0.5
2
-0.5
-0.75
-0.75
0.5
2.5
-2.5
-1.5
2.75
1.5
-1.75
2.75
-4
-2.5
1.5
1
0.5
2.25
1.25
0.75
0.25
1.25
-2.5
-1.25
-1
3
2.75
-2.25
0
0.25
0.25
0
-0.25
0.5
-0.75
-0.25
0.5
0
0.25
0.75
0.25
-0.25
0
0
-0.75
15
-0.5
-1.25
0
-1.25
-0.75
-1.75
-0.25
-0.5
-1.75
10.75
3.5
0.75
0
0
1.5
-1.25
-0.5
0.75
0.5
0.75
0.75
-0.5
0
-0.75
-1.5
2
0
2
-0.5
-13.25
0.75
0.25
0.25
2.25
0.25
0
0
0
-0.5
1.75
8.25
-0.75
-0.25
-0.25
0
-0.25
-0.75
0.25
-0.25
0
-0.25
0.25
0
0
-1.25
-0.25
-0.75
0
-0.5
-0.25
-0.75
-0.75
0.25
0
2.5
1.5
0.75
-2.25
3.75
1.5
1.25
3
-1.75
-2.5
-1.25
1.75
-2.75
1.25
0.5
0
0
-1.25
0
0
0.25
0.25
0.75
2.75
-0.5
0.75
-1.75
-5.25
0
-2.25
-0.25
-0.75
0.75
2.75
-0.5
0.5
0.5
1
0.75
0
0.25
0
-0.5
0
0
-0.25
0
-0.25
-0.25
-0.25
-1.5
0.25
0.25
0
-0.25
-0.75
-0.25
1
-1.25
1.5
-0.25
-0.5
1.5
-4.25
2.5
1
2.75
0.75
-1.75
1.5
1.5
1
0
1.75
1.5
0
-1.25
1
-2
-0.25
-0.25
0
0.25
0.75
0
0.5
-1.75
0
1
1.75
5.25
-1.75
0
-1.75
0
0.5
1.75
-0.25
1.75
-0.25
1.75
0.75
1
4
3.25
7.75
1.25
0
6
-1.25
-0.25
-0.5
-9.25
-0.75
-1
-0.25
-1.5
-0.5
1.5
4.75
0
0
0.25
1
0
-0.5
0.5
-0.25
0.5
0
0
0
0.25
-0.25
-0.25
0
0
-0.25
-0.25
-0.25
0
0.5
-0.25
-2.25
7.75
-1.5
2.5
-1.25
-1
-2.25
1
3
-2
-2.5
4
1.75
-0.5
2.5
-2.5
-1.75
0.75
0.5
-0.5
0.5
0
0
0
1.25
-2.5
-2
-1.75
1
1.75
-2.5
0
-0.5
0
0.25
0
-0.25
-0.75
0.25
0.25
0.75
0.5
0.25
-0.25
-0.5
-0.25
0.5
-1
12.75
-0.25
0
-1
-0.75
-1
0
0.5
-1
-0.75
9
2
1.25
0
0.75
1
-0.5
-0.25
0.5
0.5
0.75
0.75
-0.25
0.25
0.5
-1.25
2.25
-0.25
2
-0.5
-12
0.75
0.5
0
1.75
0.25
0
-0.25
0
0
1.5
6.25
-0.5
-0.5
0.5
-0.75
0
-0.5
0.5
0
0
-0.5
0.25
0.25
0.25
-1.25
-0.25
-0.5
0
0
-0.25
-0.5
-0.5
0
0.25
2.5
1.5
0.5
-1.75
3
1.25
1
2.25
-2.25
-0.75
-1.75
2.25
-1.5
0.75
0.25
0
0
-0.25
0.25
0.25
0
0.5
0.5
2.75
-1
0
-2.25
-5
0.75
-2.5
-0.5
-0.5
0.5
2.75
-0.5
0.5
0.75
1.5
0.25
0
0.25
0
-0.25
0
0
0.25
-0.25
0.25
-1
-0.5
-2.75
0.75
0
0.75
-0.75
-1
-0.25
1.75
-1.25
1.75
-1
-1
1.75
-2.5
1.25
0
1.25
0.25
-1.25
1
1
0.75
-0.75
0.5
0.75
-0.5
-0.25
0.5
-1
0
-0.25
0
0.25
1.75
0.25
0
-1.5
0
1.5
1.5
9.25
-2
-0.25
-2
0.25
-1.25
4.75
-0.25
2.5
-0.75
1.75
0.25
1.25
3.5
1.25
6.75
1.75
0
5.25
-0.5
-1
-0.5
-7.75
-1.25
-1
0.75
-1.5
-0.75
1.5
3.25
0.75
-0.5
0.75
1.25
0.75
-1.25
0.75
-0.25
0.25
0
-0.25
0
-0.25
-0.5
0
0.25
0
0
0
0
0
0.25
0
-1.25
7
-1.75
2.5
-1.25
-0.25
-1.75
1
1.5
-1.5
-2
5.25
1
0.5
1.25
-1.5
0
0.75
-0.5
-1.75
-0.5
0.75
1
-0.5
0.5
-1.75
-1.5
-1.75
-1
-0.75
-1
0.5
-0.5
0
1.75
-0.5
-0.75
-0.5
0
-0.25
1
0.5
0
-0.5
-1.25
-0.25
0
-2
9.25
0.25
1
-1.5
0.5
-1.75
1.25
0.5
-1
0.25
6.5
0.75
1
-0.5
0.75
0.25
-0.75
0
0.25
0
0.5
0.5
-0.25
0.5
-0.25
-0.75
2.25
0.75
1.5
0.75
-9
-0.5
0.5
-0.25
1
0.25
0.25
-0.25
-0.25
-0.25
0.25
5
0
-0.25
1
0.25
0.75
0.75
0.5
0.25
-0.25
-0.25
0.25
0.25
0.25
-0.75
-0.25
-0.5
0.25
0.5
-0.25
-0.25
0
-0.25
0.25
1
0.25
-0.25
-1.75
1.5
1.25
0.25
0.25
-1.5
1.5
-1.5
1.75
-1
0.25
-0.25
0.25
-0.25
0.25
0.5
0.5
-0.5
0.25
0.5
3
-1
-0.25
-2.25
-4.25
0.5
-1.5
-0.5
-0.75
0
2.5
0.25
-0.5
0.75
0.75
-0.25
0.25
0.25
0
0
0
0
0.25
-0.5
-0.5
-0.75
0.25
-3.5
0.25
-0.75
0.5
0
0.25
-0.75
1.25
-0.5
1.25
-0.75
-0.75
0.5
-1
0.5
-0.25
0.75
-0.25
-0.5
0.5
0.5
1
-0.75
-1.75
0.25
-0.25
0
0
0.5
0.5
-0.75
0
0.25
1.5
1
-0.5
-1.75
0
1.5
1
9.75
-0.75
-0.5
-2.5
0
-1.5
6.75
0
3
-0.75
1.5
0
1.25
2.5
-0.5
4
1.75
0.75
3.25
0.25
-0.75
-0.75
-3.75
-0.5
0
0.5
-0.75
-0.5
1
3.5
0
0
0.5
-0.25
0.75
-0.75
-0.25
0
0.25
-0.25
-0.25
0
0
0
0
0.5
0.25
-0.25
0
0.25
0.25
-0.25
-0.25
0.5
10.75
-1.5
2
-1
0.75
-0.75
0.25
0.25
-1.5
-0.75
6
0.75
1.75
0
0
2
0.25
-0.75
-3.5
-2.5
1.5
1
-1.5
-1.25
-0.25
-0.25
-1.75
-2
-4.5
0
1.25
0.5
1
3
-1
-1
1.75
-0.25
-0.75
1
1.25
0.25
0
-1.75
0
-0.25
-2.5
6.5
-0.5
1.25
-1.75
2
-2.75
2.25
1.25
-0.75
0.25
5.75
1
2.25
-1.75
-0.25
0.75
-1
0.5
0.25
-0.5
0
0.25
0.25
0.5
-0.5
-0.75
2.5
1.25
0.5
1.25
-10.5
-0.75
0.5
0
0.5
-0.25
1.5
0.75
-0.5
-1.75
0.25
3.25
-0.5
0
0.5
0
1
1.75
0
-0.25
0
-0.25
0
0
0.5
-0.5
0
0
0
0.5
-0.5
0
1
-0.75
-0.25
0.5
0.25
-0.75
-1.5
1
0.75
-0.75
-0.25
-1
3.75
-1.5
0.75
-1
-1
-0.75
0.25
-0.5
0.5
0.5
0.25
-0.5
0
0.5
4.25
-1.25
-0.5
-2
-3.25
1.25
-0.5
0
-1.75
-0.5
0.75
1
-1.25
1.25
-0.25
-0.25
0.25
0
-0.5
-0.25
0
-0.5
0.25
-0.5
-0.75
-0.75
0.5
-3.75
-0.25
-0.5
-0.25
0.5
0.75
-2
0.75
0.25
0.5
-0.5
0
0.25
-0.5
0.5
-0.25
1
0.25
0
0.5
0.25
1.75
-0.5
-4
-0.75
0.25
-0.25
-0.25
1.75
0.5
-1
0
0
0.5
1.25
-0.75
-2.25
0.5
1.25
0.25
14.25
-1.25
0
-2.5
-0.5
-1
11.25
0.25
3.25
-0.75
0.5
-0.25
1
1
-2.5
2.75
1.75
1.5
1.75
0.75
-0.5
-0.25
-1.25
0.5
0
0
0.25
-0.25
0.25
6
-0.75
0.25
0.75
-1.25
0
-0.5
-1.25
0
0
0
-0.25
-0.25
0
0.25
0
0.25
0.5
-0.25
-0.25
0.25
0.75
0.25
-0.5
1.75
15.25
-1
1
-0.75
2
0.25
-0.25
-0.75
-1.5
0
5.5
0
3
-0.75
2
3
-0.75
-0.5
-3.5
-4
2.25
0.75
-2
-1.75
0.75
0.5
-2.25
-1.25
-6.5
-0.5
2.75
2
2
4
-1.25
-1.25
4
-1
-0.5
0.25
1
0.25
0.25
-1.5
0
-0.5
-1.25
4.75
-1.5
1.5
-2
3.25
-3
3
2.25
-0.5
-0.5
7
2
2.5
-2
-0.5
1.25
-0.5
0.25
0
-0.75
-0.75
0
0.5
0.25
-0.75
0
2.25
1
-0.25
0.75
-11.5
-0.5
0.75
0
0.25
-0.5
2.5
1.5
0.5
-3
0.5
3.25
-0.25
0
0.5
-0.75
0.75
1.5
0
-0.25
0
0
0
0.25
0
-0.5
0
0.75
0.75
1
-0.75
1.5
1.25
-0.75
1
1.75
2.25
2
1
3.25
-2.25
0.5
-0.5
-0.75
4.75
-2.25
-0.5
-1.5
-2
-0.75
0.25
-0.25
0
0.5
-0.25
0.25
0
0.25
4.75
-0.75
-1
-0.75
-2.75
2.25
-0.25
-0.25
-2
-0.5
0.5
1
-1.5
1.25
0
0
0.25
-0.25
-0.5
0
0.25
-0.5
0.25
-0.5
-0.5
-0.5
1
-6.75
-0.75
0
-0.25
0.75
0.5
0
-0.25
0.5
-0.5
-0.25
0.75
0.25
-0.5
1
-0.25
1
0.5
0
0.5
0.25
1
-0.75
-4.75
-2
0
1.25
-1.75
3
0.5
-0.5
0
-0.5
0.5
1
-1.25
-2.25
0.75
-0.5
0
17.5
-1.75
0.5
-0.75
-1
0.25
14.75
-0.25
3
-1
0
0.25
0
-0.75
-3.5
2.25
0.75
1
0.25
0.75
1
-0.25
-0.25
1
0
-0.25
0.25
0.5
-0.5
8.5
-1.25
0.5
1
-1.5
0.25
-0.25
-1.75
0
0
0
0
0.25
0.25
-0.5
-0.25
0.25
0
0
0
0
0
0.25
-0.25
-1.25
6.75
0
1.25
-0.25
-0.25
0
0.75
0.5
-1.25
-1
2.25
1.25
-1.5
0.75
-3.75
-1.25
1
0.25
0
0.75
1.25
0.5
-0.5
-0.5
-1
-0.5
0
-0.75
-0.75
0
-0.75
-0.25
-1
0.25
-0.25
1.5
-1.25
0
0
-0.5
0
1
-0.75
-0.75
0
0
-0.5
8.75
-0.5
-1.25
0.5
-1
-0.25
-1.5
0
-0.5
-0.75
5.25
1.5
-0.25
-1
0.25
0.5
-0.75
0.25
0.25
-0.25
0.25
0.25
-0.25
-0.25
-1
-0.5
1.25
-0.25
0.75
-0.5
-11.25
0
0.25
-0.25
1
0
0.25
0.25
-0.25
-0.25
0.5
5.5
0
0
-0.25
1
-0.25
0
0
-0.25
0
0
0
0.25
0
-0.25
-0.25
-0.75
0
0
-0.25
-0.5
0.25
0.5
-0.5
-0.25
-0.75
0.25
-1.25
0.5
1.75
-0.75
0
-1
0
-0.5
0.5
-3
0
0.5
0.25
-0.25
-0.25
-0.25
0
0.25
0
0.25
2
-1
0
0
-1.75
0.75
-1
0
-0.5
0.5
3.75
-0.25
0
0.25
0.25
0.25
0
0
0
-0.25
0
0
-0.25
0.25
-0.25
0
-0.25
-2.75
0
0.25
0
-0.5
-1.25
-0.25
0.75
-2.25
0
-0.5
-0.25
1
-2
1.25
-0.25
1.5
1
-1.75
1.75
1.75
0.75
0.25
1.75
0.75
0.5
-1
0.75
-0.75
-2
-0.75
1
2.25
1.75
0.75
0.25
-1
0
0.25
0.5
3
-0.5
0.25
-1.25
0
1.25
3.75
0
1
0
0.75
0.5
0.5
3
2.25
3.5
0.75
-0.5
5.25
-0.5
-0.75
-0.25
-4.5
-0.75
0
0
-0.5
-0.5
1
1.5
-0.5
0
0.25
-0.5
0.25
0.25
-0.25
0
0.5
0
-0.25
0.25
0.25
-0.25
-0.5
0.25
-0.25
0.25
-0.25
0
-0.25
0.5
0
-1
7.75
0.25
0.75
0
-0.75
-0.25
0.5
1.25
-1
-1.25
3.75
1
-0.75
0.5
-3.75
-0.75
0.25
0.5
-0.5
0
1
1
-0.25
0.25
-0.75
-0.5
-1.25
-1
-1
-1
-0.25
-0.25
-0.5
0.25
0
1
-1
0.5
-0.25
0
0
1.75
-0.25
-1.25
0.25
-0.25
-1.5
8.75
-0.5
-0.75
0.25
-1.25
-0.25
-1.25
0
-0.25
-0.5
5.5
1.5
-0.25
-1.5
0.5
-0.25
-0.75
0.25
0.5
0.25
0.5
0.5
-0.25
0
-0.5
0.25
1.25
0.25
1.25
0.25
-12.75
-0.5
0.5
-0.25
0.75
0
0
-0.25
0
0
1.5
3.25
0.75
0
-0.75
0.5
-0.25
0.25
0.25
0
0
-0.5
0.25
0.5
0
-0.75
0.25
-0.75
-0.25
-0.25
0.25
-1
0.25
0
-0.5
0
-0.5
0
-0.75
0.25
1.5
-0.5
-0.75
-1.25
1
-1
1.25
-1
0.5
0.75
0.25
-0.5
0
-0.25
0
0.5
0
0.25
1
-1.25
-0.25
0.25
-0.75
1
0
-0.75
-0.5
0
3.75
-0.5
0
0.5
1.25
0.25
0.25
0
-0.25
-0.25
0
0
-0.25
-0.25
0
0
0
-3.75
0.75
0.5
0.25
-0.75
-0.75
1
1
-1.25
0.75
-0.75
-0.25
0.5
-1.5
1.25
0
1.5
1
-1.5
1.5
1.5
0.5
0.5
2
0.75
0.25
-0.25
1
-1.25
-2
-1
1
2.25
3.75
1.5
0
-1.5
0.5
0.25
0.25
4.5
-1
0
-1.5
0.5
-0.75
6.75
-0.5
1
-0.25
0.5
0.5
0.5
3.5
1.5
3.25
1
0
4.75
-0.5
-1.25
-0.25
-3.5
-0.75
-0.25
0
-0.75
-0.5
0.75
0.75
0
0.25
1
-0.75
0.5
0
-0.25
0
0.5
0
-0.25
0.25
0
-0.25
0
0.25
-0.25
0.25
0
0
-0.5
0.5
-0.25
-0.5
9
0
0.25
-0.5
-0.25
-0.25
-0.25
1.25
-0.25
-2.75
6.5
1.25
0.25
0.25
-3.25
1.25
-0.5
0
-1.25
-2.5
0.75
1
-0.5
0.75
-0.75
-0.75
-1.75
-2.25
-2.75
-1.5
-0.5
-0.75
-0.5
0.5
0
0
-1
0
-0.25
1
0.25
0.75
-0.25
-1
0.25
0
-2.75
10
-0.25
0.75
-1
-0.5
-1
0
1
-0.75
0
6
1.25
0
-1.25
1.25
-0.25
-0.5
0.5
0.25
0.25
0.5
0.25
0
0.25
-0.75
0.25
1.25
1.25
1.5
1.25
-10.25
-1
0.5
-0.75
0.5
0.25
0.75
-0.5
0
0
1
3.5
0.75
-0.5
0
-0.25
0.25
0.5
0.5
0
-0.5
-1
0.25
0.75
0
-1.5
0.5
-0.5
-0.25
-0.25
0.5
-0.75
0.25
0
-0.25
0
0.25
-0.75
-1
0.75
1.25
-0.5
-1.25
-1.5
2
-1.25
1.25
1
0.5
0
0.5
-0.5
0.5
0
0
0.25
0
0.25
2.75
-1.5
-1.5
0.25
-0.5
1.5
0.25
-0.5
-0.5
0
4.25
-0.75
0.25
0.75
2
0.5
0.25
0
0
-0.25
0
0
0
-0.25
0.25
0.5
0.5
-6.75
0
0
0.5
-0.5
-0.25
3
1
-0.25
1
-1
-0.25
-0.25
-1.25
1.5
0.25
1.5
1
-1.25
1.25
1.25
0.75
0.5
1.25
0.25
0.25
0.25
0.5
-0.5
-0.5
-0.75
1
0.75
3.75
1.75
-0.5
-1.25
0.5
0.75
0.5
8.5
-1
-0.5
-1.75
0.75
-2.25
7.25
-0.5
1.5
-0.75
0.75
0.25
1
3.5
-0.5
3
1.25
1
4.75
-1
-1.25
-0.25
-3
-0.25
-0.25
0.5
-0.75
-0.25
0.5
1.75
0.25
0.5
1.5
-0.75
1
-0.5
-0.25
0
0
0
-0.25
0
0
0
0.25
0.25
-0.25
0
0
0
-0.75
0
0
0.25
9.5
-0.25
0.25
-0.5
0.5
0.75
-1
0.5
0.25
-3
9
1.25
1.5
-0.5
-2.5
2.5
-0.75
-0.5
-2.25
-2.75
1
1.25
-0.75
0
0
-0.25
-2
-2.75
-3.75
-1.75
0
0
0
1
-0.25
-0.75
0
0.5
0.25
1.5
0.5
-0.25
-0.25
-1.25
0.75
0
-4.25
7.75
0.75
1.25
-1.5
0.5
-2
0.25
1.25
0
-0.25
6
1.75
0.5
-1.5
1
-0.25
-0.75
0
0.25
-0.5
0.25
0.25
0
0
-1.25
0
0.75
2.5
1.75
2.5
-7.75
-2
0.75
-0.75
0
0.5
1.5
0.75
-0.5
-1
0.25
4
1
-0.5
1
0.75
1
1.75
0.25
0
-0.5
-0.75
0.25
0.75
0.25
-1
0
0
0.25
0.5
0
0
0.75
-0.75
0
-0.5
0.5
-0.75
-1.75
0.5
0.75
-0.75
-2.25
-1
2.75
-1.25
0.75
1.25
0.25
-0.5
0.25
-0.5
0.75
0.25
0.25
0
0
0.25
3.5
-1
-1
0.25
-0.5
1
-0.25
-0.75
-1
-0.5
3.75
-0.25
0.25
1
1.25
0.25
0.25
0.25
0
-0.25
-0.25
0.25
0
-0.5
0
0.75
1.25
-8.25
-0.5
-0.25
0
0.5
0.75
4.25
0.5
0.75
0.25
0
-0.25
-0.5
-0.5
1.25
0.25
1.5
0.5
-1
1
0.75
1.25
0.25
0.25
-0.5
0
-0.25
0.5
0.75
1
-0.25
0.5
-0.5
1.75
1.25
-1
-1.5
0.5
0.75
0
10
-0.5
-0.75
-1.75
0.5
-2
6.75
-0.25
2
-1.5
0.5
0
1.5
2.5
-2
1.25
1.25
2
3
-0.25
-0.75
-0.5
-1.25
0.25
-0.25
0.75
-0.5
-0.25
0.5
3.75
-0.75
0.75
1
-1.5
0.75
0
-1
0.25
0
-0.25
-0.25
-0.25
0.25
0
0
0.25
0
-0.5
0.25
0
-0.5
-0.5
0
0.75
12.5
-0.5
0.5
-0.75
1
0.75
-1.5
0
-0.25
-4
10.75
1.25
2.5
-0.75
-2
3.75
-1.25
-1
-3.25
-4
1.75
1.25
-1.75
-1.25
1
0.75
-2.5
-2.25
-7.5
-2
2.25
1.5
-0.25
1
-0.75
-1
1.75
0.5
0.25
2
1.5
-0.75
0
-1.5
1.25
0
-4.75
6.75
0
2.5
-2
1.5
-3
1.5
2.25
0.75
-0.5
7
3.25
1.75
-2.25
-0.25
1.25
-0.25
0.5
-0.25
-0.25
0
0
0.5
-0.25
-1
-0.5
0.75
1.5
0.75
1.75
-10.75
-1.25
2.5
0
0.25
0.25
3
1
-0.75
-2.75
-0.5
6
0.25
-0.5
0.5
0.5
1
2.75
0
0
0
-0.75
0
0.75
0.5
-0.75
0.25
-0.25
0.25
0.75
-0.25
0.75
2
-1.25
1.25
0
2
0.75
0.5
3
-2.25
0.5
-2.25
-0.75
3.75
-1
0.25
1.25
-0.5
-0.75
0
-0.75
1.25
0.5
-0.25
-0.25
0
0.25
4.25
-1.25
-0.5
1.25
-0.5
1
-0.5
-0.75
-1.5
-1.5
3
-0.25
-0.5
1.25
0.5
0
0.25
0.25
-0.5
-0.25
0
-0.25
0
-0.5
0.25
0.75
0.75
-9.25
-0.5
0
-0.5
1
0.75
8.5
0.5
0.5
-0.5
0
0.25
-0.75
-0.25
1
0.5
1.5
0.5
-0.5
1.25
0.5
1.75
-1
-1.75
-0.75
0.25
-0.25
0.25
1.75
1.25
-0.5
0
-1
1
1.25
-1
-2.25
0.75
0.75
0.5
14
-1.25
-0.5
-1.5
0.5
-1
10.75
-0.25
2.75
-1.5
0.25
-0.25
1.5
1
-3.25
-0.5
0.75
2.25
1.5
0.75
0.25
-0.25
0.25
0.75
0
0.5
0
-0.25
0.5
7.75
-1.75
0.5
1
-2.5
0
0.25
-1.75
0.25
-0.25
0
0
-0.25
0
0
0.25
-0.25
0.25
-0.5
0.25
0
0.5
-0.5
0
1.5
14.75
-0.75
0
-0.5
2
1.25
-1.25
-1
-0.25
-4.75
11.75
0.25
3.25
-0.5
-1.25
4.25
-1
-0.25
-4
-6
3.5
1
-3
-2
1.75
1.5
-3.25
-0.5
-8
-2.25
3.75
3.25
0
2.25
-1.25
-1.25
4.25
-0.75
0.75
1
1.25
-0.75
0.25
-0.75
0.75
-0.5
-2.5
7.75
-0.75
2.25
-2
1.75
-3
2.5
2.5
0.75
-0.75
10
4.25
1.75
-1.25
-0.75
1.75
0.5
0
0.25
0.25
-0.25
0.25
0.25
-0.25
-1
0
1.5
1
0.5
1.25
-13
-0.75
3
-0.25
0.5
-0.5
3.5
1.5
0
-3.75
-0.25
9.5
-0.75
-0.25
0.5
0.5
0.5
2.5
0
0
0
-0.5
0.25
0.5
0.25
-0.75
-0.5
0.75
1.5
1.5
-1.5
3.25
1.5
-0.5
2.75
0.5
3.5
4
4.25
6
-5.75
2.25
-1.75
0
3.25
-1.75
-1
1
-1.25
-0.75
0.25
-0.25
0.5
0.75
-0.5
-0.25
0.25
0.25
4.75
-1
-0.25
2
-1.75
1.25
-0.25
-0.75
-1.5
-1.25
3.25
0
-1
1.5
0.5
0
0
-0.25
-0.5
0
0
0
0.25
-0.25
0.5
-0.25
0
-13.25
-0.5
-0.5
-0.25
1
0.5
12.5
-0.25
1
-0.5
0.25
0
-0.75
0
1
0.75
1
0.25
-0.5
1.25
0
0.5
-0.75
0
-1.5
1
0.5
-1
1
0.75
-0.5
-0.25
-1.25
0.75
1.25
-1.25
-2.5
0.75
-0.25
1.25
16
-1.5
0.25
-0.5
0
0.5
16
-0.75
3.5
-2
0.25
0.25
0.5
-0.75
-2.75
1.25
-0.25
1.25
0.75
0.5
1
-0.25
2.5
1
0
0.25
0.25
-0.25
0
10.5
-1.5
1
1.75
-2.25
0.75
0
-1.25
