-0.25
0
0
0.25
0
0.25
0
-0.25
0.25
-1.5
0.5
0.5
0
-0.75
-0.5
-0.25
-1.75
19
-2.25
1.5
0.25
1
-2.5
1.5
-0.25
3.25
-4
6
2.5
2.5
-2.5
-1
2.5
-1.75
-1.5
-0.25
-6.25
-2
-4.75
-0.5
0.75
-0.25
-0.5
-1.5
-6.25
-8.5
-2.5
0.25
0.75
1.75
0.75
-1
-5
1
-0.5
0.75
-0.25
-0.25
1.25
1.25
0.5
0
0.25
0.25
14
1.5
0.25
-0.5
-0.25
0.25
0.25
1
-1.75
-0.25
2.5
2.75
0.25
-1
-0.25
2.25
0
-1.75
0.25
0.5
0.25
1.75
-1.25
0.25
2
1.5
0.5
1
1.5
1
-2
0.25
1.25
-0.5
1.25
0.25
0.5
-1.25
0.5
0.5
-0.25
9.25
-1
0
-0.25
-0.75
-0.5
-0.75
0.25
0
-0.25
0
0
0
-0.25
-0.25
-0.25
-0.25
0
1
-0.5
0.25
4.5
1.25
0.5
2.25
5.75
0.25
0
3
-1.5
-0.75
-2.25
-2
3.25
-3.75
-0.75
-7.5
-5.75
-1
0
0
0
0.25
0
-0.25
0
0.25
6.5
0
-1.75
-2.75
-1.75
1.75
0
0.75
-0.5
1.5
11.25
-1.75
-2.5
-1.25
3.5
-0.5
0.25
-0.25
0.25
0.25
0
0.25
0.25
0
-0.25
-0.25
-0.5
-4.5
1
1
0.25
-0.25
-1.75
9
5.25
-3.75
2
2
-2
2.75
-1.25
1.75
-2
2.5
1.75
-2.25
3.25
2.5
-0.5
-1
-1.25
-1.25
-0.75
2
0
0
-2.25
-5.5
3.5
0.25
4.75
3
0.5
-3.5
1
0.25
-3
22
2.25
1
-0.75
-0.25
-1
2.25
0
0
0
-2.25
-0.25
-1.25
0.25
-0.75
2.75
-1.75
-1.25
1.5
1.75
1.75
0.75
-2.75
0.5
-0.75
0
0.25
0.25
-0.5
3.25
1.25
0.75
0.75
0.75
1.5
-1.25
0
-0.25
0.5
-0.25
-0.25
-0.25
0
0
0
0.25
-1.25
0.25
0.5
0.25
-0.25
-0.25
0
-1
25.75
-2
0.75
-0.25
1.75
-2.25
1.5
0
3
-4.25
5.75
3.25
2.25
-2
-1.25
2
-1.25
-0.25
0.75
-8.25
-2.25
-5.75
0.25
1.5
-1.75
-1.75
-1.25
-5.25
-7.25
-2.75
0.25
1
2.75
0.25
-1
-6
2
-0.25
1
-0.25
0
-3.25
0.75
1.75
-0.5
0.75
0
14.75
1
2
-1.75
0.25
0.25
1.25
2
-1.5
-1
5
3
-0.75
1.25
1.25
0
-1.25
-2.5
1.5
1.75
1.75
3
-2
0.25
2
1.25
0
-1
1
-0.75
-4
1.5
1
-0.5
2
-0.75
0.25
-1.25
0.75
1
0
11.25
-1
-0.25
-0.75
-1.5
-1
-1.5
-0.25
-0.25
-0.25
0
0.25
0
0
0.5
0
-0.5
-0.5
1.25
-1
1.25
6.75
0.75
1.5
3
7.5
-0.5
-0.5
3.25
-1.5
-1
-2.25
-1.75
2.75
-5
-1.5
-6.75
-5.75
-1
0.25
0
0.5
0.5
0
-0.25
0
-0.25
11.25
0.25
-2
-2.5
-4.25
1.25
-1.5
1
0.75
0.75
14.5
-2
-1.75
-1.5
4.25
-1
0.25
-0.25
0
0
0
0
-0.25
-0.5
-0.25
0
-0.25
-5.75
0.75
1.25
-0.5
0.5
-1.75
13
4.5
-2.25
0.75
2.25
-0.75
1.75
-1.75
2.75
-1.5
3
2.75
-2.25
4.25
2.25
-0.75
-2
0.75
-1.25
-0.75
1.75
0
-0.25
-1.5
-5.5
3.25
-0.75
4
2
-0.5
-3.25
0.25
0.5
-1.75
29.75
2.25
1
-0.25
-0.5
-1.25
2
-0.25
-0.25
-0.75
-1.5
0
-0.5
0
-0.25
2.5
-1.75
-1.75
2.25
0.5
1.75
0.75
-4.75
0.75
-0.5
0
-0.25
0
-0.5
6
0.75
0.75
0.5
1
1.25
-1.25
-0.75
0
0.5
0
-0.5
-0.25
-0.25
-0.25
0.5
0.25
-1.25
0.5
0.25
0.25
0.25
0.25
0.25
-0.25
29.75
-1.25
-0.25
-0.75
1.75
-1.25
0.5
-1
2.5
-3.75
3
2.25
2.25
-1
0
0.5
-0.75
1.75
2
-9.25
-1.5
-6.75
1.25
2.5
-3
-2.75
-0.75
-4.25
-4.5
-2.25
-0.5
-0.5
2.25
1.5
-1.75
-4.5
2.75
-0.75
0.75
0.25
0.25
-5.25
0.5
1.5
-0.5
-0.25
-0.5
15
0
3.25
-1.25
1.5
-1.25
1.5
2.5
-1
-1
5.5
1
-1.5
3
2
-1
-3
-3.5
3.25
3.75
4
4.25
-2.75
0.5
1.25
1.25
0.25
-2.5
0
-2.25
-7.75
2.5
-0.75
-0.25
-0.75
-2
-2
0
1.25
1.5
0
11.5
-0.5
-0.5
-0.25
-1.75
-1
-1.5
-0.75
-0.5
-0.25
0
0.5
0.5
0
1
0.25
-0.25
-0.5
1.25
-1
2
7.25
-0.5
3
3.25
7
-0.75
-0.25
3.25
-0.5
0
-1.25
-1
1
-5.25
-1.25
-6.25
-4
-0.25
0.75
0
0.5
0.25
0
0
-0.25
-0.5
12.75
1.25
-0.5
-1
-4.75
-1
-4.75
0.25
0.75
0.25
20.75
-2
0.25
-3
4.75
-2.75
0.25
-0.25
0
0
0
0
-0.5
-0.5
0.25
-0.25
0
-10.75
0.5
0.75
-0.75
0.25
-2.25
14.25
4.25
-2
-0.75
1
0
1.5
-2.25
3.25
-1
2.5
2.5
-1.75
4.5
2
-1.25
-3.25
5.5
-0.75
-0.75
2.5
-0.75
-1.75
-1.5
-3.5
2
0
2.25
-0.5
-0.25
-1.25
0.25
0.75
-0.5
31.75
2.75
0.25
0
0
-0.5
3
0.25
0.5
-1.25
-0.5
0.25
-0.5
-0.25
-0.75
1.25
-1.75
-2
2.25
0.75
2.5
1
-6.5
0.5
-0.5
-0.5
0
-0.5
-0.25
8.75
-0.5
1
0.25
-0.25
0.25
-0.5
-1.25
0
0.25
0.25
0
-0.5
-0.25
-0.25
0.25
0
-0.5
0.5
0.5
0.75
0.5
0
0.5
0.25
31.75
-0.75
-0.25
-0.5
1.25
-0.25
-0.25
-2
2.25
-3.25
3
1.5
4
-1.25
1.5
-0.75
0
1.5
2.75
-9.25
-1.75
-7.25
2
2.75
-3
-2
-1
-2
-1
-1.25
-1
-2
2.5
2.25
-2.25
-4
3.75
-1
1
0.25
-0.25
-3.5
1
1
0
-0.75
-1.5
15.25
-0.25
2.5
-0.75
2.5
-2
0.5
1.75
-0.5
0
7.5
-1
0
3.25
1
-0.75
-4.5
-2.75
4
4.75
5.75
4
-2.25
1.25
1.5
1.25
0.25
-2.25
-1.25
-2.5
-12.5
3.25
-2
0.25
-4.25
-2.5
-2.75
1
1.5
1.75
-0.25
15.25
-1.25
0
0.75
-0.75
-0.75
-1
-0.5
-0.5
-0.5
0
0.25
0.25
0
0.5
-0.25
-0.25
0.25
2.25
-2.25
3.5
6.75
-2.5
5
3.25
6.25
0
2
4
-1
2
0.5
-0.25
-0.5
-4.5
-1.25
-7.75
-4
0.5
0
0.25
1
0
0.25
-0.25
0
0
11.25
1.5
0.75
0.25
-6
-2.5
-6
-0.5
0.25
-1
24
-1
0.5
-3.5
3.75
-4.25
0
0
0.25
0
0
0.5
-0.25
-0.5
0.75
-0.25
0.25
-14.5
0.75
0.25
0
-0.25
-1.5
16.5
2.5
-1.75
-2
-0.25
-0.5
1.75
-2.25
2.5
-0.5
1
1.25
-1
3.25
1.25
-1
-3.25
6.75
0.25
0.25
2.75
-0.5
-1.75
-1.5
-1.75
1
0
1.25
-2.5
0.5
-1
0
1
-0.25
31.75
2.5
-0.25
0.25
-0.25
1.25
7
0
1
-1.5
0.75
0.25
-0.5
-0.5
-1.5
0.25
-1.25
-3
1
1.75
3
0.75
-5
0.75
-0.25
-0.5
0.5
0
-1.25
8.5
-1.5
1
-0.25
-1
-0.5
-0.5
-0.25
0
0.25
0.25
0.25
-0.5
0.25
-0.25
0.25
-0.25
0
0.5
0.5
0.5
0.75
-0.25
0.25
0.75
31.25
-0.5
-0.25
-0.5
0.75
0.25
0.25
-2
2.25
-4.5
8.5
1.25
4.5
-0.75
1
-1.5
-0.25
1.5
2.75
-8.5
-1.5
-6
2.5
2.75
-2
-0.75
-0.75
0.75
0.5
0
-2
-2.25
1.5
0.75
-2.5
0.5
5
-1.5
0.25
0.25
-0.25
-1.75
1.5
1.25
0.25
0.25
-1
19.5
-0.25
1.5
-1
2.75
-1.25
-0.5
0.25
-0.25
0.25
9.75
-1
0
4
1
-1
-5
-1.25
4
4.5
7.25
3.75
-2
1.75
1.5
1.25
0.25
-2.5
-1
-2.75
-16.5
3.25
-2.25
0.5
-5.25
-1.75
-2.5
1.25
1
1.75
-1
18.75
-2.5
-0.5
1.75
0.25
0
-0.5
0
-0.25
-0.25
0
0
0
0
0
-0.5
-0.5
1.5
2.75
-3.5
5
5
-2.75
5.75
3.75
6
1.25
4.5
3.75
-1.75
2.25
2
0.5
-1
-4.5
-1.5
-7.75
-3.5
1
0.25
0.25
0.75
0
0.5
-0.25
0.25
-0.25
8.5
1.5
0.5
0.75
-7
-3
-6
-1.75
0.25
-1.5
24
0.25
0.5
-2.75
2.5
-3.25
-0.25
0.25
0.25
0
0.25
0.25
0
-0.25
0.5
-0.5
0.25
-17.75
-0.25
-0.5
0.25
0.25
-1.25
19
0.75
-2
-2.75
-0.5
-0.25
2.5
-2
1.25
0
0.25
0.25
-1
2.5
0.5
-2.5
-1.75
8.75
-0.25
0.75
3.25
-1.75
-2.5
-0.75
0.5
0.25
-0.25
0.75
-1.75
0.25
-1.25
0
0.75
0
31.75
1.75
-0.25
0.25
-0.25
2.75
12.75
-0.25
1.25
-2
0.75
1
0.75
-0.5
-0.5
2.5
-1
-4.75
1.5
0.5
3
-0.25
-6.25
0.5
-0.75
0.25
0
0.5
-2
8.75
-1
1.25
-0.5
-0.5
-0.25
-1.25
0.25
0.25
0
0
0.25
0
0.5
0
0.25
0.25
0
0.75
0
0
1
0
0.25
1
25.75
0.75
-0.5
-0.75
0.75
0.75
0.5
-1.25
1.75
-5.5
13.75
0.75
4
0
0.5
-1.75
0.25
2.5
2.75
-6.5
-0.75
-4.5
2.5
3
-1.25
-0.5
0.75
4
1.5
0
-2
-1
0.75
0.5
-2.25
4.75
5.75
-1.75
0.25
0.25
-0.25
-1.25
1
0.75
0
0.5
-0.25
21.25
1
0
-0.75
2
0.75
-2
-1.25
-0.25
-0.25
9.75
0
-2.25
4.25
2.5
-2
-4
-0.25
3.25
3.75
6.25
1.75
-0.75
1.25
0.25
2
1
-1.75
-0.25
-1.5
-19
1.5
-1.75
1
-4.75
-1
-2
1.75
0.5
1.5
-1.5
16.75
-2
-1.5
1.75
0.5
0.75
0.5
0.25
-0.25
-0.25
-0.25
-0.25
0.25
-0.25
-0.25
-1
-0.25
2.5
2.5
-3.75
5.75
4.25
-1.75
6
5.25
5.75
3
6.25
3.25
-1.75
1
1.75
1
-0.25
-5
-2.25
-6.75
-2.75
0.5
0.25
0.25
0.25
0.25
0.25
-0.5
0
0.25
6.75
1
-1.25
0
-7.25
-1.75
-5.5
-0.75
0.25
-1.25
20
0.75
1.25
-1.25
1.75
-1.5
-0.25
0
0.25
0
0.25
0.25
0
-0.25
0.25
-0.25
-0.25
-18.25
-0.5
-0.5
0.5
0.5
-0.5
17
-0.75
-2
-2.5
-0.5
0.25
2.25
-1.75
0.75
0
0.25
0
-0.75
1.5
0.5
-5
-0.25
8
0
1
3.5
-1.5
-3.25
0
1.5
-0.25
-1
0.75
-0.5
-0.75
-1
0.5
0
-0.5
31.75
1.25
0
0.25
0.25
2.25
15.75
-0.25
1.5
-2.25
1
2
1.5
0.25
0.75
5.25
-1.25
-4.5
3
-1.75
1.75
-1
-8.25
0.5
0
0.25
-0.5
1
-1.75
9.75
-1.25
1.25
-0.75
-0.5
0
-0.5
-0.25
0
0.25
-0.25
0
0
0
0.25
0
0.25
-0.25
0.75
0
-0.25
-0.5
0
-0.25
0.5
24
1
-1
-0.25
1.75
1
0
-0.75
2.5
-4.25
4
2.75
1.25
-2
-3.25
1.25
0
-1
0.5
-5.75
-2.25
-3.5
-0.5
-0.25
0.5
-2
-1.5
-7.5
-9
0.75
-0.5
0.25
3.5
1.25
-0.25
-7
0.5
0
1.75
0
-0.25
-2.25
1
0.5
0.5
0.25
-1.5
7.5
2
1.5
-1.75
-1.25
2.25
0.75
0.5
0.5
-1
11.75
5.5
0
-2
0.5
0
-0.75
-0.75
0.5
0.75
1.5
2
-0.5
0.25
2
1.25
0.25
-0.25
0.5
-0.25
-12.5
-1.25
1.75
-0.25
1.5
0.75
0.5
-0.25
-0.5
0.5
1.25
17.25
-2.5
0.75
0.25
-0.75
-0.5
-1.25
0
-0.25
-0.5
-0.25
0.25
0
-0.25
0
0
-1.25
-0.5
0.75
-0.5
0
5
1.5
2
2.25
7.25
-0.25
2
3.75
-2.75
0.5
-2.75
-2
3.25
-2.25
-1.25
-3
-4.75
-1
0
0
0.5
0.25
-0.25
-0.25
0.25
0.25
6.5
1.25
-1.5
-0.75
-0.25
1.75
1.5
0.5
-0.75
-1.5
12.25
-4.5
-3.75
0
5
-3.75
0
0.25
0.25
0
0
0.25
0
0.25
-0.5
-1
-0.5
-6
-0.25
0.5
0
0.75
-0.75
16.25
1
-2.25
0
0.75
-0.25
-0.25
-0.75
1.25
-0.5
1.25
3
-1
2.25
1.25
-0.75
0
-3.5
-1.25
-0.75
0.25
0
1.25
-1.5
-4.5
3
-0.25
2.5
3.25
0
-4.75
2
-0.75
-2.75
25.75
3
0.75
-0.5
1.5
-3.25
13.75
0
-0.25
-0.25
-0.5
-0.75
0.5
2
-2.5
1.5
-0.75
0.5
0.5
3
2.25
-0.25
-2.75
0.25
0.25
0.75
-0.75
0.25
-0.5
4.5
0.75
0.25
0.75
0.5
2
-0.25
-0.5
0
0.25
-0.5
0
-0.75
0.5
-0.25
0.25
0
0
0.75
0
-0.25
-0.5
0
-0.25
0.75
24.25
1.25
-1.75
-0.25
2.5
1.5
-0.75
-0.5
1.5
-5
6.25
2.5
0.25
-0.75
-4.5
-0.75
0.75
0.25
1.25
-7
-1.75
-3
0.75
0.75
0
-2.5
-0.75
-6.75
-9.75
1
-1.5
0.5
3
0.75
-0.5
-6.25
0.75
0
1.5
0.25
-0.25
-2.25
1
0
0
-0.75
-1.5
7.75
2.5
2.5
-2.5
-2.75
1.75
-0.75
0.25
-0.5
-0.5
14
4.5
-0.5
0.75
1.25
0
-1.75
-0.75
1.25
1.25
2.75
3
-1
0
1.5
0.5
2
-2
-1.25
-2
-16.25
-0.5
2
-0.5
2
0.5
0.5
0
-1
0
1.75
19.25
-3
1.25
0.75
-1
-1.25
-2.25
-0.5
-0.5
-0.25
-0.25
0
-0.25
0
0.75
-0.25
-1.75
-0.5
0.5
-0.75
0.5
5.75
1.5
3.5
3.25
8
-1
1.5
3.75
-2.25
1
-2.5
-2.25
2.75
-3
-1.5
-2.25
-4.75
-1
0
0
0.25
0.25
-0.25
-0.25
0.5
-0.5
10.25
1.25
-0.75
-1.5
-2.25
1
-0.5
0.5
-0.5
-3
16
-4.5
-1.75
-0.75
4
-5.75
0
0
0.5
0.25
0.25
-0.25
0.25
-0.25
-1
-0.5
0.5
-4.5
-0.25
0.75
0
0.5
-1.75
22
0.75
-1.75
0.25
0.5
-1
-0.75
-1
1.5
0
1.25
2.25
-0.75
2.5
1
-0.5
-0.25
0.5
-1.25
-0.25
-1.75
0.25
-0.75
-1
-4
2.25
0.25
0
2.25
-0.25
-4
0.75
-0.5
-1.5
27.75
1.75
0
-0.25
2
-2
16
0.25
-0.25
-1
1.25
-0.75
0.75
2.5
-2.75
1.5
-0.75
-0.5
2
2
2.75
0
-4.25
0
0
1.25
-1.25
0
-0.25
9
0.75
0
0
-0.5
1
-0.25
-1.5
0
0.75
0
-0.25
-1
0
-0.25
0
0
-0.25
0.75
0
0
-0.25
-0.25
-0.25
-0.25
26.25
0.5
-1.25
1
2.5
1
-1
-0.75
1
-5
6.75
1
0.25
0.25
-2.75
-1.5
1
1.25
1.25
-8.75
-0.75
-3.25
1.5
2.5
0.25
-1.75
1
-3.5
-7.75
1.5
-2
-1.25
-0.25
-0.5
0.25
-2.5
1.25
0.5
0.5
0
-1
-1.5
0.25
-0.5
-0.25
-1.5
-0.5
7
1
2
-1
-2.25
0.25
-2.25
0.25
-1.75
-0.5
13.5
2.5
0
2.25
1
0.5
-3
-1
2.5
2
4
3.25
-1.75
0
0.5
1.75
3
-1.75
-2.5
-1.5
-17.5
-0.75
0.5
-1
-0.75
-0.5
-1.25
0.75
-0.75
0.25
2
20.5
-2.75
1.75
1.5
0
-2.25
-3.75
-0.75
-0.25
-0.25
0
0
0
0.5
1.25
-0.25
-0.75
-0.75
0
-0.25
0.25
4
0.5
5
3.75
6
-0.25
1.5
3.25
-1.25
2.25
0.25
-2
1
-3.75
-1.75
-3.25
-3.25
0
0.5
0
0.25
0
0.5
-0.25
0.5
-0.75
11.5
2
0.5
-1.5
-3.5
-0.75
-3.75
-0.5
-0.25
-3
19.5
-4.25
0
-2.25
2.5
-6.5
0.25
0
0.25
0
0.75
-0.5
0
-0.75
0
-1
0.5
-11.25
-0.5
0.25
1
0.25
-1.25
23.25
-0.25
-0.5
0.75
-0.75
-2.5
-0.75
-1
1.25
0.5
0.5
1.25
-0.5
2.5
1.25
0.75
0.5
5
-0.25
0.75
-3
0.25
-3.5
-1
-3.25
0.75
1.5
-1
1.5
-0.75
-1.75
0
0
-0.25
26.25
1.75
-1
0.25
1.25
0.75
22
0.5
0
0.25
2.5
-0.75
-0.25
2.5
-2.5
3
-0.75
-2
2.25
0.5
2
0.75
-4.75
-0.5
-0.75
0.25
-0.75
0
0.25
10.75
0.25
0.5
0.5
-1.25
0.25
1.25
-1.25
0
0.75
0.25
0
-0.5
0.25
0.25
-0.5
-0.5
0.25
0.75
0.25
0.25
-0.5
-0.5
-0.5
-0.75
27.5
-0.25
-0.75
1.25
1.25
0.75
-1.75
-1.25
1.5
-3
6.5
-0.25
2
-0.5
0.5
-2
0.5
0.25
1.5
-9
-2.5
-5.25
2
2.5
0.75
-1
1
0.75
-2.75
1
-1.5
-3
-2.25
-1.75
0.5
-0.25
2
-0.25
-0.5
-0.5
-1.5
-0.25
1
0.75
-0.75
-0.25
1
5.25
0.5
0.75
0.5
-0.25
-1
-2
0.25
-1
-0.75
12
1
1
2.75
1
-0.25
-3
-0.75
3.5
2
4.25
3.5
-1.5
0.5
0.5
2.25
2
-1
-2.25
-0.5
-18.75
-0.5
-1.5
-0.5
-4.5
-1.5
-2
0.75
0.25
0.5
1.25
21.25
-2.75
2
1.75
0.5
-3
-2.75
-0.25
0.25
-0.5
0
0
0.25
0.5
0.75
-0.25
0.5
0.25
0.75
-1
3
3.75
-1.75
4.75
3
4.5
-0.25
2
2.25
-0.25
2.5
2.25
-0.75
0.25
-2.75
-1.25
-5
-2.5
0.25
0
0.5
0.75
-0.25
0.5
0
0
0
9.5
2.25
1
0
-4.75
-2
-4
-1.75
0.5
-2.5
18.75
-1.75
1
-3.25
-0.5
-5.25
0.25
0
0.25
-0.25
0.75
0
-0.25
-0.5
0.75
-0.75
0
-17.25
0.5
-0.5
1.75
-1
0.25
22
-1.5
0.25
-0.5
-0.5
-2.25
-0.25
-0.75
0.5
0.5
-0.25
-0.5
0.25
1.5
0.75
1.75
0.75
5.5
0
1
-2.5
0.5
-3.25
0.25
-2.25
-0.5
0.25
-0.75
0.75
-0.75
-1.5
-0.25
0
0.75
24.25
1.25
-0.5
1
0
1
24.25
0.5
-0.5
1
2.25
-0.5
-1.25
0.5
-2
1
-1.25
-2.25
-0.25
1.5
1.5
0.5
-4.5
-0.25
-2.25
0.5
-0.75
0
-0.25
7.75
0.25
-0.25
-0.25
-0.25
-0.5
0.75
0.5
0
0.25
0.25
0
-0.25
0.25
0.25
0
-0.5
0.5
0.25
0.75
0.5
-0.5
-0.5
-0.25
-0.5
26.75
-1
-0.5
0.75
0
-0.25
-0.5
-1.5
1.75
-4.5
11
-0.25
2
0
0
-1.5
-0.25
0
1
-9
-2
-4.5
1.25
1.5
0.5
-0.5
0.5
3.5
1.25
0.75
-1.25
-2.25
-3
-3.25
-0.5
2.75
2.75
-1
0
-0.25
-0.25
0.75
1.25
1.25
-1
1
1.5
8
0.5
0.5
0.75
0.5
-0.5
-2.25
0.5
-1
-0.75
10.75
1.25
0.5
3.5
1.25
-0.75
-3.5
0.5
3
2
4.25
2.25
-1
0.75
0.25
1.75
1.25
-0.75
-1
-0.5
-19.25
-0.25
-2.5
0
-7.25
-1.25
-1.75
1.75
0.25
0.25
0.25
21.25
-3.5
1
1.75
0.5
-2.25
-1.75
0
0.25
-0.5
0
0
-0.25
0.25
0
-0.75
0.5
1.75
1.5
-2
4.75
2.75
-2.25
4.5
3.5
4.25
1.25
3
2
-1
2.25
3.25
0.5
1
-2.25
-1.5
-5.25
-2.5
-0.25
0
-0.25
0.5
0.25
0.5
-0.25
0
0
6.75
1.5
-0.5
0.75
-5.5
-1.5
-2.75
-1.75
0.5
-2
15.25
1.5
1.25
-2.5
-2.5
-2.75
0
0
0
0
0.5
0
0
-0.25
0.25
0
0.25
-19.25
-0.25
-0.5
0.5
-0.5
0
21.5
-1.5
0.25
-0.25
-0.25
-1.5
0.75
-0.75
0
0.25
-0.5
-1
0
1.5
0.25
1
1.25
7
-0.5
1
-1.75
-0.25
-3.5
0.75
-1.5
-0.75
-0.5
0.25
1
-0.25
-1.5
0
-0.5
1
26.75
0.75
0
0.75
-0.5
1.25
23
0.5
-0.25
0.5
1.5
0.5
-1
-0.75
0.25
2.5
-1.75
-3.75
1
-0.25
2
-0.5
-8
-0.5
-2.5
1
-2
0.25
-1.25
6
0.25
0.25
-1
1
-0.5
-0.75
1
0
0.25
0.25
0
0
0
0
0
-0.25
0.5
-0.25
0.5
0.25
0.25
-0.25
0
0.25
21.5
-0.25
0
0.5
0
-0.5
0.5
-0.75
0.75
-4.5
13
0.25
0.5
0.5
-1.75
-1.25
-0.25
1.5
1
-8.5
0
-2.5
0.5
0.5
0.5
0
0.5
4.25
2.75
0
-1.5
-0.75
-3
-3.75
0
5.25
3
-0.75
0.25
-0.25
0.25
0.5
1
0.25
-0.75
0.5
1
10.5
0.25
0.25
0.25
1
0.25
-1.5
-0.5
-0.25
-0.25
9.75
1
-0.75
3.25
1.5
-1.5
-2.75
1
1.75
0.75
3.25
0.5
-0.25
0.5
0
1.5
1.75
-0.25
-0.25
-0.5
-18
-0.75
-2.5
1.25
-6.5
-0.5
-0.75
3.25
0
0.25
-1
16.25
-2.25
-0.25
0.75
0.25
-0.75
0
0
0
-0.25
-0.25
-0.25
-0.25
0
0
-1
0
2.5
1.25
-2
5
2.25
-0.75
4.75
5
4
2.75
4
1.75
-1.25
1.25
4
0.75
1.25
-2.75
-1.25
-4
-2
-0.25
0.25
0
0.5
0
0
0
0.25
0.25
5.5
0.5
-2.25
0.5
-6
0
-1.5
-0.5
0.75
-1.5
9
2.25
2
-0.75
-2.75
-1.5
0.25
-0.25
0
0
0.5
0.25
0
-0.25
0
-0.25
-0.25
-17.75
-1
-0.75
0
0.5
-0.75
16.25
-0.5
0
0
-0.75
0
1.5
-0.5
-0.25
-0.25
-0.25
-0.5
0
1
0.25
0
2.75
7.25
0.25
1.75
-1.75
-0.25
-4
1
0
-0.5
-1.25
0.25
1
-0.25
-1
1
-1
0.25
28.25
1
0.25
0.25
-0.5
1.5
17.75
0
0
-0.5
1
1.25
0.5
-0.25
1.5
6
-1.5
-3.75
3.5
-2.25
1.5
-0.75
-9
-0.75
-1.25
0.5
-1.75
0.5
-1
7.25
-0.5
0.25
-0.75
1
-0.25
-1.25
1
0
0.5
-0.5
0
0
0.25
0
-0.25
0.25
-0.25
0.5
-0.5
-0.75
-0.25
0.5
-0.5
1
25
1
-1.25
0.25
0.75
2
-0.75
-0.5
1.25
-4.5
7.75
0.75
-0.75
0.75
-3
-0.75
1.75
-2.5
-1
-5.75
-1.75
-0.75
-1.25
-0.75
3
0.25
-0.75
-4.75
-15
2
-1.25
0
2.75
1
0.75
-5.75
-0.25
0
2
0.25
0
0
0.75
-0.25
0
0
-1.5
4
2.75
1
-2.5
-3
-0.25
0.5
-0.75
1.25
-2
21.25
8.25
-1.25
-0.5
0.75
-1
-1
-0.5
0.25
-0.5
1.25
1.5
-0.5
0.25
1
-0.5
-0.75
0.75
-1.25
0
-25
-1.25
2.25
-0.5
4
0.5
1.5
0
-1.25
-0.75
2
21.5
-3
1
-0.25
-1
-0.75
-0.5
-0.25
-0.25
0
0
-0.25
-0.25
-0.25
0
-0.25
-0.5
-0.25
0.25
-0.25
0
2
1
3.75
3
7.25
0.5
2.75
3.75
-3
1.75
-3
-1
3.5
-1.5
-1.75
0.25
-2.75
-0.5
0
0.25
-0.25
0.25
0.25
0
0.5
0
6.5
1.5
-0.5
-2
-0.25
2
1.5
-0.75
-2.75
-2.75
13.25
-4
-3
2
3.5
-4
0
0
0.25
0.25
0
-0.25
0.5
-0.25
-0.75
-1.25
-0.5
-13.75
-0.5
0.5
0.25
-0.25
-0.5
19.25
-1
-0.25
-0.25
0
-0.25
-1.75
-0.5
1
0.25
1.25
1.75
-1.25
0.75
1.75
0
-0.25
-3
-1.25
-0.5
-1.25
0.5
-0.5
-0.25
-3.75
1.75
-0.75
1.5
3
0.5
-5.75
1.25
-1.25
-1.75
27.25
1
1.5
-0.75
1
-5.25
26.75
0.5
0.25
0
-2.25
-1
0.75
2.75
-6.75
4.5
-1.5
1
2.25
3.5
3.25
-0.25
-1
0
-1
0.75
-1.75
0.5
-0.25
5.25
0
0.25
1
-0.5
1.5
0.25
-0.25
0
0.75
-0.5
-0.25
-0.25
0.25
-0.5
-0.25
0.25
-0.25
0.75
-0.25
-0.25
-0.5
0
-0.75
0.5
27.5
-0.5
-1
0.5
2.5
1.75
-0.75
0.75
0.75
-5.5
7.25
0.25
-3.25
2
-4.5
-2
1.5
-3
-0.5
-7.25
-1.25
-0.75
-0.5
-0.5
3.5
0
0.5
-2.5
-12.75
2
-2
-0.5
1
-0.75
0.75
-2.5
-1
0.25
1.25
-0.5
-0.5
1
0.75
-0.5
-0.25
-0.25
-1.25
2.5
2.75
1.25
-2.75
-3.25
0
-1.25
-1.25
0
-3.5
20.75
7.75
0.25
0.25
0.5
0.5
0
-1
0.25
-0.25
1
1.25
-0.5
-0.25
0.5
0.5
0.75
0
-2.75
-0.25
-26
-1.5
2.25
-1
3.75
0.25
0.75
0
-0.75
0
2.5
23
-4.75
1.25
0.5
-1.25
-1.25
-2.5
-0.75
-0.25
0
0
0
-0.25
-0.25
0.5
0.25
-2
0
0.25
0.25
-0.25
1.75
1.25
3.75
3.75
6.5
0
2
3
-2.25
2
-2.75
-1
3
-1.75
-2
1.5
-1.5
-0.5
0.25
0
-1
0.25
0.25
0
0.25
-0.25
9
2
-0.25
-3.25
-1.75
1.5
0.25
-1
-1.5
-2.25
13
-3.75
-1
1.5
2.25
-3.75
-0.25
0
0.75
0
0.25
-0.5
0.75
0
0
-1.25
-0.25
-14
-0.5
0.5
0.75
0
-1.25
21.75
-1.25
0.5
1.25
-1
-1.75
-2.75
-0.75
1.25
1
1
1.25
-0.5
0.5
1.25
0.5
0.25
-1
-0.75
0
-2.25
0.5
-1.25
0.25
-2.75
0.75
-0.5
0.5
1.75
0
-4.5
0
-0.25
-0.75
25.5
-0.25
0
0
0.5
-3
31
0.5
-0.25
1
-0.75
-1.75
0.75
3.25
-5
5.25
-0.75
0
2.5
1
3
0.5
-4
-0.25
-0.75
0.75
-2.25
0.25
0.75
9.75
0
0.5
1
-0.5
1
0.25
-0.75
-0.25
0.25
0.5
-0.25
-0.5
0.25
-0.75
-0.5
0.25
0
0.5
-0.5
-0.25
-0.25
0
-0.5
-1
26.25
-2
-0.25
0.25
3.5
1
-0.25
1.5
0.5
-6
7.75
-0.5
-5
3
-5.5
-1.5
0.25
-2.75
-1.5
-9.5
0.5
-1.5
-1.25
0.25
3.75
0.5
1.5
-1.25
-8.25
1.75
-1.75
-2
-1.25
-1.5
1
1.5
-1
0.5
0.5
-0.75
-1.25
1
-0.25
0.75
-0.5
0.25
1.25
2.75
0.75
0.5
-0.25
-3.25
1
-3
-0.5
-1.25
-4
22.75
7.5
1.25
1
0.25
1.75
0
-0.25
0.5
0.25
0.75
0.5
0
-0.5
-0.75
2.5
2.25
0
-2
0.25
-24.25
-2.75
0.25
-1.5
1.25
-0.25
-1
0.75
-0.5
0.5
2
23.5
-5.5
1.75
1
-0.25
-2.5
-4
-0.25
-0.25
0
0
-0.25
0
0.25
1
0.75
-2.5
-0.5
-0.5
0.5
-1
0
0.75
3.25
2.75
3.75
0.75
1.5
0.75
-1
2.5
0
-1.75
2
-0.5
-0.75
2
1
-1
0.25
0
-1
0.25
0.25
-0.25
0
-0.75
8.75
2.25
-0.25
-4.25
-2
0.75
-2.25
-1.25
0
-1
10.25
-2.25
0.25
0
-0.25
-3.5
-0.25
-0.25
0
0.25
0.25
-0.25
0.25
-0.25
0.5
-1.75
0.5
-15.5
-0.5
-0.5
1
0.25
-1.25
18
-1.75
0.5
2.25
-1.25
-3.25
-2.25
-1
1.25
1.5
0.75
0.25
-0.5
0.5
1.5
1
2
2.75
1
1.25
-3
1.25
-3
0.25
-2
0.5
0
0
1.5
-0.75
-1.5
-1.25
0.25
-1
18.25
0
-0.75
1.25
-1
0.5
31.75
0
0
2
0.5
-1.75
-0.25
2.75
-3
7.25
-0.75
-1
2
0
2
0.75
-5.5
0
-1
0.5
-1.5
0.25
0
9.5
0.5
0.5
2
-0.5
1
1.5
0
0
0.25
0.5
0.25
0
0.5
-0.25
-1
-0.5
0.25
0.5
-0.25
-0.5
-0.25
-0.25
0
-1.5
23
-1
-0.5
0
1.75
0.75
-0.75
2
1.25
-3.5
5.75
-0.5
-4
3
-4.25
-0.25
-1.25
-1.75
-1
-11.25
0.5
-2.5
-1.25
1.5
1.25
0
1.5
1
-1.25
-0.5
-0.75
-2
-2.75
-1.5
0.5
3.25
0
-0.5
-0.25
0
-1.25
1.25
-0.5
1.5
-0.5
1
2.75
3.5
-0.5
-0.5
1.25
-1
0.5
-2.5
0.5
-0.75
-2.75
21
4.75
0.25
1.75
0.75
0.25
-1
0.5
1.25
-0.25
1.25
1.25
-0.25
-0.25
-1.25
2.75
1.5
0.5
-1.25
1
-20
-2
-2.25
-1
-1.75
-0.25
-1.25
1.25
-0.75
-0.5
0.75
19.25
-6
1.75
0.5
1
-3.25
-2.75
0.25
0.5
-0.25
-0.25
-0.5
0
0.75
1
0.5
-1.25
-0.75
-0.75
0.25
0
0
-0.5
2
1.5
1.75
1
1.25
-0.25
-0.25
2
1.75
-1.5
1.25
0.25
0.5
0
1.75
-1.25
-0.5
0.25
0.75
-0.25
0.25
-0.25
-0.25
0.25
7.5
1
-1.5
-2.5
-3.75
0.5
-1.75
-1.5
1
0.25
4.75
0
0.75
-1
-1.25
-2
0
-0.25
-0.25
0
0.5
-0.25
0
-0.25
0.5
-0.5
1.5
-14.75
0.5
-0.5
1.5
-0.25
-0.75
12.25
-1.5
0.75
2.25
-0.5
-3.25
-1
-0.25
0.75
1
-0.25
-1
-0.25
0.25
1
0.5
2.25
3
0.75
1
-2.25
1.25
-2.75
1.5
-1.75
-0.5
-0.5
0
1.5
-0.25
-1.25
-1.75
0.25
0
13.25
0.5
0
2
-1.75
0.75
30.25
-0.25
-0.75
1
-0.75
-0.5
-0.25
1.5
-1.5
7.5
-1.5
-1.5
1.5
-0.25
1.5
-0.25
-7
-0.25
-2.25
0.75
-2.25
0.25
-0.25
5.75
1.75
-0.5
1.25
1
0.75
0.75
0.75
0.25
0.25
0
0
0.25
0.25
0.25
-0.5
-0.5
0.25
0.75
0.5
0
-0.5
-0.5
-0.25
-1.5
19.25
-0.5
0
-0.75
0.25
0
0
2
1.75
-4.25
8.5
0.25
-2.75
3.25
-3.5
0.25
-1
-1.25
-0.25
-9.5
0.5
-1.25
-0.75
1
0
-0.25
0
2.75
4
-0.5
-1
-0.75
-3
-1.25
-0.25
4.25
0
-0.75
0
0.5
-0.25
1.5
0.25
1
-0.75
1
1.75
6.5
-0.5
-0.75
1
0.5
0.25
-1.75
0.75
-0.5
-2.25
17
3.5
-0.5
3.25
1.5
-1.25
-1.5
1
1.25
0
2
1
-0.25
0.25
-0.5
1.25
1.25
1
0.25
1.25
-14.75
-0.75
-3
-0.5
-4.5
0.25
-0.25
1.75
-0.5
-1.5
0.25
15.75
-6
0.75
0
1
-1.75
-1.25
0
0.5
-0.25
0.25
-0.5
0
0.25
0
-0.5
-0.25
0.5
0
-0.75
1.75
0
-0.75
2
2.75
2.5
1.5
1
1.25
-0.5
2
2.5
-0.75
0
-0.5
1
-1.5
1.5
-1
-0.5
0.25
0.75
0
0.25
0
0.25
0.25
5.75
-0.75
-2.75
-0.5
-5.25
1
-0.5
-1
0.25
-0.25
-0.5
1
0.25
-0.75
-2
-1
-0.25
-0.25
0
0.25
0.25
-0.25
0.5
-0.25
-0.25
0.75
1.25
-14
-0.5
-0.75
1.5
0.5
-1.25
10.25
-0.75
1
2.75
-0.25
-1.75
0.75
-0.5
0.25
0.5
-0.25
-1
-0.25
0.75
0.25
0
2
3.5
0.5
0.75
-1.5
0.75
-2.5
1.5
-0.75
-0.75
-1
-0.75
1
0.25
-2
-2
0.5
1
12.75
0.75
0.75
1.5
-2
0.25
22.25
0.25
0
-0.75
-0.75
1.25
0.25
0.75
1.5
9
-1.5
-2.25
2.75
-3.25
2
-1.5
-10.25
-0.75
-2.25
1.25
-3.5
0.5
-0.5
4.25
1
-0.5
1
1.75
1
-0.75
0.5
0.25
0.25
0.25
0
0
0
0.25
-0.25
0
0.25
0.25
0.25
0
-0.25
-0.25
-0.25
-0.5
16.5
-0.5
0.25
0
0.25
-0.5
0.75
1.25
1.25
-4
10
0.25
-2
3
-3
-0.75
-0.75
-0.25
0.5
-7
1.25
0
-0.25
-0.25
0
-0.5
-0.5
2.5
4.75
-0.25
-0.75
0.5
-3
-2
0.25
4.25
0.5
-0.5
-0.75
0.25
0.5
0.5
0.25
-0.5
-1
0.5
1
6.25
-0.5
-1
0.5
1.5
0
-0.25
-0.25
0
-2
12.25
1.75
-0.75
3.75
0.75
-2
-1.25
1
0.5
-0.5
1
0
0
0.25
0
0.25
1.75
1.5
1
0.5
-11.25
-0.5
-3.25
0.75
-5.5
0.25
0.5
3.25
0
-1.75
0
10.5
-4.5
0.75
-0.5
0
-0.5
-0.5
-0.25
0
-0.25
0.25
0
0
0
-0.25
-1.25
0.25
1.75
0
-1
2.5
0.25
0
4
5.25
3.5
2.25
1.5
3
-1.25
2.25
3.75
-1
-0.25
-1
1
-2
0.25
-1.25
-0.25
0.25
0
0
0
-0.25
0
0.25
4.25
-0.75
-3
0.5
-5.75
1
0
-0.25
0.25
-0.5
-3
0.75
1.5
-0.25
-2.5
-0.75
0
-0.25
0
0.25
0.25
0
0.25
0
-0.25
0
0.25
-13
-1
-1
1
0.75
-1.75
8
0.5
0.75
2
-0.75
0
1.5
-0.75
0
0
0.25
-0.25
-0.25
1
0.75
-0.25
2
3
0.75
0.75
-2
0.25
-2.25
1
0
-1
-0.5
-0.25
0.75
0.25
-1.25
-1.5
0.25
0.75
13.5
0.75
0.75
0.5
-1.75
0.25
13.75
0.25
0.75
-1.5
0
2
1
0.25
2.25
8.25
-0.75
-2.25
3.5
-3.25
1.25
-1
-8
-0.75
-1
0.25
-2.25
0.25
0
5
0
-0.25
0.75
0.75
1
-0.75
0
0
0.25
-0.25
0
-0.25
0
0
-0.5
1.25
0
0.5
-2
-1.5
-1.5
1.75
-1.75
0.75
27
0.25
-2.25
0.5
0
0.75
-1.5
-1
0.75
-5.25
14.25
-1.75
-2.75
1.75
-3.25
2
-0.25
-3.5
-1.75
-6.5
-0.75
0.5
-1.5
-1
3.5
1
-0.5
-2
-15.5
-1
0
2
3.75
0.75
0.25
-5.75
0.25
-0.25
1.5
0.25
0
-1.75
1
1.25
-0.25
0.5
-1.25
7.5
1.25
2.75
-1.5
-2.25
-1.75
-0.25
0.25
1.75
-3.25
23.5
8.5
-0.25
0.75
-0.5
-0.75
-0.5
-0.5
-1
0
-0.5
-0.75
0.25
0
-2.25
1.75
0.25
2
-0.25
2.25
-23.75
-2.75
2
0.25
5
-0.75
2
-0.75
-0.5
-1.75
2.25
23.25
-5
1.75
-0.5
0.5
-2.5
-1.25
-0.75
0
0.25
0.5
-0.5
-0.25
0.25
-2.5
-0.25
0
0.5
0.75
-0.75
0.5
-1
0.25
2.5
1.25
5.5
1.5
2.25
2.75
-3.75
2.25
-1.5
-0.25
3.25
-2
-1.25
2.5
0.5
-0.25
-0.25
0
-0.5
0.5
0.75
0
0.25
-0.25
9.5
1.25
-0.25
-2.75
-1
1.75
0.5
-2.25
-0.75
-0.75
7.75
-1
-2.25
3.25
2.75
1
0
0.5
0
0
0
-0.5
0.5
-0.25
-0.25
0
0.5
-19.75
-2.75
-1.5
-0.5
1.25
-0.5
15.5
-1
1
1.25
0.25
-0.25
-2.25
-1
2.5
1.5
2.25
1
-2
0.25
2.5
-0.25
0.5
0.5
-0.5
-0.25
-1
-0.25
-0.5
0.25
-1.75
0.5
-1
0
1.5
-0.25
-4.25
-0.25
0.25
-0.75
25.5
-1
0.5
-0.5
-0.75
-4.5
20.25
1
1.5
-0.5
-2.75
-1
1
2.5
-4.5
7.75
-2
0.5
4.5
0.5
1.5
0.25
-1
-0.5
-0.75
0
-2.25
0.25
0.25
10.25
1
-0.5
2
1.75
1.75
-1
1.25
0
0.5
0
-0.25
-0.25
0
-0.25
-0.5
1.25
0
0.75
-1.5
-0.75
-1.75
1.25
-1.75
0.75
25
-0.75
-2
0.25
0.75
0.5
-0.25
1.25
0.5
-4
9
-3.5
-6
4.25
-3.5
2
-0.25
-2.75
-0.75
-6.25
1.25
-0.25
-1.25
-0.75
3.5
0.75
0.5
-0.75
-8.5
-0.25
0.25
0.5
1.5
-0.75
0.75
-2.5
-0.75
-0.25
0.25
0
-0.75
-1
0.5
1.75
-0.25
0.5
0.25
6.5
0.5
2.75
-0.75
-1.75
-1.75
0.25
0
2
-4
25.75
7.75
0.5
2.75
-0.5
-1
0.25
0
-0.5
1
-0.25
-0.5
0
0.5
-3.25
3.5
2.25
1.75
-1
2
-21
-3
0.25
0
3.75
-0.75
1.25
-1.25
0.5
-1
3
21
-5.5
1.75
-0.5
0
-3
-3.75
-0.75
-0.5
0.5
0.5
-0.25
-0.25
0.25
0
0.25
-0.5
0
-0.5
0.5
-1
-1.75
1.25
0.75
0.75
2.75
1
0.5
-0.25
-1
2.25
0
-0.5
2.25
-1.25
-1
3.5
3.5
-0.25
-0.25
0
-1
0.25
0.25
0
0
-0.5
11.75
1.5
-1
-3.25
-2
2
-0.5
-2.5
1
0.25
5
-1.5
0.25
2.5
1.75
1.5
0
0.5
0
-0.25
0.25
-0.5
0.75
-0.25
0.75
0
0.75
-16.75
-2.25
-1.75
1
1.25
-0.75
14.25
-1.5
1
1.5
-0.5
-0.5
-2.75
-0.75
3
1.5
2
0
-1.5
-0.25
1.5
-0.25
0.75
0.25
0.25
0.25
-1.75
-0.5
-1
-0.5
-1.75
0.25
-1
-1
0.25
0
-2.25
0.25
-0.25
-0.5
21
-1.5
-1.5
1.5
0.75
-2.25
19
0.5
0.5
-0.25
-1.75
-0.75
0.5
1.5
-2
11.25
-1.5
-1
3.25
-2
2
0.25
-4.25
-0.25
-0.75
0
-2.75
0
1
12.25
0.75
-0.5
2
2.5
2
-1.25
0.75
-0.25
0.25
0.5
0.25
0
0.25
-0.25
-0.5
0.25
0.5
0.75
-1
-0.25
-1
0.25
-0.5
0
19
-1.5
-1.25
-0.25
1.25
0.25
0.5
1.75
0.25
-2.75
6.75
-4
-7.25
5
-4.75
2.5
-0.5
-1.75
-1.75
-6.5
3.5
0
-2.75
-0.75
1.75
1
1
0.5
0.25
0
0.25
-0.25
0.5
-1.75
0.75
0
-0.75
0.25
0
-0.5
-1
-1
-0.75
2.25
0.25
1
1.75
8.25
-0.25
2.25
0
-1.5
-0.75
-0.25
0
1.25
-3.25
27
6.75
0.5
3
-0.75
-0.75
-0.25
0.75
-0.25
1.25
0.75
-0.25
-0.25
0.75
-3.5
4
3.25
1.5
-0.25
1.75
-18.5
-4
-1
-0.5
1.5
0.5
1
-0.75
0
-1
1.25
17.25
-3.25
1.25
0.25
0.75
-2
-4
-0.25
-0.5
0.25
0.5
-0.25
-0.75
0
0.75
1
-0.25
-0.75
-1.5
1.5
-2.5
-3
1.25
-1
-0.25
-0.25
0
-1
-2.25
1
1.5
2.25
-1
0.75
-0.25
0.25
3.75
5.75
-1
-0.25
-0.25
-1.25
0
0.25
0
0
-0.5
10.25
1.25
-1.5
-3.25
-4.25
1.5
-2.25
-2.25
1.25
0.75
1.25
-0.5
1.25
1.5
0.25
1.75
-0.25
0.25
-0.25
0
0.5
-0.25
0.25
-0.75
1.25
-0.5
1.5
-11.25
-1.75
-1
1.25
1.25
-1.25
10.5
-1.25
0
1.5
-1
-1.25
-1
-1
2.25
1.5
1
-0.75
-0.5
-0.75
0.75
-0.25
0.75
2
1
0.25
-2
0
-1
-0.25
-1
0.25
-0.5
-1
0.5
0.25
-0.75
0.5
-0.5
-1.25
12
-0.75
-2
2.5
1.5
0
20.25
-0.75
0.5
0
-0.5
-0.25
1
1.25
-0.75
14.5
-1.5
-0.25
2.25
-2.25
1.5
-0.25
-6.5
-0.5
-0.75
-0.5
-3
-0.25
1.5
8.75
1.25
-0.25
1.5
1.5
2.25
-0.25
0.5
-0.25
0
0.5
0
0.25
0.25
-0.25
-0.25
-0.25
0.25
0.75
0
0
-0.75
-0.75
0.5
0.25
14.25
0
-1.75
-0.5
0.5
1
-0.5
1.5
1.25
-1.5
6.5
-2
-5.75
4.25
-5.75
2.5
-1
-0.75
-2.25
-6.75
4
0.25
-3.5
0.25
-0.5
0
0
2
4.5
-0.5
0.25
-0.75
-0.75
-2
0.75
1.75
-0.25
0.75
-0.5
0.25
-1
0.5
-0.5
0.75
0.25
0.5
0.75
11
-0.75
2
0.25
-1
-0.25
-0.75
1
0.5
-1.75
22.25
4
-0.25
2.5
-0.25
-1.25
0.25
0.25
-0.25
0.5
0.25
0.5
-0.5
0.5
-2.5
3.5
2
1.25
0.75
2
-14.75
-3.75
-1.25
-0.5
-0.25
0.25
0.5
0
-1
-1.5
0.5
12.5
-2.25
0.75
-0.25
1.25
-1.75
-2.25
0.25
-0.25
0.25
0.5
-0.5
-0.5
0.5
0.25
0.75
-0.25
-1
-1.5
1.25
-2
-2.25
1
-1.5
-0.5
-1.25
-1
-1.5
-2
1.5
0.25
2.25
-1
1
0.25
1.25
3.75
5.5
-1.25
-0.25
-0.25
0
-0.25
0
-0.25
-0.25
0.25
9.25
0.5
-2.5
-2.25
-7.25
1
-2.25
-1.5
1.5
1.25
0
0.5
1.25
0.5
0.25
1.5
0
0
0.25
0.25
0.75
-0.25
0
-0.25
1
0.25
1.75
-7
-0.75
0.25
1.75
1
-1.5
5.5
-0.75
-0.75
2
-0.5
-1.75
0.25
-0.75
1.25
-0.25
0
-0.75
0
-0.25
0.25
-0.25
0.25
2.5
0.75
0
-1
0.75
-0.75
0.5
0
0
0.25
-1
0.75
0.25
-1.25
-0.5
0.5
0
6.5
-1.25
-2
2.25
2.5
0.25
18
-0.75
0.75
-1.5
-0.75
0
2
1.75
0.5
13
-1.25
-0.5
2.75
-2.5
0.5
-0.5
-6.5
-1.5
-1.25
0
-2.75
-1
1.75
2.75
1.75
-0.5
1.25
0.75
2.75
-0.5
0.5
0.25
0
0
0
-0.25
0
0
0
-0.25
0.75
0.75
0.25
0
-0.5
-0.5
0
-0.5
9
0.5
-1.25
-1
0.75
0.5
-0.25
1.75
1.5
-2
8
0
-3.5
3.5
-5
1.5
-1
0.25
-1.75
-5
3
1
-2.25
0.5
-0.75
-0.25
-1.25
2.25
4.25
0
0
-0.5
-2
-0.75
0.5
3
-0.75
0.25
-1
0.75
-0.75
0.75
0
-0.5
-0.25
0
-0.75
11.75
-0.25
1.25
0.25
-0.5
-0.25
-0.25
1
-1
-0.25
13
0
-0.5
2.5
0.75
-1.25
0
-0.25
0
0.25
-0.25
0.25
-0.5
0
-1.25
2
2.25
1
1.25
2.25
-8.75
-1.75
-1
-0.5
-2
0
0.5
0.75
-1
-1.5
0.5
7.75
-2.25
0
0
0.75
-0.75
-1.75
0
0
0
0.25
-0.25
-0.25
0.25
-0.25
0
-0.25
-0.25
-0.75
0.25
-1
-2
1
-0.75
0.5
-1
-1.25
-2.25
-0.5
1.25
-0.25
1.5
-1.25
1
-0.5
1.5
2
4
-1.5
0
0
0.75
0
-0.25
-0.25
-0.25
0.5
7
0.25
-2.5
-1.75
-7
0.5
-1
-0.75
1
1
-0.5
0.5
1.25
-0.25
0
0.5
0
0
0.25
0
0.25
0
0
-0.25
0.25
0.5
1.5
-5.5
-1
0.25
2.25
1
-1.5
3.75
-0.75
-1
1.75
-0.75
-1
0.75
-1
0.75
-0.5
0
-0.25
0
0.5
-0.25
-0.5
1
1.75
0.75
0.25
-0.75
0.5
-1
0.5
0.5
-0.25
0.25
-1.75
1
0.25
-1.75
-1
1.5
1.5
5.5
-1
-1.5
1.5
2.25
0.25
13
0
0.75
-1.75
-0.25
0.75
1.75
1.75
1.75
9
-0.75
-0.5
3
-2.75
-0.5
-1.25
-6.25
-1.5
0
0.75
-3
-0.75
1.5
1.75
0.75
-0.5
1.25
0.5
2.75
-0.5
0.25
0
0.5
0
0
0
0
0
0
0
0.25
0.25
0.25
0
-0.25
-0.25
0
-0.5
8.5
0
-0.25
-1
1
0
0.75
1.25
0.75
-2.5
10
0.5
-1.75
2
-3.25
0.5
-1
0.75
-0.5
-2.5
2.25
1.5
-1.25
0.25
-0.75
-0.25
-1
1.75
3.5
0
0.25
0
-1.5
0.25
0.25
2.5
0.25
0.25
-1
0.5
-0.5
0.5
0
-1.25
-0.25
-0.25
-0.75
8.5
0
-0.25
0.25
0
-0.25
0.25
0.25
-1.5
1
6.5
-2.25
-0.75
1.75
1
-1.5
0.25
-0.25
-0.25
0
-0.5
0.25
-0.5
0.25
-0.75
0.75
2.5
1.5
0.5
1.75
-8
-0.5
-1
-0.5
-3.5
-0.25
0.25
2.25
-0.5
-1.25
0.75
3.5
-1.5
0.25
0.25
0
0.5
-1.25
0
0
-0.25
0
0
0
0.25
-0.25
-0.25
-0.25
0.25
-0.25
-0.25
0.25
-0.75
0.75
0.5
1.5
-0.75
-1
-2
0.25
1
0.25
1.5
-1.75
0.75
-0.5
1.5
-0.25
1.75
-2
-0.25
0
0.5
0
0
-0.25
-0.5
0.5
4.5
-0.25
-2
-0.75
-5.25
0.5
0.25
-0.25
0.5
0.25
-1.75
0
2
-0.5
-1
0.75
0
0
0
0
0
0
0.25
0
-0.25
-0.25
1
-6.75
-0.75
0.25
1.5
0.75
-1
4.25
-1
0
0.75
-0.75
0
0.5
-0.75
0.25
-0.5
0
-0.5
0.25
0.25
0
0.25
1.25
0.5
1.25
0.75
-1.5
0.25
-0.5
0
0.5
-0.5
0.25
-0.75
1
0
-1.25
-1.25
1
1.25
3.5
-0.25
-0.25
0.5
0.5
0.5
11
0.5
2
-1.75
0.75
1.75
1.5
1.5
1.5
5
0.5
-0.25
2.25
-1.25
-1.5
-0.5
-3.75
-1
0.25
0.75
-2
-0.25
1.25
1.25
-0.25
-0.5
1.25
0
1.5
0
0
0
0.25
-0.25
-0.25
-0.5
0.25
-0.25
-0.25
0.5
0
0.25
-1.25
-1.5
-1.75
1.25
-1
1.5
14.25
1
-2.25
-0.25
1
1
-1.25
-1.75
-0.75
-9.25
21
-1.25
0.5
0
-8.25
4.5
-1.25
-1
-1.25
-5
1.5
2
-1.75
-1.5
0.5
0.75
-0.25
0
-4.75
-3
2.5
1.5
3
0
-0.5
-4.25
-0.5
-0.5
0.75
0.75
0.25
-5.5
0
1.75
0.25
1.75
-3
16
0
3
-0.75
-2.5
-1.25
-1.75
0
1.5
-2.75
29.25
8.25
0.75
0.75
-0.25
0.25
-2
1.25
-1.25
1.25
1.25
-0.75
0.25
1.25
-4.5
0
-0.25
3.5
2.5
3.75
-21.25
-2.5
1.75
0.75
4
-1
2
-0.75
0
-1
0.75
25.75
-1.25
0.25
0.5
0.75
-0.25
2
-0.25
0
0.5
0.5
-0.5
0
-0.25
-2.5
-0.25
0.5
0.75
0.75
-0.5
0.5
0
1.5
-0.25
-2
0.5
0.5
0.5
0.25
-2.5
0.5
1
0.25
2
-3.5
-2.75
3.75
2.75
1
0
-0.5
-1.25
0.25
0.25
0.25
0
-0.25
11.25
-0.25
-1.5
-0.5
0.25
1.75
1.25
-2
0.25
0.5
5.25
-0.25
-0.75
2.75
2.25
3
-0.25
0.5
-0.25
-0.5
0
-0.25
-0.25
0
-0.25
0.5
0
-20.75
-2.75
-0.75
0.75
1
0.5
20.25
-0.5
0.25
1
0.75
0
-2.5
-3
4.75
2.5
4
1.5
-3.5
1.75
2
-0.5
0.25
5.75
-0.75
-0.5
0
-0.25
0.5
0.25
-0.25
1
-1.5
0.5
0
-0.5
-3.75
0.25
1.5
1.5
19.5
-3.75
-2.25
-1.75
1.5
-3.5
17
0
1.5
-2.5
-0.5
0.25
2.75
2.5
2.5
8
-0.75
0
6.5
-4
-0.25
0
-1.5
-0.5
0.75
0.75
-1.5
-0.75
1.5
18.25
0.5
0.25
2.5
1.75
2.5
-1.75
0.5
0
0.5
0
-0.25
-0.25
-0.25
-0.25
-0.25
0
0.5
0.5
-0.75
-1
-1.25
0.25
-0.75
1.25
8
0.5
-2.25
-0.25
1
1.25
-1
-0.25
-0.25
-8.5
18.25
-1.75
-1.25
2.75
-8
2.5
0.25
1.25
-1.5
-4
4.25
1.25
-2.75
-0.5
0.25
1
0.25
-0.25
1.25
-1
0.75
0.25
2.5
-0.75
0
-3.25
-0.25
0
1
-0.25
0.25
-4.5
0
2.25
-0.75
0.75
-0.25
17
0
1
0.75
-3.75
-0.25
-3.5
-1
1.5
-2
31.5
7
0.5
2.75
-0.25
-0.25
-2.25
1.75
-0.25
2.5
2
0
0.5
1.5
-4.25
1
1.25
1.75
2.5
2.5
-18.75
-2.5
0.75
0.5
2.75
-0.25
1
-1
0.25
-0.75
1
23
-0.5
0
-0.5
0.5
-0.5
0.25
-0.5
-0.5
0.75
0.25
-0.25
-0.5
-0.25
0.75
-0.25
1
0.75
0
-0.25
-1.25
-0.75
2
-2.25
-2.25
-2.25
-1.25
-1.75
-2.75
1.75
-1
3
-0.75
0.25
-3
-1.5
2.75
5.25
0
0.5
-0.25
-2.25
0.25
0.25
-0.25
-0.25
-0.5
12
0.75
-1.5
-1.5
-2.5
1.25
-0.75
-1
0.5
0
4.75
-0.75
1.25
2
1
2.75
-0.25
0
-0.5
0
-0.25
-0.25
-0.25
-0.25
0.25
0.5
0.25
-15.5
-1.25
-0.75
1.5
1.25
-0.25
17.75
-1.5
-0.75
0.75
0.75
0
-2
-3
4.75
1.75
3
1.5
-1.5
0.75
0.75
0
1.75
6.75
0.25
0.25
-0.75
0
-1
-0.75
-1.25
0.5
0
-1
-0.25
-0.25
-1.5
0.5
1
0.5
15
-2.75
-3.25
-1
2.25
-1.25
15
-1.25
0.25
-2.25
-0.5
0.75
2
2
4.75
12.5
-0.25
-1.25
6.25
-4.75
-1.75
0
-3.75
0
-0.25
0.25
-1.25
-0.75
1.5
16.25
-0.25
1
2.75
1.75
3
-1
0.5
-0.25
0.5
0.25
-0.25
0
0
0.25
-0.25
0.25
0.25
0.25
-0.75
-0.75
-0.75
0.25
-0.5
1.5
3
1.5
-2
0.5
1.25
2.5
-1.75
0.5
0.5
-6.75
15.75
-1.75
-2.25
4.5
-7.75
1.5
0.75
1.75
-2.75
-2.25
7
1.5
-4.25
0
-0.75
0.5
0.5
1.5
6.75
0
1
0.25
1.5
-1
-0.25
-0.75
1.25
0.75
1.5
-0.5
0.25
-1.5
0
1.5
-1
0.25
0
16.25
-0.5
-1
1.5
-3.5
0.75
-4.5
-2.25
0.5
-1
26.25
4.5
0.5
2
-0.75
-0.5
-1.5
0.75
0.25
2.25
2.25
0.5
0
1.25
-3.75
2.25
2.75
2.25
3.5
2.75
-15.75
-4
0.25
0.5
0.25
1
0.5
-0.75
-0.5
-1
1
16.5
1
-0.5
-0.25
0.25
-0.5
-1
0
-0.25
0
0.75
0
-0.75
0
1
1
1
-1
-1.75
1.5
-3.5
-2
1
-3.5
-2.75
-4
-2
-2.5
-3.75
2.5
-1.5
3.5
-1.25
-0.5
-2
0
2.5
6.5
-0.75
0.5
-0.25
-2.5
0
0
0.25
0
-0.25
10
0.5
-1.75
-2
-4.75
1.25
-2.75
-1
1
0.25
2.25
-0.25
1.5
2.25
-0.25
2.75
-0.25
-0.25
-0.25
0
0.25
-0.25
-0.25
0
0.75
0
1
-8.25
0.25
0
1.25
1
-0.75
12.5
-1.5
-0.25
1.5
0
0
-1.25
-3
3.75
0.5
1.5
1.5
-0.25
0
0
0.5
1.75
6.25
0.5
0.25
-1.25
0.25
-0.75
0
-0.5
0.25
-0.25
-1.75
-0.25
-0.25
-0.5
0.75
0.75
-1.5
10.25
-2.25
-3.25
-0.5
2.75
0.5
14.75
-1.5
-0.5
-1
-0.25
0.75
1
2
3.75
14
0.25
-0.75
4.5
-3.25
-3.75
-0.25
-5.75
-0.25
-1
-0.75
-0.75
-1
2
10.25
-0.25
1.25
2.25
1
3
-0.5
0
-0.25
0.25
0.25
-0.25
0
0
0.25
-0.25
0
0.25
0
-0.25
-0.5
-0.25
0.25
-0.25
1.25
3.75
1.5
-1.75
0.5
1.25
2.5
-1.75
0.25
1
-5
15
-0.25
-1.75
3.5
-6.5
1.5
0
1.5
-3.25
-2.75
6.25
1
-4.25
1.25
-2
-0.25
-0.5
3.25
7.25
0
1.5
-0.25
-1
-1.5
0
2.25
1.75
1.25
1
0.25
-0.5
1.25
-0.25
-0.75
0
-0.25
-2
14
-0.5
-0.5
1.25
-2.75
0.75
-3.5
-1.25
-0.5
0.5
16.75
1.75
-0.5
0.5
0.25
-0.5
-0.5
0.25
0.25
1
1.5
1
-0.25
0.5
-3
2.5
2.75
2.5
3.5
2.75
-13.5
-4
0
-0.25
-2
0.5
0
0.25
-1.25
-0.75
0.5
11.5
1
-0.75
-0.25
-0.25
-0.5
-0.75
0.25
0
-0.25
0.5
-0.25
-0.25
0.25
0.25
1
0.5
-1
-1.5
1
-2.5
-1
0.25
-3.75
-3
-4.25
-2.75
-2.5
-4
2
-2.5
1.5
-1.5
0.75
-1.25
1
4
6
-1
0.25
-0.25
-0.75
0
-0.25
0
0
0
8.5
0
-2.5
-1.5
-5.75
1.25
-2.75
-1.25
1.75
0.5
3.5
0.25
1.5
1.25
0.25
2.25
0.25
0
0
0
0.5
-0.5
-0.25
0
0.25
0.25
0.75
-5
0
0
1.25
0.5
-0.75
10.5
-1
0
2
-0.25
-0.25
-0.75
-2
2
-0.75
0.25
0.75
0
0
-0.25
0.25
1.25
6.5
0
-0.25
-1.25
0
-1.5
0.75
0.75
-0.25
0
0
0.5
-0.25
-1
0.5
1
-0.25
8.75
-2.25
-2.5
-0.5
3.5
-0.25
15.75
-1
0.5
-1.75
0.5
0.5
1.5
2.75
1.75
10
0.75
-0.25
3.75
-1.25
-4
0
-6.25
-1.5
-1.5
-0.25
-1.25
-1.5
2
3.75
0
1.25
1.75
0.25
3
0
-0.25
0.25
0.25
-0.25
-0.25
-0.25
0
0
0
0
0.25
0.25
0.25
-0.25
0
0
-0.25
-0.25
5
0.25
-0.75
-0.5
1.25
0.75
-0.25
0.5
1
-3.75
13.5
0.25
-1
2
-4.5
1
-0.25
1.25
-2.75
-2
3.75
0.75
-3.25
0.5
-1
0.25
-1.75
2.5
4
-0.25
0
-0.75
-2.5
-0.5
0
3.5
0.75
0.75
0.25
0.75
-0.5
1
0.25
-1
-0.25
-0.5
-2.75
10.5
0.5
-0.25
0.75
-1.5
0
-1.5
-0.25
-1.5
2.25
7
-0.5
-0.75
-0.25
1.75
0
-0.25
0.25
0
0.5
0.5
0.25
-0.25
0.25
-1.25
1.5
2
1.5
2.25
2.5
-10.25
-2.25
0
-1
-3.5
0
-0.25
1.75
-1.75
-0.25
0
7
0.25
-1
0.25
-0.25
-0.25
-0.5
0
-0.25
0
0.25
-0.25
0
0
-0.25
0.25
-0.25
-0.25
-0.5
0.5
-0.75
-0.5
0.5
-2.25
-2
-3
-2.25
-2.5
-2.5
1.25
-1.75
0.5
-1.5
1.5
-1.25
1.25
3.75
4.25
-1.25
0.25
-0.25
-0.25
0
0
-0.25
0
0.5
6.75
0
-2.25
-1.5
-4.5
1
-1.75
-0.25
1.25
0
4.25
0.25
1.5
0.25
0.25
1.5
0.25
0.25
0.25
-0.25
0
-0.25
0
0
-0.25
0.5
0.75
-7
-1
0
1
0.5
-0.75
8.5
-0.75
0
1.75
-0.5
-0.5
-0.5
-1.25
1
-1
0
0.25
0
0.25
-0.25
0.25
1.5
3.25
0.5
1
-1.5
0.25
-1.25
0.5
0.75
-0.25
0
0
0.75
0
-0.75
0.75
1
0.5
7.75
-1.25
-1.75
-0.5
3.25
-0.25
14.25
-0.25
0.75
-1.5
0.75
0.5
1.25
2
-0.5
5.5
0.5
0.75
2.5
-0.75
-2.25
-0.25
-4.5
-1.25
-0.5
0.25
-1.75
-0.75
1
0.5
-0.5
1.5
1
-0.25
1.75
0
-0.5
0
0.25
0
0
0
0
0
0.25
0
0.25
0
0
0
0
0
0
-0.5
5.25
-0.5
0
-1.25
1
0.25
0.5
0.5
0.5
-2.75
12
1
-0.75
1
-3
1.25
-0.75
1.5
-2.5
-2.5
3.25
1.75
-2.75
-0.25
0
0.5
-1.75
1
2
-0.5
0
0
-1.75
0.25
0.25
3
1.75
0.75
0.25
0.5
-0.25
0.25
0
-1
0
-0.25
-2.25
8.5
0.75
0.25
0
-0.5
-0.75
0.5
0.5
-1.75
2.5
2
-0.5
-0.75
-0.75
2
0.25
0.5
0
-0.25
0
-0.5
0
-0.25
0.5
-0.75
0.75
1.75
1.5
0.75
2.25
-10.5
-1.25
0.25
-1
-3.75
0
0
2.75
-1.5
-0.75
0.25
2.25
-0.25
-0.75
0
-0.75
0.5
0
0.25
-0.25
0
0
0
0
0
-0.25
0
0
0.25
0.25
-0.25
0.75
-0.25
0.5
-1.75
-0.75
-2.5
-1.75
-2.25
-2
1
-0.75
0.5
-1.75
2.25
-1
1.75
2
2.5
-1.5
0.25
-0.25
0.25
0
-0.25
0
-0.25
0.25
3.75
-0.25
-1.5
-0.75
-2.75
0.75
0
0.25
0.25
-0.5
1.5
0.25
1.5
0.5
-1
1.25
0.25
0
0
0
0
-0.25
0
0
-0.5
0.25
1
-6.25
-0.5
0.5
0.25
0.25
-0.25
6
-0.75
0.5
0.75
-0.25
0
-0.75
-0.5
0.25
-0.75
-0.25
-0.25
0.5
0
-0.5
0.5
1
0.25
0.75
0.75
-1.25
0
0
0.25
0.25
-0.25
0
0
0.75
0
-0.5
0.25
0.5
-0.25
5.5
-0.5
-0.75
-0.25
2
0.25
13
0.25
1.5
-1
0.75
0.5
0.75
1.25
-1.5
3
0.75
1.5
1.5
0
-2
0
-1.75
-0.75
0
0.25
-1.25
-0.25
0.75
-0.25
-0.75
0.5
0.5
0
0.25
-0.25
-0.5
0
0
0
-0.5
-0.25
0
0.25
0
0.5
0.25
0.5
0
-1.75
-0.75
1.5
-1.5
1.25
0
1.75
-0.25
1.25
1.75
1.25
-1
-1.25
-2.25
-8.5
17
0.25
0.25
2.5
-10.75
0.75
2.5
1.25
-1.25
0.5
5.25
4.25
-1.5
-2.25
-1
2.25
0.5
2.25
2.5
0.5
1.5
0.75
2
1
-1.25
-2.5
1.75
0
1.75
2.25
1.75
-5
1
0.75
1.25
-0.25
-5.25
15.75
0
0.25
-0.75
-1.5
-0.25
-3
-1.5
1.25
-2.25
27.75
6.75
0.5
-1.5
0.5
-0.25
-1.25
1.75
-0.75
-0.25
1.25
-0.5
-0.5
0.5
-2.25
-2.25
-0.75
2
2.75
2.5
-18.25
-0.75
2.5
0.5
3.5
-0.25
1
0.5
0
-0.25
-1
29.25
-1.25
-1.75
1.75
0.5
1.25
1.75
-0.75
-0.25
0.5
1
-0.25
0
0.25
-1.25
-0.25
0
-0.25
-0.5
-0.75
0
-0.75
0.5
-0.5
-1
-0.5
-0.75
-0.25
-1
-1.75
-1.25
1.75
0
0
-4.25
-3
4.25
2.75
1.5
0
-0.5
-3.75
0.25
0.75
-0.25
0
-0.25
10.5
-1
0.75
-2.5
-1.25
0.25
-0.25
0.25
0.25
-0.75
8.75
-0.25
-0.75
1.5
-0.5
2
0.75
0.25
-0.25
-0.75
0.5
-0.25
-1
-0.25
1
-0.5
-0.25
-13.75
-1.25
-0.25
1.5
-0.25
1.5
18.75
0.75
0.75
2
0.25
-0.5
-2
-4.75
6.25
3.25
5
4.25
-3.75
2.75
2
0.75
1.5
7
-0.25
0.75
-1.25
0.5
-0.75
0
-0.25
0
-1.5
-0.75
-1.25
-0.5
-2.5
1.75
0.5
2
16.5
-4
-2.75
-2.25
3.5
-1.25
12.75
-0.5
-1
-0.25
0.5
-0.25
1
4
5.75
6.75
0.5
-0.25
7.75
-4.25
-1
0.5
-7
1.25
1.5
0
1.25
-0.25
0.75
16
-0.5
1.75
3
1
1.5
-2.25
-0.25
0.25
-0.25
-0.25
-0.5
-0.25
0.5
0.75
-0.25
0.75
0.25
0.5
-0.5
-2.25
-0.25
0.75
-1.75
1.75
-0.75
1.75
-1.5
1.5
1
1.5
-1.25
-1
-1.5
-8.75
18.5
0.5
-1.25
5.75
-11.25
-0.75
3
2.75
-3
-0.5
7.5
3.5
-3.5
-1.75
-0.75
2
-0.25
2
5.5
1
0.5
-0.75
0.75
0.75
-1
0.25
2.25
0.25
2
0.75
1.25
-2.75
0.25
1.25
0
0.5
-3.25
16.75
-0.25
-0.5
0.5
-2.5
0.25
-4.75
-1
0.5
-2.5
28
7.25
0.5
-0.5
0.75
-0.25
-1.25
2.25
-0.5
0.5
1
-0.5
0.75
0.5
-3
-1.25
0.75
1.5
3.5
1.75
-18
-2.5
1.5
0
1.25
-0.25
0
-0.5
0.25
0
0.25
27
-1.75
-1
1
0
0.25
0
-0.25
-0.25
0.75
0.5
-0.25
-0.25
0
0.25
-0.25
-0.25
-0.25
-0.25
-0.75
-1
-0.5
-0.25
-2
-1.75
-2.5
-1.5
-1.25
-2.5
1.25
-1.5
3.25
-1.5
-0.25
-3.75
-1.75
2.75
5.25
0.25
-0.25
0.25
-4.25
0.25
0.5
-0.5
-0.75
0
10.25
-0.25
0.25
-3.25
-3
0.5
-2
1
0
-1
7.25
-0.5
0.5
1
-1.25
1
0.5
0
-0.25
-0.25
0.25
-0.5
-0.5
-0.5
0.75
0
0
-10.5
-0.25
-0.25
0.75
0.25
1.5
14
-0.5
1.75
2
0.5
-0.25
-2.75
-4.75
6
2.75
4
4
-2.75
2
1.5
1.75
3.5
11
0.75
1
-1.75
0.75
-3
-0.75
-1.25
0.5
0.25
-1.25
-0.5
-0.25
-1.25
0.75
1
1.25
13.75
-3.5
-3.75
-2.25
3.5
1
11.75
-0.5
-1.75
0.75
1.5
-0.5
0.75
3.25
7
11.5
1.25
-1.75
8.25
-4.25
-2.75
0.75
-8.25
1
0.25
0
1.25
-0.5
0
13.25
-1
2.25
4
0.5
2.5
-1.75
0
0
0
0
-0.25
-0.25
0.5
0.5
-0.75
0.5
-0.5
0.5
-0.75
-1.75
0
0.5
-1
2
0.25
2.5
-2.25
1
0.75
2.25
-2.5
-0.25
-1
-7
17
0.75
-1.75
7
-10.25
-0.75
2.5
3.25
-4.5
-1.25
9.25
4.25
-4.5
-0.5
-1.75
0.75
-1.75
3.5
8.25
-0.25
1.5
-1
-0.5
0
-1
2.5
2
0.5
1.75
0.5
0.5
0
0.25
0.25
-0.25
0.25
-3.5
15.5
0
-1.75
1
-2
1.25
-5.5
-1.25
0.5
-2
21.5
5.25
0.25
-0.5
0.25
-0.5
-1.25
1.5
0
1
1.5
0.5
0.75
0.75
-2.25
0.25
1.75
1.5
3.5
1.25
-18.25
-3
0.25
-0.25
-1.75
0.5
-0.75
-1
-0.5
0.25
1
17.25
-1.25
-1
0
-0.25
-0.25
0.25
0
0
0.25
0.5
0
-0.25
-0.25
0.5
0.25
0.25
-0.25
-0.5
-0.25
-1
0
-0.5
-3.75
-2.5
-4
-2.5
-2.25
-3.5
1.25
-2.25
2.5
-1.5
0.25
-3
0
2.5
6.25
-0.25
0.25
-0.25
-2.5
0
0.25
0
-0.5
0
8.25
-0.5
-0.5
-2.25
-4.25
0.75
-3
-0.25
0
-0.5
3.75
0
0.75
1.5
-1.5
0.75
0.25
-0.5
-0.25
0
0.25
-0.5
0
0
0.5
0
0.25
-6.25
1.25
0
0
0.25
1.25
8.25
-0.25
2.75
2.75
-0.25
0.75
-3.25
-4.25
5
1.75
2.5
3.25
-2
1.5
1
1.25
2.5
11.5
1.25
0.25
-1.25
1
-3
0.25
0.25
0.25
0.25
0.75
0.5
-1
-0.75
0
1.5
-0.25
11
-3.75
-2.5
-3.25
2.75
1.25
12.5
-0.5
-1.5
0.75
1.25
-0.75
0.5
3
6.25
12
2
-2
6.75
-3
-4
0.25
-9.75
-0.5
-0.25
0.25
0.75
-1.25
0.5
7
-1
2.5
3.25
-0.25
2.25
-1.75
-0.75
-0.25
0.25
0
0
0
0.25
0.25
-0.75
0.25
-0.25
0.25
-0.5
-0.75
0
0.25
-0.5
0.75
2.25
1.75
-1.5
0.5
0.25
1.75
-2
0.25
-0.25
-6
16.25
1
-2
5.25
-8
0.25
1.25
2.25
-4
-3
7.5
3.75
-4.25
0.5
-2
0.25
-2.5
4.75
7.25
-0.75
1.5
-0.75
-3.25
-0.5
-0.75
5
1.25
1
0.75
1.75
0.25
2.25
0.25
-1.5
0.75
-0.5
-4.75
13.25
-0.25
-2
1
-0.75
1
-3.25
-0.5
0.25
-0.75
13
3
-0.75
-1
1
0
-1
0.5
0.25
0.5
1.5
0.5
0
0.25
-1.5
1.25
1.75
1.25
3
1.25
-15.25
-2.25
-0.25
-1
-4
0.5
-0.5
0.5
-1.25
0
-0.25
10.5
-1.5
-1
0
-0.5
-0.25
1
0.25
0.25
0
0.5
0
0
0
0.25
0
0.5
0
-0.75
0
-0.5
0
-0.5
-3.75
-2.5
-4
-3.25
-2.75
-3.25
0.75
-2.5
0.5
-1.75
1.5
-2.75
1
3.5
5.75
-0.5
0.25
-0.5
0
0
0
0.25
0
-0.25
7.25
-1.25
-2.25
-1.25
-4.25
1.5
-1.75
-0.5
0.5
-0.25
1.5
1
0.5
1
-1.75
1.25
0.25
-0.25
0.25
0
0.25
-0.25
0.25
0.25
0.25
0.75
-0.5
-6.5
0
-0.5
0
0
0
7.5
0.75
1.75
2.75
-0.75
0.75
-1.75
-3.25
3.5
0.25
1.5
1.5
-1.25
1
0.25
0.5
1.5
8.25
0.75
0
-0.75
0.75
-2.5
0.25
0.75
0
0.5
2.5
1
-1
-0.25
0
1.25
0
9
-2.5
-0.5
-3.75
1.5
0
13.5
-0.25
-0.25
0
0.75
-0.25
0.75
3.25
3.25
8.5
2
-1
5
-2
-3
0.25
-9.75
-1.25
-0.75
0
-0.75
-1
0.25
2
-1
2.75
2
-1
2
-1
-1.25
0
0.25
0
-0.25
0
0
0
-0.25
0
0
0.25
0
-0.25
-0.25
0
-0.25
-0.25
1
0.25
-0.5
-0.25
-0.5
0.25
-0.75
0.5
0.25
-4.25
13.75
1.25
-1.5
2.5
-5
1.25
0.25
1.5
-3.25
-3.25
4.75
3
-3.25
0
-0.5
0.75
-2.5
2.75
4.5
-0.75
-0.25
-0.5
-3.5
0
0
4.5
1
0.75
0
1
0.25
1.5
0.25
-1.5
0
-0.75
-3.75
9
0.5
-1
0
0.5
-0.25
-0.5
0
-0.25
1
5.25
1.25
-1.5
-0.5
2.25
0.5
-0.5
0.25
0.25
0
0.5
0.25
-0.25
0.5
-0.5
0.5
0.5
1.5
2
1.5
-10
-1.5
-0.5
-1
-4.5
0.25
-0.5
2.75
-1.75
-0.5
-1
5.5
-1
-0.75
0
-0.25
0
1.25
0
0
0
0.25
0
0.25
0
0
0
0.25
0.25
-0.25
0
0.25
-0.25
0.25
-2
-1
-2.5
-2.5
-2.25
-1.5
-0.5
-1
0.25
-1.75
2
-1.75
1.75
3.75
4.5
-1
0
0
-0.25
0
-0.25
0
0
0.25
5.25
-1
-2
-0.25
-3
1
-0.75
0
0.25
-0.5
1.25
0.5
0.25
0.75
-0.5
1.25
0.25
0.25
0
-0.25
0
0
0.25
0
-0.25
0.75
-0.25
-7.5
-1.5
-0.75
0
0.75
-0.5
5.5
1
1
1.75
-0.25
0.75
-0.5
-1.75
2
-0.5
1
0.5
-0.5
0.5
0.25
0.25
1.25
3.5
0.5
0.75
-1
0
-0.5
0.25
0.5
-0.25
0
0.75
0.75
-0.25
0
0.25
0.75
0
5.75
-0.5
0.25
-3
1
-0.25
10.25
-0.5
0.75
-0.5
0
0
1
2
-0.5
4.5
1.5
0.75
3.25
-1
-1.25
0
-5.25
-0.5
0
0
-1
-0.5
0.25
0.25
-1
2.5
0.5
-0.75
0.75
-1.25
-1
-0.25
0.25
0
0
0
0
-0.25
0
0
0
0
0
0
-0.25
0
0
-0.25
0
-0.5
0.25
-0.75
0
0.25
-0.5
0.75
0.25
-2.5
11
1.25
-0.5
1.25
-2.5
1.75
-0.75
1.75
-3
-3
4.5
2.75
-2.5
-0.75
0.25
0.75
-1.75
0.5
1.5
-0.75
-0.5
0.25
-2.5
0.5
0.25
3.5
2
1
0.25
0.75
0
1
0
-1.75
0.25
0
-3.5
7.5
0.5
1
-1
0.75
-1.75
2
1.5
-0.5
1
1.25
1.25
-1
-1
1.25
1.25
0
0.25
0
0
-0.25
0
0
0.25
-0.5
0.25
1
1.25
0.75
1.5
-8.5
-1
0.25
-0.25
-4.25
0
-0.25
3.75
-1.75
-1.5
-0.75
0
-0.5
-0.75
0
-0.75
0.25
1.25
0
0
0
0
0
0
0
0.25
0
0.25
0.25
0.25
-0.25
0.5
0
0.25
-1.25
0.75
-1
-0.75
-1.75
-0.25
-1.25
0.75
0
-2
3
-1.25
2.25
2.75
3.5
-1.5
0
0
0
0
-0.25
0
0
0.25
2.25
-0.75
-0.5
0.25
-1.5
0.25
-0.25
0.25
-0.25
-0.5
-1
0.25
0.75
0.75
-1
1
0
0.25
0
0
0
0
0
0
-0.5
0.25
0.75
-4.5
-0.75
0
-0.25
0.5
-0.5
3.5
0.75
0.75
1
0.25
0.5
0
-0.25
0.5
-0.25
0.25
0
0
0.25
-0.25
0.25
0.25
0.25
0.5
0
0
-0.5
1.25
0.25
0
-0.25
0
0.25
0.75
-0.25
0.25
0
0
-0.5
3.75
0
0
-1.5
1.25
0.75
8.5
0
1.5
-0.25
0.25
0
0.5
1.5
-2.25
1
1
2.25
2
-0.75
-1.75
0
-1.75
0
0.25
-0.25
-0.75
0
0
0.25
-1
0.75
-0.25
-1
-0.25
-1
-1
