-0.25
0
0
-0.5
-0.25
-0.25
0
0.5
3.25
-4.25
2.75
-0.75
-2.25
-2.5
2
-2.25
0.25
15.75
0.25
-0.75
0.25
-0.5
0.75
0.75
1.5
0
-11.5
10
2.25
-1.75
0
-9.5
0.5
-0.25
-1.5
1.5
-1.25
-1.25
4
1.5
-0.5
0.25
1
4
-3.25
-4.5
-0.25
-1.75
1
4.5
-1
-1.5
-8.25
3
-0.25
1.25
3
-0.75
-5.75
1
-0.25
1
-0.75
-3.5
16.5
-1.75
-0.75
0.75
-1
5.25
-2.75
0
-0.75
-3.25
24.75
6.75
-2.5
-0.75
1.75
0.5
-3
-2.25
1.25
-1
1.25
0.75
-2.25
0.5
0.25
0
-1.75
-0.75
0.25
-0.25
-26.25
1.75
1.25
0.25
8
0.5
0
1
-1
0
-0.5
30.25
-5.5
-1
-1.5
-1
-0.75
-0.25
0
0
-1
0
0.75
-0.5
0.5
-1.5
-0.25
0.75
1.25
0.75
-0.25
0.75
1.5
2
4.5
3.5
5.75
1.75
2
2.5
-3
1.75
2.5
2.25
-2.75
-3.5
-4
-4.5
-4.75
4.25
-0.25
0.25
-2.25
-0.5
-1.25
0
-1
1.75
14.25
-1.5
-1.5
-6
-5
2.25
-2.75
3.25
0.25
-1
6.75
1
-1.5
0
1
0
0.25
0
0
-0.5
0.25
-0.25
-1
0.25
-1.5
-1
0.75
-12.25
-0.25
0.5
-1.5
0
-1.75
21.25
0.5
1.5
3
0.5
0.5
1.25
-4.75
3.75
1.25
4.5
3.75
-4.5
4.25
4.25
-1
-0.75
6.75
-1.25
-0.5
-1
0
1.75
0
0.5
-0.25
-0.75
2
-4
0.75
-3
-0.5
-0.5
1.25
17.5
-1.25
0.5
-0.5
-0.75
-3.75
21.75
0
-1.5
0.25
-1.75
0.5
-2.25
6.75
1.25
2
-2.5
-1.75
8.5
-2.5
-0.75
0.75
-5
0.75
0.5
0
-1.25
0.5
-0.25
10.25
1
1
-0.5
0
-1
-1.5
-1
-0.5
0.25
0
-0.75
-0.5
-0.5
-0.25
0.5
3.25
-3.75
4.25
-0.5
-2.25
-3.75
1.5
-3
0.25
19.25
-0.5
0.25
0.5
0.5
0.5
0.75
1.25
-0.25
-12.5
13
1
-1
2.25
-9.25
1.75
0.5
-2
2
-3.75
-1.5
5
2.5
-0.25
0.5
1.75
5
-3.25
-2.75
0.5
-0.5
0.5
4.5
-1
-1.5
-6.25
4.25
-1
0.5
2.25
-0.5
-7.5
-0.25
-0.25
-0.25
-0.5
-2.5
22
-2.75
0.75
0.75
-1.5
4
-4
0.75
-1.75
-2.5
31.5
5.5
-2
1.25
1
0
-5.75
-1.25
1.5
-0.5
3.25
0.25
-1.5
0.25
-1.25
0.5
-0.75
0.25
0.5
0.25
-32
1.5
-0.25
0.75
4.75
-1
-1.75
0.5
-1.25
-0.75
-1
31.75
-6.25
-1.75
-0.5
-1.25
0.25
0
-0.25
-0.5
-1
0.5
1
-0.5
0.5
-0.75
-0.75
1.5
0.75
0.25
-0.5
1.25
1.75
0.75
3.75
1.75
4.5
2.25
1.75
1.75
-2.25
1.5
7.25
1.25
-1.5
-4.5
-3.75
-5.5
-2.5
4.25
-0.5
1
-4.25
0.5
-0.75
-0.75
0
1
14
-0.75
0.75
-6.25
-3.5
-0.75
-3.75
1.5
0.75
-0.5
10.75
1.25
0
-0.75
-0.25
-0.75
0.5
0.5
-0.5
-0.75
0.25
-0.25
-1.5
0.25
-1.25
-1.75
0.75
-18.75
0
0.5
-0.75
-0.75
-1
24.25
0.25
2
2
0
0
1.5
-5.75
5
1.75
4.75
3.5
-4.25
4.25
4
-1
1.25
11.5
0
-0.25
-2.25
1
-2.75
-0.75
0.5
-0.5
0.25
2
-4.25
0.25
-1
-1.25
1
3.25
18.25
-1
0
-0.75
-2.5
-2.5
23.25
-0.25
-1.25
0
-0.5
0.75
-1.25
8.5
4
5.5
-1
-1.75
10.25
-4
-3.5
0
-8.25
0.25
0.25
0.25
-0.25
-0.25
-0.25
11.25
0.25
0
-0.5
1
-1.75
-0.25
-0.75
-0.75
0.25
0.25
-0.5
0.25
0
-0.25
0
2.75
-3
4.5
-0.5
-2.25
-4.75
1
-3.25
0
25.5
-1
1.5
0
1.25
0.75
0.5
0.75
-0.75
-12
17
-0.5
1
3.5
-6.5
2.75
0.5
-3
2
-5.5
-0.25
5.25
2.25
1.25
0.25
1.5
4
1
1
1
1.25
0.5
4.25
-2.25
-1.75
-3.75
5.5
-2
1.5
1.5
-0.25
-5.75
-0.75
-0.75
0
-0.75
-1.75
25
-4
1.25
1.25
-2.75
2
-7
1.5
0
-3.5
31.75
6
0
3.75
-0.5
-0.75
-8
-1
2
0.25
5
0.75
-1.25
0.75
-2.25
-0.25
0.25
2
1.5
1.25
-32
0.25
-2
1.25
-0.5
0
-1.75
0.25
-1.75
-1.5
-0.5
31.75
-6.75
-0.5
1.25
-0.25
0.5
-0.5
0
-0.25
-1
0
0.25
-0.25
1
0
-0.75
2
0.75
0.75
-0.75
2.5
1.25
-0.75
2.5
1.5
3
2.25
1
1.25
-0.75
1
9.5
0
-0.25
-4.75
-3
-7.25
-1.25
3.25
-0.75
1.5
-4.75
0.5
-0.5
-0.5
0.25
0.5
10.5
0.25
1.75
-4.5
-3.25
-2.25
-4.75
-0.25
1
-0.75
12
1.75
1.25
-1.75
-2.5
-1.75
0.25
0.75
-0.5
-0.75
0
0
-1.25
0
-1
-1
0.5
-20.75
-0.5
-0.5
0
-1
0.5
25
-0.5
2.75
0.5
0.5
-0.75
1.25
-5.25
5
1.5
4.25
3
-3.25
2.75
3.25
-0.75
2.25
13
0.75
0.25
-2.75
1.5
-5
-0.5
0.5
-0.75
0.25
0.5
-4
0.25
0.25
-1.75
1.75
2.5
18.75
-0.75
-0.75
0.25
-3.25
-2
18
0.5
-1
-0.75
0.75
1.5
0.25
8.5
6.5
8.75
0.25
-2.25
9.25
-4.5
-5
-0.25
-10.5
1
-0.25
0.5
0.25
0.25
-0.75
12
-0.25
-1.25
-1.25
2
-3
0.25
0.25
-0.25
0
0.25
-0.25
-0.25
0.25
-0.25
0.25
1.5
-1.75
3.5
-0.25
-1.25
-4.5
0.25
-2.25
0.5
28.25
-0.75
1.75
-0.75
0.5
0.75
0.75
0.5
-0.75
-11.25
19
-0.75
2.5
4.25
-4.25
2.75
-1
-3
1.5
-7.5
2
4
1.75
1.75
-1.25
-0.5
2.75
5.5
5.25
0.75
3.5
0.25
1.75
-3.75
-2
-1
6.75
-1.75
2
2
1
-3.25
0
0
1.5
0.25
0.25
22
-4.5
-0.25
1.5
-2.5
1.5
-7.25
0.75
1
-3.5
27.75
5
1.75
6
-1.5
-2
-7.75
-0.75
1.5
0.75
4.75
0.75
-1
1.25
-1.5
-0.25
1
1.75
1
0.5
-26.25
-1
-3
1.75
-4.25
0.25
-0.75
1.5
-1
-1
0.5
31.75
-7.25
0.75
2.5
0
0.5
-2
0
0
-0.25
-0.5
0.25
0.25
1
0.5
0
3.25
1.25
0.5
-0.75
4.25
1.25
-2.25
3
3
4
2.75
1.5
2.75
-0.25
1.25
9.25
0
1
-3.75
-2
-9.25
-2.75
2
-0.75
0.75
-3.25
0.75
0.25
-0.25
0
-0.25
6.75
1.25
0.75
-3.25
-5.5
-2
-4.75
-1.75
1.75
-1.5
10.75
2.5
2
-2.25
-3.25
-2
0
0.75
-0.25
-0.75
-0.25
0
-0.25
0
-0.5
-0.5
0.25
-20
-0.75
-0.25
0
-0.5
0.75
25.25
-1.25
2.25
-0.25
0.75
-1
1.25
-4.25
4
1.25
3.25
1.75
-2.25
2
2.75
-0.5
1.25
12.75
0.5
0.25
-1.75
1
-5.25
-0.5
1
-0.5
0.25
0.25
-3.5
0.25
0.75
-0.75
0.75
0.75
22.75
-1.25
-1.25
1.5
-2.75
-1
13.75
1.25
-0.5
-1.5
1.25
2.25
1
5.25
7.5
10.5
0
-4.25
7
-4
-2.75
-0.25
-11
0.5
-1.25
0.75
0.25
1.25
-1.5
12.75
-0.25
-1.25
-1.75
2.5
-3.5
-0.5
1.75
0
-0.5
0.25
0
-0.25
0.25
-0.25
0
0.25
-0.5
0.5
-0.5
-0.75
-1.75
0
-1
1.5
20.75
0.5
0.25
-0.5
-0.25
0.5
0.5
0.25
-0.25
-8.5
16
0
2
3
-3.25
1.75
-1.75
-0.5
0.75
-8.5
4
2.5
0.5
1
-1
-1
1.25
6.5
5
-0.25
2.5
0.25
-0.75
-4
-1.25
2.25
6.25
-1.25
1.75
1.75
1.5
-2
0.25
1.75
0.75
1.5
2.5
14.75
-3
-1.75
0.5
-0.5
1.25
-4
-0.75
1.25
-3.25
19.75
3.25
1.75
6.25
-1.5
-3.5
-4
-0.5
1
-0.25
2.75
0.75
-0.5
0.25
-0.75
1
2.25
1.25
0.25
0
-18.75
-1.75
-2.25
2.5
-4
0.75
0
2
-0.5
0.25
0
23.75
-5.5
0.25
1.75
0
0.5
-1.75
0
0
-0.25
-0.5
0.25
0
0.5
0.25
-0.5
2.5
2.25
1.25
-1.25
5.5
2
-1.5
4.25
4.25
5
3.75
3.25
3.75
-0.25
2
7.75
0.25
1
-3
-1.25
-8.25
-3.75
1
0.25
-0.25
-1.25
0.25
0.25
0
-0.25
-0.75
5
2
-2.25
-2.25
-7.75
-0.5
-3
-1
2.25
-1.25
7.5
2.75
3.25
-1.5
-2
-1.75
0
0
-0.5
-0.25
0
0.25
-0.25
-0.25
1
-0.75
-0.25
-18.25
-0.5
0
0.75
0
-0.25
19.5
-1
1
-0.5
0.25
0
0.75
-1.75
1
0.25
1
0.25
-1
0.75
1
-0.5
2
10.5
0
0.75
-1.5
0.25
-4.5
0
1
-0.25
-0.25
0.75
-1
0
0.25
1
-0.75
0
27.5
-1.5
-1.75
1.25
-0.75
-0.25
10
1
-0.25
-2
1
1.5
1.25
0.75
6.5
10
-1.25
-4.5
4.25
-3.75
0.5
-0.5
-10
0.25
-1.25
0.25
0
1
-1.25
14.25
0.25
-0.75
-1.5
2.25
-2.5
-0.75
2
0
-0.25
0
-0.25
-0.25
0.5
-0.25
0
0.25
0
-0.25
-0.25
-0.25
-0.75
0
0
1.75
16.5
0.5
0.5
-0.25
-0.25
-0.25
1.25
-0.25
-0.5
-4.25
13.75
0.5
1.75
1.5
-2
0.5
-0.5
2.5
0.5
-7.25
4.5
1
-0.5
0.75
-1.25
-0.75
1.5
6.25
3.25
-0.5
0.75
1
-1
-2.5
-0.75
3.5
6
-1.5
2
0.5
0.5
-0.75
0.25
0.25
0.25
0.75
1.25
11.75
-0.75
-2.25
0
0.25
1
-2.25
-1.25
1.5
-2
14.25
1.25
-0.5
5.5
-0.75
-4.75
-1.5
0
0.75
-0.5
1
0
0
0.25
-1.25
1.5
3.25
1.25
0
0
-16.25
-1.5
-2
2
-4
0
1.25
3.25
0.25
0.5
0
13
-2
0.25
0.75
-0.25
1.75
-0.25
0
0
0
-0.25
0
0
0.25
0.25
-0.75
1.75
3.5
1.25
-2.25
6.75
2.75
-0.5
5.75
5.5
5
5
4.75
3.5
0
2
6
0.5
1.5
-3.25
-1.25
-7.5
-3.25
0.25
0.25
-0.25
-0.5
0.25
0
0
0
0
5.25
1.25
-4
-1.25
-9.5
1
-0.75
0.25
1.75
-0.25
3.25
2.75
3.75
-0.25
-2.75
-0.5
0
0
-0.25
0
0
0
-0.25
-0.25
0.5
-0.5
0
-17.75
-0.5
0.25
0.25
0.75
-0.25
10.5
-0.75
0.75
-1.5
-0.5
2.25
0.75
-0.75
0.25
0
1
0.5
-1
0.75
1
-1.5
2
7
-0.25
1
-1.25
0.25
-3.75
0.5
1.25
-0.25
-0.5
0.75
-0.25
-0.25
0
0.75
-1
0.75
27.25
-1
-0.25
0.25
-0.5
0.25
10.75
-0.25
1
-1.5
1
1.75
0.75
0.5
6
7
0
-4
3.25
-3.25
0
-0.5
-8.75
0.5
-0.25
-0.25
-0.5
1
0
13.75
-0.75
-0.5
-1.5
0.75
-2
-0.5
0.75
-0.25
-0.25
0
0
0
-0.25
0.5
0.75
4.25
-4
1.25
-2.5
-3.25
-2
4.5
-3.5
0
13.25
-0.25
-0.75
-0.25
0
1.25
-0.75
3.25
0.5
-10
7.5
2.5
-2.25
1.75
-8
-0.5
1.75
-1.25
1.25
2.5
-0.75
2.75
1.25
1.5
0
2.75
5.25
1.25
-6
1
-1.25
1.25
3.25
-0.25
-1.5
-6.25
0.5
-0.75
0.75
2.75
-0.5
-6
1.25
1.5
1.25
-0.25
-2.75
17.25
0.25
0
-0.5
-0.25
3.5
-1.5
0.25
-1
-4.5
23
8
-1.25
1
1
0.25
-2
-2.25
1.25
-0.5
2
0.25
-2.75
1
1.75
-2
-1.75
0.5
0
-0.5
-19.75
1.25
0.5
-0.25
9.25
0.25
0
0.5
1
0.5
-1
29.5
-5.5
0
0
-1.5
-0.5
0
0
0.5
-0.5
0.5
0.5
-0.25
0.25
-1
0.5
0.25
1
0.25
0.75
0
-0.5
1.5
5.25
5.75
8.75
2.25
2.25
5.75
-3.5
3
1.25
1.25
-3.75
-2.25
-3
-4.75
-0.5
0.75
-0.5
0.5
-2.75
0.25
-0.25
-0.5
-0.75
2
10
-0.25
-1
-4.25
-5.75
0.75
-5
1.25
0
-1
9.5
2
0.25
2
-0.5
0.25
0.75
0.5
-0.25
-0.75
0
0.75
-2
0.25
-1.75
-1.75
0.25
-7.75
-0.5
-1
-1.75
1.25
-0.75
15
2
0.75
2.25
0.75
-0.25
1.5
-6.25
4.5
1.75
5.75
3.5
-4.75
4.25
4
0.25
-2.75
2.75
-0.25
-0.25
-1
-1.25
2
0.5
-0.75
-1
-2.75
-2
-3.25
1.25
-3.5
-0.25
-1
1.25
20
-2
-0.25
-1.25
0.5
-4.25
16.25
-0.5
0.5
0.75
-2.5
-1.5
-0.75
7
1.5
0.75
-1.5
-0.75
7.75
-1.5
0.75
-0.25
-7
-0.25
0
1
-3
0.75
0.5
11.75
1.25
1.5
-0.75
0
0.25
-1.5
-2.5
0
0
-0.25
-1
0
-0.5
-0.25
0.5
4.25
-2.5
2.25
-2.25
-3
-3.5
3.25
-3.75
-0.25
12.5
-1.25
0.75
0.25
1.25
1.25
-0.75
4
1
-13.75
10
2.5
-4
6
-11
-0.75
2.75
-0.25
0.75
2.5
1.5
5.25
0.5
-0.5
1
3
5.5
1
-2.25
3.25
-0.75
0.25
1.75
0.25
-1.25
-2.5
0.5
-0.5
-0.5
2.5
-0.25
-7
-0.5
1.25
1.25
0.25
-2
22.5
-0.5
0.25
0.25
-1.5
4
-4
0.5
-3
-3.5
31.5
7.75
-1.25
0.5
0.75
-0.5
-3.5
-1.5
0.75
0
3.25
-0.25
-1.75
1.25
0
-0.5
0
0.5
0.25
-0.5
-32
0
-1
0
8
-1
-1.75
0.25
0.25
0
-1.75
31.75
-6.75
-0.75
1
0.5
0
-0.25
0
0.25
-1.25
0.5
0.5
0
1
-0.25
0.75
0.25
0.5
-0.5
0.5
0.25
-1.5
0.5
2.75
3.25
6
1
1
3
-1.75
1.5
5.25
0.5
-4
-3
-2.5
-4.25
2.75
0.25
0
0.75
-4.75
0.25
0.25
-0.5
-0.5
0.75
11
1.5
0.5
-7.75
-4.75
-1.75
-7.25
0.5
0.25
-0.25
9.75
2.25
1
1.25
-3.25
-1
0.75
0.75
0
-0.75
-0.25
-0.25
-1.75
-0.5
-2
-4
1.75
-9
-0.5
-0.75
-0.5
1.25
-0.25
15.75
2
1.25
2.25
-0.5
-0.75
0.75
-7.25
6
3
6
3.5
-4.5
4.5
3.5
0.75
0.5
7.25
1.75
0.75
-2.75
1.75
-1.75
0
0
-1.75
-0.75
-2.5
-4
0.25
-1.5
-0.5
-1
2.25
15
-0.5
-0.75
-1
-0.25
-3.25
23
0
1.5
0.75
-1.25
-0.75
0.25
8.5
4.75
6.75
-1
-2
9.5
-4.5
-0.75
-1
-12
-1.25
-0.25
0.75
-2
0.25
0.75
13.25
0
1
-1
-1
-0.5
1
-3.25
0
0.5
-0.25
-1.5
0.25
-0.25
-0.5
0
3.75
-1.75
3
-2.5
-3
-3.75
2.25
-3.75
-1
12.25
-2
2.75
0.5
0.75
0.5
-0.75
3.5
0.5
-13.75
13
1.5
-2.75
8.25
-10
0.75
2.25
-1.5
0
-0.5
3.5
6.75
0.5
0.5
0.5
2.5
5
2.5
2.75
3
0.75
0.5
0.5
0
-0.5
1.75
3
-0.75
-0.5
1.5
0
-4.25
0
-0.25
0.5
0.25
-1.5
26.25
-2.5
0.25
1
-2
2.75
-6.5
1
-2.5
-4
31.75
6.75
0.25
1
-1
0
-4.75
-1.25
1.25
0.75
4
0.75
-2
1.25
-1
0.25
1
0.75
1.25
0.25
-32
-0.75
-3
0.75
3.5
-1.25
-1.5
1
-1
-1.5
-1.5
30.5
-7.25
-0.75
1.25
1.25
0.75
0.25
0.25
0.25
-1.25
0.5
0.25
-0.25
1.75
1
0
0.25
0.5
0
0
0.5
-1
0.25
1
2.25
4
0.25
0.5
2
-0.5
0.75
8
0
-2.25
-3.5
-2
-5.25
4
0.25
0.25
0.75
-5
0.25
0.5
-0.5
0.25
0.25
9.75
1.5
0.5
-8.25
-4.75
-2
-7.25
-0.5
0.25
0.25
7
2
1
0.5
-4.5
-2
0.5
1
0.5
-0.25
-0.5
-0.75
-0.75
-0.5
-0.75
-3.75
1.75
-8.25
0.75
-0.25
0.75
0
0.75
12.75
2
1.5
1.75
-0.25
-1.5
0.5
-7
6.25
2.25
5.25
2.5
-3.25
3.75
2.75
0.5
3.5
8.75
2
1
-3.25
3.25
-4.75
1.5
1
-2
-0.25
-2.25
-3.5
0
-0.25
-0.5
-0.25
1.75
9.5
-0.75
-0.75
0
-1.5
-3
24.25
0.25
0.75
-0.25
-1
0
1.25
7.5
7.75
12.25
0
-2.5
8
-5.5
-2.25
-0.75
-14.5
-1.25
-1
1
-0.5
0.5
0
12.75
-0.5
-0.25
-1.5
-1.25
-2
2.25
-2.25
0
0
-0.25
-0.75
0.25
-0.25
-0.75
0.25
2.25
-1
3
-1.5
-2.25
-3.5
0.75
-2.75
-0.75
14
-1
2.75
-0.5
1
0.5
-0.5
3
0.25
-11.5
15.5
0.75
-0.25
7.5
-6.75
1.75
0.5
-2.5
0
-3.75
3.75
5.5
0.25
2.25
-1
0.5
3.5
5.25
5.5
1.75
2.75
1.5
-1.25
-1.25
-1
3.75
4.25
-1
-0.25
1.25
0.25
-0.25
0.75
-0.25
0
1
-0.75
22
-3
-0.75
1.75
-2
2
-6.75
1.25
-1.75
-5.25
31
5.75
2.25
3
-1.75
-1.25
-4.25
-0.75
1
0.75
3.25
0.75
-1.5
0.75
-1.25
0.25
2.5
2.25
2
1.75
-26.25
-1.75
-3.25
0.5
-1.5
0.5
0.25
2.25
-1.5
-2.5
0.25
25.25
-8.5
-0.75
1.5
-0.5
1
-0.5
0.25
0.5
-0.75
0.25
0.25
-0.25
1.5
1
0
1
0.75
0.25
-0.5
2.5
0
-0.5
1.5
2.75
4.25
0.5
1
2.5
-0.75
1
7.75
-1.25
0.5
-3.25
-0.75
-5.75
2
-0.75
0
0.75
-2.75
0
0.75
0.25
0
-0.25
7.25
0.75
-1.5
-6.25
-6
-0.5
-5.5
-1
0.25
0.25
2.5
2.75
1
0
-5.25
-1.25
0
0.75
0.5
-0.25
-0.25
-0.5
0
-0.25
-0.25
-2.25
1.75
-8.5
1
-0.25
2
-0.75
0.75
14.25
1
1.5
2.25
1
-1.5
1.25
-5
4.25
1.25
3.25
1
-2
2
1.75
0.25
4
9
1.5
0.5
-2.75
2.5
-5.5
1.25
0.25
-1
-0.5
-2.25
-1.25
-0.5
-0.75
-1.75
0.75
2
9
-2.5
-1
1.75
-2.25
-3
20.75
1
0.5
-1.25
0.5
1
1.5
4.5
8.75
13
0
-3.25
5.5
-5.75
-1.75
-1
-14.25
-0.75
-1.25
1.75
-0.5
1.25
-1
10.5
-0.5
-0.75
-0.75
0
-2.5
1
-0.5
0
-0.25
-0.25
-0.25
-0.5
0
-0.5
0.25
0.5
0
1.25
-0.25
-0.75
-1.75
-0.25
-1
0.5
16.5
-0.25
1.25
-0.25
0.5
0
0.25
2
0.25
-8
14
0
0.75
5
-3.5
1
-1
-1
-0.5
-4.5
2.75
2.5
-1
1.5
-1
-0.75
1.5
5.75
6.25
0.75
3.5
1
-2.25
-2.75
-0.5
3.25
3.75
-0.75
0.75
1
0.5
0.5
0.5
0.75
-0.25
1.75
1.5
12
-2.5
-2.25
1.75
-0.25
1.25
-3.75
0
-1.25
-4
23.5
3.75
2.25
4.25
-1.5
-3.5
-1.75
-0.25
0.5
-0.25
1
0
-0.75
0
-1.5
-0.25
3.25
3.25
1.75
2.25
-14.5
-2.25
-2.5
1
-3.75
1
0.75
2
0
-1.25
0.75
20
-8
-0.25
1.25
-1.25
0.75
-1.25
0
0.25
-0.5
0
0.5
-0.25
0.75
0.5
0
1.25
1.75
0.5
-0.75
4.5
0.75
-0.25
3
4
4.5
1.75
1.5
3.25
-0.5
1.5
5.75
-1.25
1.75
-2.25
0.25
-6
-1.25
-1.5
-0.25
0.5
-1
0
0.25
0.25
-0.25
-0.5
5
0.25
-3.25
-3.75
-7.25
1
-2
0
0.5
-0.25
-2
2.5
2
0
-3.75
-1
0
0.25
0.25
-0.25
0
0
0
0
-0.5
-0.75
1.75
-9.75
0
0.25
1.75
0.25
-0.5
13
0.5
0.75
2.75
0.5
-0.5
1
-1.5
1.25
0.5
0.75
0.25
-0.75
0.25
0.5
0
3
6
0.5
0.5
-2.5
1.25
-3.25
0.5
-0.5
-0.5
0
-1.5
0.25
-1
-1.25
-1.75
0.5
2
13.25
-1.75
-1.25
2.5
-1.75
-1.25
14.75
1.25
0
-1.25
1
1
1
0.25
6.25
10
-1.25
-3.5
2.75
-3.75
0.25
-0.75
-9.75
0
-0.75
1
-0.25
0.5
-0.5
10
-0.25
-0.75
0.5
1
-0.75
0
0.5
0
-0.25
-0.25
-0.25
-0.25
-0.25
-0.25
0.25
0
0.25
-0.25
0
0
-0.5
0
0
1
16.75
-0.75
0.75
-0.25
1
-1
1.25
0.75
0
-3.25
10.75
-0.5
0.75
2.75
-1
-0.5
-1.25
1.5
-0.25
-4.75
2.75
1.25
-0.75
-0.5
-1
-0.75
0.75
4.5
4.75
-0.5
2.25
1
-2
-2.5
0.5
2.25
3.75
-0.5
1
-0.5
0.5
1
-0.25
0
-0.75
1.25
1.75
7.25
-1.5
-1.5
0.25
1.5
0.5
-0.25
0.25
-0.25
-2
16.5
1
0.75
4.25
-1.5
-4.25
-0.75
0
0
-1.25
-0.5
-0.5
0
-0.75
-1.25
0
4
1.75
0.75
0.75
-13.75
-1.75
-2
1
-3.75
0.25
1.25
3.25
0.25
-0.5
0.25
9.5
-4
0.25
0
-1.25
1
-0.5
0
0
-0.25
0
0.25
-0.25
0
0.5
-0.5
1.5
2.5
0.5
-1.25
5.25
1.75
0.25
4.5
5.75
3.75
4
2.5
3.25
-0.25
2
5.5
-1
1.75
-2.75
0.5
-6
-2.5
-1
0
0
-0.25
0
0
0.25
0
-0.5
4
0
-3
-0.75
-8.5
1
-0.25
0.75
1.25
-0.75
-6
3
3.25
0.25
-4
-0.75
0
0.25
0
0
0.25
0.25
-0.25
0
0
-0.5
0.75
-11.5
0.25
0
1.25
0.5
-1.75
9
0.5
1
1.25
-0.25
1.25
0.75
-0.25
-0.5
0.25
0.25
0.5
-0.25
0.25
0
0
2.25
2.75
-0.25
0.25
-1.75
0.5
-1.25
0.5
-0.25
-0.25
0
-0.25
0.75
-0.5
-0.75
-1.25
-0.75
1.75
16.75
-1.25
-1
1.5
-1.25
0.25
11
0.25
1
-1.5
1
1.5
1.5
-0.75
4.5
5.25
-0.5
-2.25
1.75
-2.25
0
-0.25
-6.5
0
-0.75
-0.25
-0.25
0
0.5
10.75
-0.75
-1.25
0.5
1
-0.25
-0.5
0.75
0
0
-0.25
-0.5
-0.5
-0.5
0
0.75
4.25
-3.25
0
-3.25
-2.5
-2.5
4.75
-3.75
0.25
19.5
0
-1
-0.25
-0.5
0
0.75
3.75
-0.25
-8.5
8.75
2.5
-1.75
2.5
-4.5
-0.75
2.5
-1.25
1.5
-1.25
0
2.5
1.5
5.5
-2.5
-0.25
5.75
4.5
-6
-1.75
-0.5
1.25
1.25
-0.25
-1
-3.25
0
0
0.25
1.75
0.25
-5.5
1
0.75
0.5
-0.5
-2
20
0
1.75
0.25
-1.25
0.75
-0.75
0.5
-0.25
-3
15.75
5.5
-0.75
2.5
0.75
1.25
-3.75
-4
2.25
1
3.5
1.5
-4.75
1.75
1
-0.75
-0.75
-0.25
0.25
-0.5
-16.25
2
0
0
5
0
-0.5
0.25
1.25
0.5
0.25
26
-2.25
0
0
-0.75
-0.75
-1.25
0.5
0
-0.75
-0.25
0
-0.75
0.75
-3.25
0
0.5
0
0
0.25
-0.75
-0.25
0.5
2.5
1.75
5.5
0.5
0.25
3.25
-0.75
2
2.25
1
-4
-2.75
-1.5
-6
0.5
1.5
0.25
0
-1.5
0.75
-0.25
-0.5
-0.5
1
8.75
-0.25
0.75
-1.5
-6.5
-1.25
-5.5
-0.5
2
2.75
15.5
1.75
-0.25
1.5
2.75
3.75
0.5
0.75
0.25
0
-0.25
0.25
-1.25
-0.25
-1.25
-1.75
0.5
-13.5
-2.5
-1
-2.25
1.75
-1
12.5
2.25
-1.5
1.5
0.75
-1.25
1.75
-7.75
5.5
0.25
6
1.75
-4.25
4.25
4.25
-0.75
-4.25
3.75
0.75
-0.25
-1
-2.25
-0.25
0
-0.25
-1.25
-2.5
0
-2.75
1
-1.75
-1
0
3.5
27.75
-2
-0.25
-2.75
-1
-4
7.5
1
3
-0.25
-2.25
-0.75
-0.75
6
2.5
1.75
-0.25
-2.25
8.25
-1.75
0
-1
-8.25
-2.5
0.25
0.25
-2.5
0
2
10.5
2.5
-0.25
-2.25
3.25
-1.5
-2.75
-0.75
-0.25
-0.25
0
-0.75
-0.75
-1
0
0.5
4.5
-2
0.5
-3.25
-2
-3.75
3.5
-3.25
0.75
18.5
-0.25
-0.5
-0.25
1
0.5
0
4.75
-0.25
-11
11.75
1.75
-4.75
5.75
-6.5
-2
3.5
-0.5
1
2
0.75
4.5
1
3.75
-2.75
-0.25
5.5
5
0.75
1.25
-0.75
0.5
1.5
0.25
-1.25
-1
0
0
0.5
1.5
0
-5.5
-0.5
1
0
0.5
-1
21.75
-1.25
1.75
0.5
-2
1.25
-2.25
0.25
-1.75
-2.5
23
7
0
0.5
-0.75
0
-4.75
-2.25
1.5
1
4.75
1
-3
2
-1
0.25
2
-0.25
0
-0.75
-25.75
0.25
-1.25
0
4
-0.5
-2
0
1.5
0.75
0
30.5
-2
-0.25
1.5
1
0
-2.25
0.25
0
-0.75
0.25
-0.25
-0.75
1
-2.5
1
0.25
-1
-1.5
1
-2
-3
-0.5
1.5
1.5
4
-1
-0.25
1.25
0.75
0.75
5
0
-4
-3.5
-0.75
-4.75
4
0.75
0.25
0
-2.25
0.5
0.5
-1
-0.25
0.5
7.75
1
1.5
-4.5
-6.5
-2.25
-7
-1
2.25
2
13.25
2.5
1.5
2.5
0
3
1
1
0.25
-0.5
-0.25
-0.25
-0.75
-0.75
-1.25
-2.75
2
-10.75
-3.25
-1.5
-1.25
2.5
-0.5
11.75
1.5
-0.75
1.5
0
-1.5
1
-7.75
6
0.5
6
2
-3.5
3.5
3.25
-1.25
-2.75
5.5
3.5
1
-3.25
0.75
-2.25
-0.75
-0.25
-1.25
-0.25
-1
-3.75
0.75
-0.25
-1
-0.25
3
23.75
0
-1.25
-2.25
-1
-2.5
9
1
4.25
0
0.25
0.25
1
8.5
5.5
7
0.75
-2.25
9.5
-4
-2.25
-1.25
-12
-3.25
0.5
0.5
-1.5
-1.25
2.5
11.25
1
0.25
-1.75
0.5
-0.25
-0.5
-2
0
0.25
0.25
-0.75
0
-0.25
0
0
3.75
-1.25
1.25
-3
-2
-4
2
-3
1
16.25
-1
1.5
0.5
1
0.75
0.25
3.75
-0.5
-10.25
10.75
0.5
-4.5
7.5
-6.25
-0.25
2.25
-1
0.25
2.5
2.25
5.75
0.25
1.75
-2.75
-0.25
2.75
5.25
6.5
1.25
0.75
0.25
1.25
-0.25
-0.5
0.25
1.5
-0.5
0.25
1.25
0
-2.5
0.25
-0.25
0.25
0.5
-0.5
21.75
-2.75
0.5
1.25
-1.5
1.25
-4
-0.5
-1.5
-2.75
27.25
7.25
1.5
0
-2.5
-1.25
-4
-1
1
0.75
4
0.25
-2
1.75
-1.5
1
3.5
0
0.75
0.25
-27.5
-0.75
-2.5
-0.25
1.5
-0.25
-2
0
0.5
0.75
-0.5
23.75
-2.5
-0.75
2.25
1.25
0.75
-2
0.75
0
-0.75
0.5
-0.5
0
1.25
-1.75
1.25
-0.25
-0.5
-1.5
1.25
-2
-3.25
0.25
2.25
3.25
4.25
-0.75
0.5
2
0.5
1
6.25
-0.5
-3
-4
-0.25
-5
5
0
0.25
0.25
-2.25
-0.25
1
-0.75
-0.5
0
6.5
1.5
0.25
-6.5
-6
-1.5
-6
-0.75
1.5
1.75
8
1.25
1
1.25
-0.25
1.5
1
1
0.75
-0.25
0
-0.5
0.25
-0.5
-0.25
-2.5
2.5
-5.5
-1.25
-0.5
0.25
1.75
0
9
1.5
-0.25
2
-0.25
-1.5
1
-6.5
5.25
0.25
5
1.5
-2.75
2.75
2.5
-2.25
-0.5
3.5
4
1
-3.5
3
-2.25
0.25
-0.75
-1.25
-0.25
-1.5
-3
-0.25
0
0.75
-1.5
1
17
0.5
-1.75
0
0.25
-2
11
1
3.25
-0.75
-0.25
1.25
2.25
6.75
6
12.25
0.5
-2.25
7.25
-4.5
-2.75
-1
-13.5
-1.75
-0.25
0
-0.5
-1.25
2
9.25
0.25
0
-1
-0.25
0
0.5
-0.25
0.25
0
-0.25
0
0.25
0
0
0
2
0
1.25
-2.5
-1.75
-3
1.25
-2.25
1
11.75
-0.75
1.75
-0.25
2
1.25
0.75
2.5
0
-7.5
9.25
0.25
-1.75
6.5
-4.75
1.5
0.5
-2
0.25
-0.5
2.25
4.5
0.25
2
-2.75
-0.5
1.75
5
7.75
-0.5
2
0.75
-0.25
0
-0.25
1.75
1.5
-0.5
-0.25
1
-0.5
-0.25
0.75
-0.25
0.5
1
-0.5
18
-2.75
-1
2
-1.25
0.75
-4
-0.25
-1.25
-3.75
25.25
5.75
2.5
1.25
-1.75
-2.25
-2.5
-0.5
0.5
0.75
2
0
-1
1
-1.25
1
4
0.75
1.5
1.5
-19.75
-1
-2.25
-0.75
-0.75
0.5
-0.5
0.75
-0.75
-0.5
-0.25
16.5
-3.75
-1.25
2.25
0.25
0.75
-1.5
0.5
0.25
-0.5
0.25
-0.25
-0.5
0.75
-0.5
0
-0.5
0.5
-0.25
-0.25
-0.25
-1.75
0.25
2.5
4
4.25
0.25
1
3.25
-1
1.5
5
-1.25
-0.25
-4
0.25
-5
3.5
-1
0
0.25
0.25
-0.25
0.75
-0.25
-0.5
-0.25
6
0.75
-1.75
-6.25
-6
0
-4
-0.25
1
1.5
2.75
1.5
0.5
-0.5
-0.5
1.25
0.25
0.75
0.75
-0.25
0
-0.5
0.5
0
0
-1.75
2
-2.5
-0.25
0
1.5
1
0
8.5
0.75
-0.75
1.75
0.5
-1.25
1.25
-3.5
3
0.25
2.5
0.5
-1.75
1.75
1.25
-2.25
1.5
0.75
3
0.75
-2.5
2.5
-1.25
0.75
-1
-1
-1
-2.25
-0.75
-0.25
-1
1
-1.25
0.75
12.25
-0.75
-1.5
2
0.75
-2
12
1.5
1.25
-1.5
0.25
1.25
2
3
5.25
12.5
-1.25
-2.5
3.75
-4.75
-0.75
-1.25
-12.5
-0.75
-0.25
0.5
-1.25
-0.25
1
6.75
0.25
-0.5
-0.25
0.5
0
0.75
1
0.25
0
-0.25
0
-0.25
0.25
0
0.25
0.75
0.25
1
-1
-0.75
-1.5
0.5
-1
1
11.75
0.5
0
-0.25
2
1
1.25
2.25
0.5
-5
10
0
-0.5
3.75
-4
1.5
-1.25
-1.75
0.25
-1.75
1.5
2
-1
1.25
-1.25
-0.75
0.75
3.25
5.5
-0.5
2
1
0
-0.75
0.25
1.25
1
0
0.25
0.5
-0.5
0
0.75
0.75
0.25
1.25
1.25
12.5
-1.5
-1.75
2.25
-0.75
1.5
-2.5
-0.25
-1.5
-2.5
19
2
1.5
3.25
-0.25
-3.75
0
0
0
0
0
-0.25
-0.25
0.25
-1.25
-0.25
3
1.25
1.5
2.25
-11.5
-0.75
-1.75
-0.25
-2
0.5
0.25
1.25
0.25
-1
0.25
12
-4
-0.75
1
-0.25
0.75
-0.75
0.25
0
-0.25
0
0
-0.25
0.5
0
-0.25
-0.5
1
0.25
-0.75
1.5
-0.5
0
2.25
3.75
3.25
1
1.25
3.25
-1.25
0.75
3.25
-1.5
1.25
-2.5
0.5
-4.5
0.25
-1.75
0
0
0
0
0.25
-0.25
-0.5
0
5.5
0
-2.75
-3.75
-6.25
0.75
-0.75
0
0.5
0
-0.75
1.25
1
-0.75
-0.75
0.75
-0.25
0.5
0.25
0
0
-0.25
0.25
0
-0.5
-1
2
-2.25
-0.25
0.5
1.5
0.75
-1.25
8.5
0
-1.75
1.25
0.75
0.25
1.5
-1.25
1.25
0.25
1
0.5
-0.5
0.75
0.5
-1
2
-1
1.75
0.5
-2
1.25
0.5
0.5
-0.5
-0.5
-0.75
-2
1
-0.5
-1.25
-0.25
-0.5
1.25
9.25
-1
-1
2.75
0.5
-1
11.25
1.5
0.75
-2.25
0.25
2
1.25
0
3.75
8.5
-1.75
-2.25
1.25
-3
0.5
-0.75
-7.5
0.5
0
0.25
-1.25
0.5
-0.25
7.25
0.75
-1
1
1
1
0.5
0.75
0
0.25
0
-0.25
0
-0.25
-0.25
0
0.5
0.25
0.5
0
-0.25
-0.25
0.25
-0.25
0.5
14.5
-0.25
0
-0.25
1.75
0
1.75
1.5
0.25
-2.75
10.25
-0.75
0.5
2.75
-1.75
0
-2
0.25
0
-1.25
1.5
0.75
-1
-0.25
-1
-0.75
0.5
2.75
3.5
-0.5
2.75
1.5
0.5
-0.25
0.25
0
1.75
0.25
0.25
0.25
0.5
0.75
0.5
0
-0.5
1.5
0.5
7.25
-0.75
-1.25
1
0.5
1.25
0.25
0.5
-0.75
-0.5
13
-0.25
0
3.25
-0.5
-3.5
0.75
-0.25
0
-0.25
-0.75
-0.25
0
-0.25
-1.25
-0.5
3.5
1.75
1
1.75
-10.5
-0.75
-1.25
-0.5
-3
-0.75
0.75
2
1
-1
0.25
5.5
-3.5
0.25
-0.25
-1.5
0.25
-0.75
0.25
-0.25
-0.25
0
0
-0.25
0.25
0
-0.5
-0.5
1.25
0
-0.75
2.25
0.5
0
2
3.25
1.75
1.75
1
2.5
-0.25
1.5
3.25
-1.5
1.25
-2.25
0.25
-4.5
-1.75
-1.75
0
-0.5
0.25
0
0
-0.25
-0.25
0
3.5
-0.25
-2.5
-1
-6.25
0.75
0.25
0.25
0.25
-0.75
-5
0.75
1.75
0
-1.5
0.5
-0.25
0.25
0.25
0
0
-0.25
0
0
-0.25
-0.75
1.5
-3.25
0.75
0.5
1
0.25
-1.5
8.25
-0.25
-0.5
0.25
0.25
0.75
0.75
-0.25
0.25
0.25
0.25
0
-0.25
0.25
0
0.25
1.5
-2
1
0.25
-1.5
0.25
1.25
0.5
-1
-0.25
-0.25
-0.25
2
-0.25
-1
-2
-0.5
1.75
8
-1.25
-0.5
2.5
-0.25
0.5
11.5
0.75
2.25
-1.75
1.25
2
0.75
-0.75
2.25
3.75
-0.75
-0.75
0.75
-2
-0.25
-0.25
-3.5
0.5
-0.5
-0.5
-1
0.25
0.25
7.25
0
-0.5
2.25
0.25
1.5
0
0.5
-0.25
0.25
0
-0.75
0.25
-0.25
0
0.25
2.5
-2.75
2.25
-1.25
-0.75
-3.75
1.25
-1.75
-0.5
26.75
-0.75
-1
-0.25
-0.5
-1
0.75
0.5
-0.5
-9
10.5
2.5
1
-1
-4.75
1.75
1
-1.5
1.5
-4.5
-1.25
2
1.5
4.5
-3.75
-2
3.75
1.75
-2.5
-1.5
-0.5
0.25
2
-1
-2
-5
2.25
-0.75
0.25
3.25
-0.25
-9.25
1
1
1
-1.25
-1
23.25
-1.5
3.75
-0.5
-2
0.75
-2.25
1.5
-0.5
-2
18.5
3.75
-0.5
3.25
0
0.5
-7
-4.5
2.25
1.25
3.75
3.5
-4.75
2
-1
0.25
-1
-0.5
0.5
-1.25
-24
1.25
-1
1
1.5
-0.75
-3
0.25
0.75
0.75
0.25
30
-2.25
-1
0.25
-0.75
0
-2
-0.5
-0.5
-0.25
0
0.5
-0.5
0.5
-1
-0.25
1
0.5
0.25
-0.5
1.25
2.75
1.25
3.25
1.75
4.25
0.5
0.25
2
0.5
1.75
4.25
0.25
-2.5
-4.5
-3
-6.75
-2.75
2.75
0.5
0
-1.25
0.5
-0.5
-0.5
0.25
0
11.75
-0.25
-0.25
-1.5
-3.5
0
-2.5
-0.25
1.5
3.75
19
0.5
-2.25
-2
4.5
2
0.5
0.25
0
0
0.5
-0.25
-0.75
-0.25
-1.25
-0.5
0.75
-18.75
-2.5
0.5
-1
-0.25
-1.5
17.5
1
0
1
0.25
-0.5
1.75
-6.25
5
-0.5
4.75
2.75
-4.25
5
4.5
0
-3.25
8.25
0.25
-0.25
-0.25
0.5
-0.25
-2
0
0.25
0.5
2.5
-4
0.5
-2
0
1
4.25
31
-1
0
-2.75
-2
-2.75
11.75
0.5
1.75
-0.25
-0.5
1.5
-0.25
6.25
3.25
5.75
-1.75
-2.75
8.75
-3.5
-1.75
0.25
-9
-1.75
0.5
-0.75
-1.75
-0.25
1.5
11.25
1.25
-0.25
-1.5
2.75
-1.5
-1.25
-1
-0.25
0
0.25
-0.75
0.25
-0.25
0
0.25
2.25
-1.25
1.75
-1.5
-0.75
-4
1.5
-1.5
0.25
25
-0.75
-0.25
-0.25
-0.25
-0.5
0.75
2
-0.75
-10.5
13.5
1
-0.5
1.25
-5.75
0.5
0
-1.75
1
-0.5
-1
2.25
0.75
3.5
-3.25
-1.5
2.75
3.25
1.5
-0.25
0
-0.25
2.75
-1
-1.75
-3.75
2
0.25
1.75
2.75
0.5
-7.25
1
0.25
2
-0.75
-2
23
-2
3.25
0
-2.75
1
-4.5
-0.25
0.75
-2
23
4.25
0.5
1.75
-2.25
-1.25
-8.25
-2.5
2
1.75
6
2.75
-3
2.75
-2.25
1.25
1.25
0.25
0.5
-0.75
-29.75
-1
-2.25
0.25
0
-0.25
-3.25
0.25
1
1.25
0
31.5
-1
-0.5
1.25
0
1
-2.25
-0.5
0
-0.25
0.25
0.5
0
0.25
-1.75
0.5
1
-0.5
-0.25
0
0.5
0
-0.75
1.75
1
2.75
-0.25
0.5
0.75
1.75
0.5
5.75
-0.75
-3
-4.5
-1
-6.25
1.5
1.5
0.5
0.25
-1.75
0
0
-0.5
0
0
8.5
0.5
0.75
-2.5
-4.5
-1.25
-4.25
-1.5
1.25
1.5
18.25
1.5
-0.25
-1.25
2
1.5
0.75
1
-0.25
-0.5
0
0
0
-0.75
-0.75
-1
0.5
-15.75
-2.25
-0.75
-0.5
1
-0.75
16.75
-0.5
-0.25
-0.75
0.25
0
1.25
-5.5
4.25
-0.75
3.75
1.75
-2.75
3.25
3.25
-0.25
-2.25
8.5
2
0.75
-1.75
1
-1
-2
1
0.5
1.5
0.5
-4.5
-0.25
-1
0
1
3.25
28
0.5
-0.25
-2.25
-2.25
-2.25
10.75
0.5
1.75
0
1.75
1.5
0.75
7.25
5.5
9
-0.25
-2.75
8.25
-5.5
-3.75
-0.25
-12.25
-1.25
0.5
-1.25
-2
-0.75
1.5
11.5
0
0.25
-0.75
1
-0.5
0.25
-0.25
0
0
0.25
-0.25
0.25
0.25
0.25
0.25
1.75
-1
1.25
-1.5
-0.75
-3.25
1
-1.25
1.5
18.75
-0.25
-0.25
0
0.5
0.25
0.5
2.5
-0.5
-9.75
15.25
-0.25
-0.5
2.75
-5.25
0.25
-0.5
-2
0.5
1.75
0
2.5
0.75
2
-2
-1
1
4
3
0.25
1.5
-0.75
3.5
-1.75
-0.25
-2.75
3.5
0.75
2
2.25
0.25
-3.75
1.25
0
2.25
0
-2.25
19.5
-2.25
1
0
-2.5
1
-4.5
-1.75
2.75
-1.5
22.5
3.5
1.5
1.25
-3.25
-3
-7
-1.25
1.5
1.5
5.5
1.25
-1.25
2.25
-2
1.75
2
0.75
0.75
0.25
-25.25
-1.5
-2
0
-1
0.25
-1.75
0.25
0.5
1.5
0
23
-1
0.25
1.75
0.25
1.25
-2.25
0
0.25
0
-0.25
0
0.5
0.25
-2.25
0.75
1
-0.5
-0.5
0.25
0
-1.75
-1
2.25
2
3
0.25
1.75
1.5
0.75
0.5
5.5
-1.25
-2.25
-4.25
0.25
-5.5
3
0.25
0.5
0
-1.75
-0.25
0.75
-0.5
-0.25
0
5.5
1.5
0.25
-3
-5
-1.25
-3.75
-2.5
0.75
-0.25
14
1.5
0.25
-1.25
0.5
0.75
0.25
1
0
-0.5
-0.25
0.25
0.5
-0.25
1
-1.5
-0.5
-10.75
-1.75
-0.5
0.75
0.5
-0.25
14
-0.75
-1
-1
0.5
-0.25
1
-3.5
2.5
-0.5
2.25
0.75
-1.25
1.5
1.75
-1
-1.25
6.5
2.5
1.25
-2.25
1
-1
-1
0.75
0.5
1
-0.5
-3
-0.5
-0.75
1.5
-0.5
1
20.25
0.75
-0.75
0
-0.75
-1.5
9.5
0.25
1
-0.5
0.75
1.5
1.25
4.5
5
10.25
0.25
-2.5
4.75
-4.5
-2.75
-0.25
-12.25
-0.25
0.25
-0.5
-1.25
-0.5
0.75
8.75
0.5
0
-0.25
0.75
0.5
1
1.75
0.25
-0.25
-0.25
-0.25
0
0.5
0.25
0.25
1.5
-0.25
0.75
-1.5
-0.75
-2
0.75
-1
2.25
10
0.75
-0.25
-0.5
1.5
1.5
0.25
1.75
-0.75
-6.5
14
-0.25
0
3
-4.25
-0.5
0
-1.25
0.25
2
1.25
2
0.5
1
-1.5
-1.25
-0.25
4
3.5
-0.25
1.75
0
2.5
-1.25
0.5
0
3.25
0.75
1.25
1.25
-0.25
-1.5
1
0.25
1.25
0.25
-1.75
16.25
-0.5
-0.75
0
-2.25
0.75
-3.75
-2
1.75
-0.5
17.5
1.5
1
2.75
-0.75
-3.5
-3.25
-0.75
0.5
0.5
2.5
0
0
1
-1.25
2
2.75
0.75
1.75
1.25
-15.75
-1.5
-0.5
-0.5
-1.25
0.5
-0.25
0.75
-0.75
0.5
-0.5
14.5
-1.5
-0.25
2.5
-0.25
1.25
-1.75
0.25
0
0
-0.25
-0.25
0
0.5
-1.5
0
0
0.25
0
-0.25
0
-1.5
-0.5
3
2.75
3.25
1
2.75
2.25
-0.25
1.5
3.75
-1
-0.25
-3.5
-0.25
-3.25
1.75
-1
0.25
0
-0.25
0
0.5
-0.25
-0.5
-0.25
5.75
1.5
-2
-3
-6
0.25
-2
-1
1
-0.75
7.75
2.25
1
-1.25
-0.25
0.5
0
0.5
0
-0.5
-0.25
0
-0.25
-0.25
0.5
-1.25
0
-7.75
-1.75
-0.25
1.5
0.75
-0.5
11.75
-1
-2
-0.5
0
-0.5
1
-1.75
1.25
-0.25
1
0.25
-0.5
0.25
0.75
-1.25
1
3
2.5
1.75
-2.5
1
-1.5
-0.5
-0.5
0.5
0
-1.25
-0.25
-0.25
-1
2.25
-1.5
-0.25
13.25
0.25
-1.25
1.5
0.5
-0.75
9
0.75
-0.5
-1
0.5
1.5
1.25
1.75
2.25
9.25
-0.5
-1.75
2.5
-3.25
-1.25
-1
-9.5
0
0.5
0
-1.75
0.5
0.25
5
0.25
-0.75
-1.25
0.75
0.25
1.75
1.5
0.5
0
-0.25
-0.25
-0.25
0.25
0.25
0.25
0.75
0
0.5
-0.75
-0.25
-1.25
0.25
-0.25
1
9
0.5
0.25
-0.75
1.25
1
1.25
1.75
-0.5
-3.5
13.5
0.25
0.25
2
-3.75
0.75
-1
-0.75
0
-0.25
2.25
2
-0.75
1
-1.5
-1.25
-0.25
3.25
3.75
-0.5
1.75
0.5
2
0.25
0.25
0.75
2.5
0.75
1
1
-0.25
0
0.75
0.25
1
0.5
-0.75
12
0.5
-1.75
0.5
-2.25
1.25
-2.75
-1.75
-0.5
1.25
11
-1.5
-0.75
2.75
1.5
-3.75
-0.25
-0.5
-0.25
0
0
-0.25
0.25
0.75
-1.25
1.75
2.75
1.25
1.25
2.25
-11.25
-1
-0.25
-1
-1.75
0
0.25
1.5
-0.5
-0.25
0
8.75
-1.75
-0.5
1.25
-0.75
1.25
-0.75
0.25
0
-0.25
0
-0.25
0
0.25
-0.5
-0.75
0.5
1
0.75
-1
1.5
-0.5
0.25
2.25
2.75
2.5
1
2
1.75
0.25
1
2.25
-1.25
1
-2
0.25
-2.75
0.75
-2.25
0.5
-0.25
0
0
0.25
-0.25
-0.5
0.25
6.75
1
-3.5
-2.5
-6.5
1.25
0
0
0.75
-0.75
2.25
1.75
1.5
-1.25
-0.75
0.5
0
0.25
0
-0.5
0
-0.5
-0.25
-0.25
-0.5
-0.75
1.25
-5.25
-1.25
0.25
1.5
1.5
-1
11
-1.25
-1.25
-0.25
0
0.5
0.75
-1.25
1
-0.25
0.75
0.25
-0.25
0.25
0.5
0
2
-0.5
2.5
1.75
-2.75
1.25
-1
-0.5
-0.25
-0.25
0
-1.5
0.75
0
-1
1.25
-1.25
-0.25
10.25
-0.75
-1
2.25
1.5
-0.25
13.75
1
0
-1
0.75
1.75
0.5
0.5
1.25
7.25
-1.25
-1.5
1.5
-3
-0.25
-0.5
-5.5
0.5
0.5
-0.5
-1.75
1
0
4.25
0.75
-0.75
-0.75
0.75
0.5
2
0.75
0
0
0
0
0
0
0
0
0.5
0.25
0.25
-0.5
0.25
-0.5
0
0
-0.25
10.5
-0.75
0.75
-1
1
0
1.5
0.75
-0.5
-2
11.75
-0.5
1.5
1
-1.5
1
-1.5
0.25
-0.75
-1.25
2.5
1.25
-1.25
0.5
-1.5
-1
0.5
3.25
1.75
-0.75
2.75
1.25
2.5
1.75
0
-0.5
3
0.25
1.5
0.5
0
-0.25
0.5
0
0.5
0.25
-1.25
5.25
0.75
-0.5
-0.25
-1
0.25
0.75
0.25
-1
1.25
6.25
-1.25
-0.25
1.25
0.5
-2.25
0.75
0
-0.25
0.25
-0.25
0.25
-0.25
1
-1.5
1
2.75
1.25
0
2
-11.25
-0.75
0
-1
-2.5
-1.25
0.25
2.25
0.25
-0.75
0.25
4.25
-1.5
0.5
0.25
-1.5
0.25
-0.75
0.5
-0.25
-0.25
0
-0.25
-0.25
0
-0.25
-0.75
-1
1
0.75
-1
2.25
0.25
0.25
0
1.75
0.75
1
-0.25
1.25
0.75
1.5
0.75
-1
1.75
-2
0
-3.25
-0.25
-2.25
0.25
-0.75
0.25
0.25
0
0
-0.5
0.5
5
0
-3.25
-1.25
-6
1.5
0.5
0
0
-0.25
-1.25
0.5
1.5
-0.25
-1.25
0.75
0.25
0
-0.25
-0.25
0.25
-0.25
0
-0.25
-0.5
-1.25
0.75
-5.25
-0.75
0.5
0.5
1.25
-0.75
10.75
-1.75
0.75
0
0.75
0.25
0
-0.75
0.5
-0.75
0.5
0
0.5
0
-0.25
1
1.25
-4
1.25
1.5
-2
0.5
0.75
-0.75
0
0
0
-0.75
1.25
0
-0.5
-0.5
-1
0.25
8
-1.5
-0.75
2.25
1.25
0.5
17.75
1.5
2.5
-0.5
1
1.25
0
-0.5
0.25
2.25
-1
-0.5
0
-1.75
0.25
-0.5
-2
0
0
-0.75
-0.75
0
0.5
4.75
0.25
-0.5
0
1
0.75
0.75
0.5
-0.25
0.5
-0.75
-1.5
0.25
-0.25
-0.75
0.75
3
-2
3.25
-0.75
-1
-3.5
0.25
-2.5
-0.75
29.75
0.25
-1.5
0.75
0.5
0.5
-0.75
1
0.5
-13
12
0.75
-1.5
3.25
-8
0.75
1.75
-0.5
1.5
-5
0.75
6.25
1.25
0.75
1.25
2
4.5
-5
-7.75
3.25
-2
0.25
2
0.25
0.25
-4.25
2.25
0.5
0
2.75
-0.5
-8.25
-0.25
-0.75
0.75
-1.25
-1.75
22.25
-2.5
2.75
-0.5
-4
4.25
-6.25
1.25
-1.5
-4.25
31.75
10
-2
2.25
1.5
-0.5
-6.5
-0.25
2
-0.5
4.5
2
-2
0.5
-1.25
-1.25
-0.25
0.5
-1
-1.75
-32
-1
-0.25
1.25
3.5
-1
-2.75
1
0.25
0
1
31.75
-5
0.5
0.25
1
-1
-1.5
0.5
-0.75
-0.5
1
0.75
-0.5
1
-1
-0.75
0.5
-0.25
-0.5
-0.25
0.25
-1
0.75
4.25
2
5.5
1
1.75
2.25
-2.5
1.25
2.5
0.25
0
-4.5
-2.75
-4.25
0.5
2
0
0
-2.25
0.25
-0.5
-0.5
0.25
1
12
1
1.25
-3.5
-1.75
-0.5
-5.25
-1.25
0.5
-0.5
17.5
-1
-0.75
-1
-1.25
-2.25
0.25
1
-0.25
-0.25
1
-0.5
-1
-0.5
-0.25
-1.25
-0.25
-19.5
-1.5
0.5
0
-1.75
-0.75
22.75
-1.25
0.75
1.25
-1.5
0.75
0.25
-5.5
4.5
0
3.75
3.75
-3.5
4.75
3
-0.75
-1.25
8
0.25
-0.25
-3
1.25
-1
-1
0.25
-1.25
1.5
-1
-3.75
0
-2
-0.75
-0.75
3
21.75
0.25
1
-1.25
-1.5
-3.25
30
-1.25
-0.5
2.25
1
0.75
-1
9.75
2.5
4.5
0.25
-1.5
9.75
-3
-3.5
1
-8.5
-0.25
-0.5
0
-0.5
-0.25
0.5
14.5
0.5
-1
-0.75
0
-1
0
-2.5
-0.75
0
-0.25
-0.5
0.5
0.5
-0.25
-0.5
2.75
-1.5
3
-1.25
-1.25
-4
0.25
-2.5
-1
31.75
0
0
0.75
-0.25
0.5
-0.5
1.5
-1
-11.25
13
-0.5
0
4.25
-5.75
0.25
0.25
-1.5
1
-2.5
0.5
5.25
1
1.25
1.25
1
2
-0.75
-4.25
2.25
0.5
0.5
3.25
-0.75
0.25
-2.5
3.5
-0.5
0.5
3
-0.25
-5.5
1
-0.75
1.75
-0.5
-3
20
-3.75
1.5
1.25
-4.25
3
-8.75
0
0.25
-5
31.5
9.25
0
3.25
-0.75
-1.75
-7.75
0
2
0
5.5
2.25
-1.5
1
-2.5
0.25
0.75
1.75
0.75
-0.5
-32
-2.75
-1
0.75
-0.75
0.25
-2.5
1.25
-0.75
0
0.75
31.75
-3.75
0.75
0.75
1
-0.25
-0.75
0.75
0
-0.5
0
0.75
0
0.75
-1.25
-0.5
1.5
0
0
-0.25
0.75
-1.5
-1.75
2.5
1.75
2.5
1
0.75
1
-0.5
0.25
4
-0.5
1
-5.5
-2
-4
2
1
-0.25
0.25
-2.25
0
0.5
-0.5
0.25
0.25
7.25
1
2.25
-2.5
-1
-2
-5
-3
0.75
-1.5
18
-0.75
0.5
-1
-3.25
-1.75
0
0.5
-0.25
-0.5
0
0
0.25
-0.25
0.25
-0.5
-1
-17.25
-0.25
0.25
1
-1.5
0
23
-1.25
1
0.25
-1.25
0.75
0.5
-4.25
4
0.25
3.5
3
-2.75
3.25
2.5
-1.25
-1.25
8.25
1.25
-0.25
-2.5
1.25
-2
-0.25
1.25
-0.25
1.5
-2.5
-2.75
-0.75
-1.25
0.5
-1.25
1.5
19
-0.25
0
0
-1
-2
26.25
-1.5
-2.25
2.5
1.25
1
-0.5
8
3.25
6.5
1
-2
7.75
-3
-4.25
1
-10.25
0
-1.25
0
-1
-0.5
-0.25
13.25
0.25
-1
-0.5
-0.25
-1
0.5
-1
-0.5
-0.75
0.25
-0.25
0
0.25
0
0
1.25
-1
1.75
-1.25
-0.75
-3
0.5
-1.5
-0.75
28.25
-0.25
0.5
1
-1.5
-0.5
0
1.5
-1.25
-10.5
15.25
0
0.75
4
-4.5
0
-0.75
-1.25
0.5
-0.5
-0.25
3.75
0.25
1.25
1.25
0.5
0
3
-2
0.75
2.5
0.25
2
-3.25
0.5
0.5
4.5
-0.5
1
2.75
0.25
-2
1.5
0.75
2
0.75
-2.25
17
-3.75
-0.5
1.5
-3
2
-7.5
-1
1
-4
25.25
6
1.25
3
-1.75
-3.25
-5.75
0.5
0.75
0.5
4.25
1.25
-0.75
1
-3
1.5
1.75
2
1
0.5
-28.25
-3.25
-1.5
0
-3.25
0.5
-0.5
0.75
-1
0
-0.25
26.5
-3
0.75
0.75
0.75
0
-0.25
0.5
0.25
0
-0.5
0.5
0.25
0.5
-1.5
-0.25
2.5
1
0.5
-0.75
2.75
-1
-2.75
3
3.5
2.75
1.75
1.25
2
-0.25
0.75
4
-0.25
1.25
-5.25
-1.75
-4
1.5
-0.25
0.25
-0.25
-1
0.5
0.75
-0.25
-0.25
-0.25
3
1.25
1.75
-1
-1.5
-2.25
-2.75
-3.5
1.5
-2
13
-0.25
0.75
-1.25
-3
-0.5
-0.25
0.25
-0.5
-0.75
-0.25
0.25
0
0.25
1.25
0
-2
-15
-0.25
-0.5
1.5
-0.5
0.25
20.25
-1.5
1
0.75
-0.5
0
0.75
-3
3
0
3
1.25
-2
1.75
1.5
-1
-1.75
8
1.25
0
-1.5
0
-1.75
0
0.75
0.25
0.5
-1.5
-0.5
-1
-1.25
1.75
-2.5
1
15.25
-0.5
-0.5
1.75
0.25
-1.5
21.25
-0.75
-2.25
2
0.5
0.25
-0.75
3.75
2.75
6.75
-0.25
-1.75
4.75
-2
-1.75
0.75
-10
0
-1.25
0.5
-1
-0.75
-0.25
9.5
1
-0.5
0
0.25
-0.25
1
0
0
-0.5
0
-0.25
-0.25
0.5
0.25
0
0.5
-0.5
0.5
-0.5
-0.5
-1
0.25
-0.5
0.5
18
-0.5
0.5
0.25
-1
-0.75
0.75
1
-1
-7.75
15.5
1
0.75
2.75
-4
-0.25
-0.75
-1
-1
-0.25
0.75
3.25
-1.25
0.25
1
0.25
-1.25
4
-0.75
-1
2
0.5
1.5
-2.25
0.25
1.25
4.25
-0.25
2.5
1.25
0.75
-0.25
1.5
0.75
1.25
0.5
-1.75
12.75
-1.5
-1.25
0.5
-1.25
0.75
-4.5
-0.75
1
-2
17.25
3.25
1.5
2.25
-0.75
-2.75
-3
0.25
0.25
0
1.75
0.25
-0.5
0.5
-1.25
1.25
1.75
1.5
0.5
1
-20.5
-2.25
-0.5
0.25
-3
0.5
0.5
1.5
-0.75
-0.5
-1.25
16
-2.5
0.5
0.25
-0.5
0.25
0.5
0.25
0
0.25
-0.25
-0.25
0.25
0.25
-0.75
-1.25
2
2.25
1.5
-1.25
4
0
-0.75
3.25
3.5
3
2
2.25
1.5
-0.25
2
3.25
0.25
1.5
-4.75
-1.5
-2.75
0.25
-0.75
0.5
-0.5
-0.5
0.25
0.25
0
-0.5
0
3.75
1.25
-1
-0.25
-3.75
-0.5
-0.5
-1.5
1
-1.75
5.25
0.75
0.75
-0.5
-1.75
0.25
0
0.5
0
-0.5
-0.25
0
0
0.25
0.5
-0.25
-1.25
-13
-1.5
-1.25
0.5
1.25
-0.5
14.25
-1
1
0.75
-0.25
0.25
0.5
-1.5
1.75
-0.25
1.75
0.75
-1.25
0.5
1
-0.75
0
5.75
0.5
0.75
-1.25
-0.25
-1.5
0.25
0
0.5
-0.25
-0.5
0.5
-0.5
-0.75
2.25
-2.75
0.5
12.25
-0.25
0
1
0.25
-1
17.25
0
-1.75
0.75
-0.5
-0.25
0.25
0.75
1
5.75
-0.75
-1
2.5
-1.5
-0.25
0.5
-7
0.5
-0.25
0
-1
0
-0.25
5.75
0.5
-0.25
0
0.5
0.75
1
0
0.25
-0.25
-0.25
-0.25
-0.25
0.25
0.25
0.25
0.75
-0.25
0.5
-0.5
0
-0.75
0.25
-0.25
1
11.5
-0.75
0.75
-0.75
-0.25
-0.25
1
1.5
-0.75
-4
14
1.25
0
2
-3.5
0.25
-0.75
0
-1.75
-1.5
2.5
3.5
-2.25
-0.5
0.5
0
-1.25
2.75
0.25
-1.5
2
1.25
1
-0.5
0.5
0.75
4.5
0.25
2.5
0.5
0.75
1
0.75
0
0.25
0.5
-1.25
10.5
0
-1
0.25
-1
-0.25
-2
0
1
-0.75
11.75
1.75
0
1.5
0.5
-2
-1.25
0
0
-0.25
0.25
-0.25
-0.25
0.5
-0.75
1.5
1.75
1
0.75
1
-16.75
-1.25
0.75
-0.25
-2
0
1.5
3.25
-0.75
-1.75
-0.5
7.25
-1.75
0
-0.25
-1.5
0.25
1
0
0
0
0
-0.25
0.25
0
0
-1.25
2
2.5
1.5
-1.5
4.25
0.25
0.5
1.75
2.5
1.5
1.5
1.75
0.25
0.25
2.25
1.75
-0.25
1.75
-4.25
-0.75
-2
0.5
-1.25
0.5
-0.25
0
0
0
0
-0.25
0
4.75
0.5
-2.25
0
-5.5
0.75
1.25
0
1
-1.25
0.5
1.25
1
0.75
-2
1
0
0.25
0
-0.25
-0.25
-0.25
0
0
-0.75
-0.5
0.5
-8.5
-1.25
-0.25
-0.25
1.25
-1
10.5
-0.25
1
-0.25
0.25
1.5
0.25
-1
1.5
-0.25
1.5
1.25
-0.75
0.25
0.75
-0.5
0.75
1.25
0.25
0.75
-1
-0.25
-1
0
0.25
-0.25
-0.5
0
0.5
-0.25
-0.5
1
-2.25
0.25
11.5
-0.5
0.5
0.5
0.5
0
16.75
0
-0.5
0
-1
0
0
0
1.5
3.5
-0.75
-1.5
1.5
-2.75
0.25
0.25
-5
0.75
0.5
-0.5
-1.25
0.75
0
4.25
-0.25
-0.25
0
0.75
0
0.75
-0.75
0
0.25
0
0
0.25
0
0.25
0
0.25
0.25
0
-0.25
0
0
0
-0.25
0.75
7.5
-0.75
1
-1
0.25
0
1
0.75
-0.5
-1.5
9.5
0.5
1
1.5
-1.25
1.25
-0.75
0.75
-2
-3.5
4.25
2.25
-2.25
-0.5
-0.25
-0.75
-1.25
2.25
-1.5
-1.75
2.25
1.75
0.25
2
0.5
0.75
4.5
0.5
2
0.25
0.25
0.5
0.25
0
-0.25
0.5
-1
6.5
0
1
-0.75
0.25
-2
2.25
1.5
1
0
6.75
1
-0.5
1
0.5
-0.25
0.25
0.5
-0.25
0
0.25
0
-0.25
0.75
-0.75
1
1.5
0.5
0
0.5
-13.5
-0.5
1.25
-0.5
-1.75
-0.25
1.5
3.75
-0.5
-2.5
-0.25
2.5
-1.25
0
-0.25
-1.5
0
0
0.25
-0.25
0
0
-0.25
-0.25
-0.25
0.25
-1
0.5
2
1
-1.25
3.75
0.5
0
0.5
1.75
1.5
3
1.25
2.25
-1.5
2.25
-0.75
0
1.75
-3.75
-0.25
-2
0.5
-1.25
0.25
-0.25
0.25
-0.25
0
-0.25
0
-0.25
3.25
-0.25
-1.5
0.75
-5
0.75
1
0
0.5
-0.75
-1.75
1
0.5
1.75
-2.25
1
0.25
0
-0.25
-0.25
0.25
-0.25
0
-0.25
-1
-0.75
0.75
-6.5
-0.75
0
-0.25
0.5
-0.5
9.5
-0.25
2.25
0
0.5
1
0.25
0
0.75
-0.25
0.75
0.75
-0.25
0.25
-0.5
-0.25
0.25
-3
-0.25
0.5
-0.25
-0.5
0.75
0
0.5
-0.25
-0.5
0.5
0.75
-0.5
-0.75
-0.5
-1
0.5
9.25
-1.5
-0.25
0.25
0.5
1.75
17.75
0.5
1.75
0.25
-0.5
0.25
-0.75
0
-0.25
0.5
-0.5
-1
0
-1.5
1
-0.25
-2.25
0.25
1
-0.25
-0.75
0
0.25
6.75
-0.5
0
-0.5
0.75
-0.25
-0.25
-1
-0.25
0.75
-0.25
-1
0.25
-0.75
-0.25
0.75
3.5
-0.75
2
-2.5
-1.75
-4
1.25
-3.5
0.75
29.75
0.5
-1.75
2
1.25
1.5
-2
3.5
0.5
-14.25
13.5
-0.75
-4.75
7.5
-5.75
-0.25
3.5
-1.5
-1.25
-4
3.5
7.25
-0.75
-1
5.75
4
4.75
-0.75
-14
5
-1.5
1
0.75
-0.75
2.5
-3
1.25
1
0.5
0.75
0
-2
-1.25
-3
0.25
0
-0.5
20.5
-2
1.75
0
-2.25
1.75
-3.75
1.5
-2.75
-5
31.75
13.75
0.5
0.5
-0.75
-0.5
-3
-0.25
0
0
2.75
-0.5
-0.25
1
-2.5
0.25
1.5
1.75
-1.75
0.5
-32
-2.25
-0.25
0.25
6
-0.5
0.25
1.25
-0.75
-2.25
0.5
31.75
-7
0.75
0
0.5
-1.25
-1.25
-0.25
-0.75
-0.75
0.5
0.25
-1
1.25
-1.75
1
-0.75
0
-1
0.25
-0.75
-2.75
0.25
4
2.5
5.5
0.75
3.5
2.75
-4.25
1.5
1.25
0.25
1
-3.75
-3
-2.75
1
0.75
0
0.25
-2.5
-0.5
0
0
-0.5
1.25
9.75
0.75
1.5
-5.75
-3
-0.75
-5.75
-1
-1.75
-2
13.25
-1.5
-0.25
2.75
-1
-1.75
0.25
0.5
-0.25
0.25
1
-0.75
0
-1
0.5
-2.75
-1
-21
-1.5
0.25
0.5
-0.25
1.5
20.25
-1.75
3.75
2.25
-0.25
-0.5
-2.75
-5
4.75
1.25
4.75
2.75
-3
2.25
3
-0.25
-0.5
6.5
0.5
0.25
-4
1.25
-1.75
0.75
-0.75
-0.75
0
-1.5
-1.5
0
-1.75
-1.75
-1.5
1
17.5
-0.5
0.25
-0.25
-1.75
-2.25
31.75
-1.25
0
3
-2
-0.75
-1.5
7.75
1.5
6
1.75
-1.25
6.5
-2
-3.75
-0.25
-7
0.75
-0.75
-0.25
-1
0
0.25
15.75
-1
-0.75
0.5
-2.25
1.25
1.5
-2.5
-0.25
0.25
0
-0.25
0.5
-0.25
-0.75
0.25
2.75
-0.5
2
-2.25
-1.25
-4.5
0.75
-3.25
1
29.75
0
-0.5
1.5
1.5
1.75
-2
4
-0.5
-12
14
-1.5
-3.5
7.75
-5
1
1.5
-4
-1.5
-5
4
7.25
-0.75
-0.25
5
3.25
3.25
2
-9.5
2.5
1.25
2.75
0.5
-2
1.75
0
2.75
-0.25
0.25
0.75
-0.25
1.75
0
-3.25
0.25
-0.5
-2.75
18.75
-4.5
-0.25
1.75
-2.25
1.5
-5.75
1.25
-1.75
-6.75
31.75
14
2.25
1.25
-3
-1
-3
0.25
0.25
-0.5
2.75
0
0
0.5
-3.75
2
4
2.75
-1
1.75
-32
-3.75
-1.75
0.75
2.5
0.75
0.5
1.25
-1.25
-2.5
0.25
31.75
-8.5
1
0.25
0
-0.75
-0.75
0
-0.25
-0.75
0
0.5
-0.5
1
-1.25
0
-0.25
0.5
-0.25
-0.25
0.5
-1.75
-1
2.5
2
3.75
1
3.5
2
-3.5
1
1
0
2.75
-3.75
-2.75
-1.75
1.5
-0.75
0
0.25
-2
0
0
-0.5
0
1
8
-0.75
1
-5
-2
0
-3.75
-1.5
-1
-0.75
10.25
-1.25
-0.5
2.5
-2
0.5
-0.25
0.25
-0.25
0
0.75
-0.25
0.25
-0.25
0.5
-1.75
-1
-19.75
0
0.25
1.25
-0.25
1.5
21.5
-1.75
3.75
2.75
0.5
-1.5
-2.5
-3.75
3.75
1
3.75
1.75
-2
1.25
2
-0.5
1
5
0.25
-0.75
-3
1.25
-2
2
-0.5
0
-0.75
-2
-0.25
-0.25
-1.75
-2.5
-0.75
-0.25
11.25
-1.5
-0.25
1
-2.75
-1.25
31.75
-1
-0.5
2
-1.25
-0.5
-0.5
5
2.75
8
1.25
-2
4.25
-2.75
-3.25
0
-8.5
2
-1.5
-0.25
-0.5
0.25
-0.75
14.25
-0.75
-1
0.75
-2
0.25
2
-1
0
-0.25
0.25
0
0
-0.5
-0.25
0.25
0.75
0
1.5
-1.25
-0.75
-3.5
0.25
-2
1.25
28.5
0.5
-0.5
1
0.5
1.5
-1.5
4.5
-0.25
-11.5
17
-0.5
-1.5
6.75
-4.5
1.5
0.25
-4.25
-1.5
-4
2.5
5.75
-1.75
0.75
3.5
2.75
1.25
5.25
-4.75
-0.25
3.75
2.5
-1
-3
0.75
2.25
4.25
-0.5
0.75
1
0.25
3.25
1
-1.5
0.25
-0.25
-2.25
17
-5
-2.25
2.5
-1.5
1.25
-5.5
1.25
-1
-5
31.75
11.25
2.5
1.75
-2.25
-2
-2.5
1.25
0.25
-0.5
2.25
-0.25
-0.25
0
-3.25
2
4.5
3
0.25
2.5
-30.75
-3.5
-2.5
0.75
-0.5
1.25
1.5
1.25
-0.25
-3.5
-0.5
29.5
-9.75
1
0
-0.25
-0.75
0
-0.25
-0.25
0
0
0
-0.25
0.5
-0.75
-0.25
1.75
1.5
0.25
-0.5
3.25
-1.75
-1.75
2.5
2.5
3
1.25
3
2.75
-3.25
1
0.75
0
3.25
-3.5
-2.25
-1.75
0.75
-2
0.5
-0.25
-0.25
0.5
0.25
-0.25
0
0
5.75
-1
-0.25
-2.5
-3.25
0
-1.25
-1
0
0
5.5
0.25
-0.75
1.5
-2.25
2.5
0
0.75
-0.25
-0.75
0.75
-0.5
0
-0.25
-0.25
-1
-0.5
-19.25
-0.5
-0.5
1.25
0.75
0.5
19.5
-1.25
2.75
3.5
1.25
-2
-1
-2.75
3
0.25
3
1
-1.5
0.25
1.25
-0.5
-0.5
2.75
-0.25
-0.5
-2.25
0.5
-0.5
1.5
-0.75
0.5
-0.75
-2.5
0.75
-0.25
-1.75
-2.75
-1.25
1.25
9.25
-1.75
-0.5
2.75
-2.5
-1.25
31.75
-0.25
0.25
0.25
-1.25
-0.5
0.5
1.25
3.5
8.25
-0.5
-2.75
2
-3.25
-0.5
-0.25
-8.75
1.5
-0.75
0
-0.5
0.25
-0.75
11.5
0.75
-1
1.25
-0.5
0.5
1.75
0
0.25
-0.25
-0.25
-0.25
0
0.25
-0.25
0
0.25
0
0.5
-0.25
-0.25
-1.25
-0.25
-0.75
1.5
20.75
0.25
-0.75
0.5
0
0.5
-0.5
3.25
-0.75
-8.25
15.5
-0.25
-0.75
4.75
-2.75
0.75
-0.25
-2.5
-2
-2.75
2.25
4.5
-2.5
-0.5
2.25
1.75
-0.5
5.25
-0.5
-1.5
4.25
2.25
-1
-2
0
1.75
4.5
-0.25
1.25
0
1.25
2.25
0.75
-0.25
-0.75
0.75
0
14.5
-3
-0.75
0.75
1
-0.25
-1.75
2.5
0.25
-2.75
27.5
7.25
1.5
2.5
-0.5
-1.75
-1
1.25
0
-1
0.5
-0.25
0
-0.25
-0.75
0.5
2.25
2
0.25
1.75
-23.75
-1.75
-1.75
0.25
-1.25
0.5
2.5
2.75
1.25
-4
-0.75
20
-7.75
0.75
-1
-1
-0.75
1
-0.25
0
0.25
0.25
0
0
0.25
-0.25
-0.5
2.5
2.25
0.75
-0.5
4.25
-0.5
-0.5
2
2.5
2.5
2
2.25
3
-2.75
2
1.25
0.75
2.25
-3.75
-1.75
-1.75
-0.25
-1.5
0.75
-0.25
-0.25
0
-0.25
0.25
0
-0.25
4.75
-0.25
-0.75
-0.25
-5
-0.25
0.25
-0.5
0.25
-1
0
1.25
0
1.75
-2
2.25
0
0.75
-0.25
-0.5
0.25
-0.5
0
0.25
-0.25
0
0.25
-15.75
-1.25
-0.75
0.25
1
-0.75
14
0.25
1.5
2.25
1.25
-0.75
0
-1.25
2
0.5
1.75
1.25
-1
0
0.5
-0.75
0
1.25
-0.5
-0.5
-1.75
-0.25
0.75
1.25
-0.75
0
-0.5
-1
1
-0.5
-1.75
-2.5
-1.25
2.25
8.75
-1.5
0
1.75
-1.5
-0.5
25
-0.25
1
-1.5
-1.75
0
1.5
-1
2.5
6.5
-1
-1.5
1
-2.25
1
-0.25
-6
1.25
0
0
-1
0.5
-0.5
9.75
1.5
-0.75
2.25
0.5
1.75
0.5
0
0.25
-0.25
-0.5
-0.25
-0.25
0.25
0
0.25
0.25
0
0.25
0.25
-0.25
-0.75
0
-0.5
1
14.25
-1.25
0.5
-0.25
1
0.25
0.75
2.25
-1.5
-5
13.5
0.25
0
3.75
-2
1
-1
-0.5
-2.5
-4
4.25
3.75
-2.25
-1.75
0.75
0.75
-1.25
4
0
-2.25
3.5
2.25
-1.25
-0.75
0.5
1.25
4.75
0.25
1.25
-0.25
1
2
0.25
-0.5
-1.25
1
-0.5
13.75
-1.5
0.75
-0.5
1.5
-2
1.5
3.5
1.75
-2.25
20.25
4.75
0.25
3.5
-0.25
-1
-0.25
0.25
0
-0.75
-0.25
-0.25
0
-0.25
0
0.25
2.25
0.75
0
0.75
-20.5
-0.5
0
-0.75
-1.75
-0.25
3
4.75
1
-4.5
-1.25
9.5
-5.5
0.25
-1
-1.5
-0.25
1.75
-0.25
0
0
0
0.25
0
-0.25
0.25
-1
2
2.5
0.75
-1
4
0.25
-0.5
1.25
2.5
2.25
3
2.25
3.75
-3.5
3.25
2.25
-0.25
1.5
-4.5
-0.75
-1.75
0.25
-1.25
0.5
0
0
0
-0.5
0
0.25
-0.25
4
-0.5
-0.25
1.5
-6
0
1
0.25
0.5
-0.5
-3.25
1.75
0.5
2
-1.75
1.75
-0.25
0.25
-0.25
0
0.25
-0.25
0
0.25
-0.75
-0.25
0.75
-11.5
-0.75
-0.25
-0.25
1
-1.5
10.25
1.25
0.5
0.5
0.5
0.75
0.5
-0.75
1.5
0.5
1.5
1.5
-1
0.5
0
-0.5
-0.25
-1
-0.25
-0.5
-0.75
-0.75
0.5
1
-0.25
-0.5
-0.75
0
1.25
-0.75
-1.25
-2.25
-1.5
1.5
8.25
-1.5
0.5
0.25
-0.75
1.25
18.25
-0.5
2.5
-1.5
-0.75
0.5
1
0.25
2.5
3.75
0.25
-0.75
1.5
-3.25
0.5
-0.25
-3.25
0.75
0
-0.25
-0.75
0.5
0
8
0.5
-0.25
1.25
0.25
0.75
-0.25
-0.75
0
0
-0.25
0
-0.25
0
0
0.25
-0.25
0.25
-0.25
0
0
-0.25
-0.25
0
0.25
9.75
-1.5
1.5
-0.5
0.75
0.5
1.75
0.75
-1
-2.5
8.5
0
0.75
3
-1
2
-1.25
-0.25
-3.25
-6.75
6
2.25
-2.5
-1.25
0.5
0
-1.75
3.5
-1.5
-1.75
2.25
2.25
-1.5
1.25
1.25
1
4
1.25
1.75
0
0.75
1.25
0.75
0
-0.5
0.5
-1
9.25
0.5
1
-1
1.25
-1.75
2.75
2.25
2
-1
13.25
3.25
0
3
0
0.25
0.5
0.25
0.5
-0.25
0
0.5
-0.75
-0.25
0
0.25
2.25
0
-0.25
0
-16.25
0.25
1.5
-1.5
-1
-0.5
2.75
4.75
-0.25
-4.5
-0.75
5.75
-4
-0.5
-0.25
-1
0.5
0.5
0
0
0
-0.25
0
-0.25
0
0.25
-1
1.5
2.25
0.5
-1
4
-0.25
-0.25
2
3
3
4.5
2
5.5
-4.75
3.25
1
-0.5
1
-3.75
-0.75
-1.25
0.25
-1.5
0.25
0
0
-0.5
-0.25
0.25
0.25
-0.25
3.5
-0.25
-0.5
1.25
-7.25
0.5
1
0.25
1.25
0
-4.5
2
0.25
1.5
-2
2.25
-0.25
0.25
-0.25
0
0.25
-0.25
0
-0.25
-0.25
-0.75
0.5
-9.75
0
-0.25
0.25
0.25
-1
9
0.5
2.25
0.75
0.25
0.5
1.25
-0.5
1
0.5
0.75
0.75
-0.75
0.5
-0.75
0.5
-0.25
-2
-0.75
0.25
0.5
-0.75
1
1
0
-1
-1
0.25
1.25
-0.75
-1.5
-2
-0.75
0.5
5.75
-2
0.75
0
-0.5
3
17.5
0.25
4
0.25
0.25
0.75
-0.5
1.25
2.25
2
1.25
-0.75
1
-3.5
0.25
-0.75
-0.25
0.5
1
0
-0.25
0.25
0.25
8
0.75
-0.75
-0.25
0.5
0.25
-0.75
-0.75
