0
0.25
-0.25
0
0
0
0
0.25
0.75
-1.25
0.75
0.5
0.25
-1
-0.5
0
-0.5
15.5
-1.25
0.75
-0.5
2
-1.5
1.5
-0.25
2.5
-3.5
4.5
-0.5
2.5
-2.25
0.5
1.25
-1
-1.25
0.5
-3
-3
-2.5
1.5
0
0
-1
0.5
-4.5
-6.25
-0.25
0
1.5
2.5
0.5
-1.25
-5.5
2.75
-0.5
1.25
0
0
-0.5
-0.5
-0.75
-0.25
0.75
-0.5
7
0
1
-1.5
2.25
0.75
2.25
0.5
-0.75
0.5
2.75
1.75
1
-2
0
0.25
-1.5
-1.5
0.25
0.25
1.25
0.75
-1
0.25
0.25
0.75
0.75
0.25
-1
0.5
-6.25
-0.25
-0.25
-0.5
1.25
-0.25
1.25
-1
0.5
0.75
0.25
8.25
-1
-0.5
-0.75
-1
-0.75
-0.5
0.25
-0.25
-0.25
0
0
-0.25
0.25
0.25
-0.25
1.75
0.75
0.5
0
2.25
5
1
2.25
3
5.25
0
-0.5
3.75
-1.5
-0.75
-1.5
-1
2.75
-3.5
-1.25
-5.25
-7
0.75
0
0.25
-0.5
0
0
0
-0.25
0.5
7
-0.75
-2.25
-4.75
-4.5
1.75
0.5
2.25
-0.25
-1
6.5
-1
-1.75
0
3.25
-2
0
0.25
0.5
0.25
-0.25
0.25
0.25
-0.25
0.5
0
-0.5
-2.25
0
0.5
1
0
0
14.5
2.25
0.5
1.75
2.25
-1.25
-0.25
-1
1.25
-1
2.75
2.5
-1
2.25
1.5
-0.5
-1.25
-2.25
-1.25
0
1
0.25
3
-0.25
-2
2.25
-0.5
4.5
2
-0.25
-1.75
0
0.75
-3
17
1.75
2
-0.75
-1
-0.75
2.5
-0.5
-0.75
-0.5
-1
-0.5
-1
1.75
0.5
0
-0.5
0.5
0.75
1.5
-1
0.25
-2.5
0.25
0.25
0
0.25
0
-0.25
4.25
0.25
-0.5
0.75
0
1.25
-0.75
0
0.25
0
-0.25
0.75
0.25
0
0.5
0.25
0.25
-1.25
0.25
0.25
0.25
-1
0
-0.25
-1.25
20
-1
0.5
-0.5
2.25
-1
1.75
-0.5
1.75
-6.75
9
-1
3.25
-2.25
-1.5
1.5
-0.5
-2.25
1.25
-5
-2
-0.5
2.25
1.25
-1.5
-2.75
0.5
-2.25
-8.25
-1.75
1.5
3
2.25
1.25
-1.75
-7.75
3.5
-0.75
1.75
2
0.25
-2.25
0.5
-1
1
0
-2.5
7.25
-0.25
1.5
-1.5
1.5
1.75
1.75
0
-0.25
0.25
10
4.5
0.75
-1.25
-0.25
0.75
-3
-2.75
0.75
0
1.75
2.25
-2.5
0
-0.25
0.25
0
-0.25
-1.75
0
-9.75
-0.25
0.25
-1
2.5
-0.25
2.75
-0.75
-0.25
0.5
-0.25
11
-0.75
0
-1
-2
0
-0.75
0.75
0
-0.75
-1
0.5
0
0.25
-2
-0.25
2.5
0.5
0
0.5
2.25
5.5
1
4.5
4
8.25
-0.25
-0.5
6
-2.5
1.5
-2.5
0.25
1.5
-4.25
-2.5
-4
-7.5
1.75
0.25
0
-0.25
-0.5
-0.25
0.5
-0.75
1
12.25
-2.5
-3.5
-2.75
-6.25
3
0
2.5
0.25
-1.75
9.25
-1
-3.25
0
4.75
-2.25
-0.25
-0.25
0.5
0.5
0
1
1
-0.25
0.25
0.5
-0.25
-6.5
-0.25
1
0
-1
-0.75
22
2
1.75
1.5
1.75
-0.25
-1
-0.5
1.75
-0.25
4
4
-1.75
4
2
-0.75
-4
-1.75
-1.75
-0.75
1.5
-0.5
5.5
2.75
-0.75
0.75
-3.25
2.5
0.5
-1
-3.75
0
1.5
-2.75
24.25
-0.75
3.5
-1.25
-0.5
-3.25
9.5
0
-0.5
-1
-1.25
0.25
-0.5
1.75
-0.5
-0.5
-1.25
1.5
3
0.75
-0.25
0.5
-3.25
0.5
0.5
-0.25
-0.25
0.5
-0.25
11.25
0
0
0.75
-0.75
1
-0.25
-0.5
0
0
0
1
0.25
0
0.75
-0.5
-0.5
-1.75
-0.5
0
-0.75
-0.5
0.25
-0.25
-1
26
-0.5
-1
0.5
1.75
-0.5
0.5
-0.75
1
-11.75
16.75
-0.75
4.5
-2.75
-4.25
1.75
-0.75
-3
0.75
-8.25
-1.25
-0.25
1.75
0.5
-1.75
-1.75
-0.25
-1.75
-10.75
-3.25
2.75
2.75
2.5
3.25
-2
-9.75
3.5
-0.75
2.25
3.5
0.5
-3.25
1
-0.75
2.25
-0.25
-4.5
7
0
0.5
-0.75
-0.5
2.5
-1
-1.25
-1
1.25
19.25
7
1
-2.25
-0.5
2.25
-3.25
-3.5
1.5
-0.25
1.5
4.25
-3.25
-0.5
-1.25
0
-0.25
1
-1
1
-14.75
-0.75
1.25
-0.75
2.5
-0.75
3.25
0.75
-0.25
0.25
0.25
24.25
-0.25
0.5
-1.25
-2
0.25
0
0.75
0.5
-1
-1.25
0.5
0.5
0.25
-3.5
-0.25
1.75
0
0.25
0.75
2.25
5.5
1.75
7.75
3.75
10
1
1.75
9.25
-5.75
4.5
-4.75
0.75
0.5
-4
-3
-1.25
-7.75
2.75
0
0.25
-0.75
-0.5
-0.5
0.5
0
1.5
18.5
-4.25
-4.25
-1.75
-5.75
5
1.5
2.25
0.75
-2
14
-1
-4
-0.5
6
-1
-0.25
-0.75
0.25
0.75
-0.25
1.25
1.25
-0.25
0.5
1.5
0.5
-14.75
-0.25
0.75
-0.25
-1.75
-0.5
30.75
1.5
1.5
2.25
1
-1
-2
-0.5
1.75
1.25
4.25
4.25
-2.75
5
2
-0.25
-5
0.25
-0.5
-1
1.25
0.5
6
3.5
0.25
0.5
-4
1.5
-1
-1
-5
0.25
2.75
-2
29.5
-2.5
3.75
-2.5
0.25
-5.25
23
0.5
0.5
-2
-1.5
0
0.25
1.5
-2.5
2
-3
2
5.25
1.25
3.25
1
-0.5
0
0.75
0.25
-0.5
0.5
-0.5
18.5
-0.25
1
3.75
-2
2.5
0.75
-0.25
-0.25
0.25
0
1.25
0.25
0.25
1
-0.75
-1
-1.75
-1.25
0
-0.75
-0.5
0.25
-0.5
-0.75
31.75
-0.25
-1.25
1.25
1
-0.75
0
-1.25
0.75
-15.25
25
-1.25
4.5
-2.25
-6.5
1.75
-1.25
-3
0
-11
-1
-1
1.25
0
-1.25
-0.5
-1
-0.75
-9.25
-4
2.75
2.5
2.75
2.5
-2.75
-9
4
-1.5
2.75
4
0.5
-4.5
2.25
0.25
2.75
-0.75
-6.75
11.5
0.5
0.75
-1
-1.75
2.25
-2.25
-2
-0.75
2
30.25
9
1
-3.25
0
2.25
-4.25
-2.5
2.75
-0.25
2.25
5.5
-3
-0.5
-2
0
0
1.25
-1
1.5
-25
-1
2.75
-0.75
2.5
-0.75
3.25
0.5
0
0
0.5
31.75
0.75
0
-1.25
-1.5
0.5
0.75
0.5
0.5
-1
-0.75
0.25
0.75
0.75
-4.25
-0.5
0.75
0.75
0.75
0.25
2.5
5.5
1.5
9.25
5.25
10.25
2
3.75
10
-6.5
4.75
-4.5
1.25
0.75
-5
-3.25
1.25
-5.5
4
0
0.75
-2
0
-0.25
0.25
0.25
0.5
21
-3.5
-3
-2
-4.5
4.75
1.25
1.5
0
-2.5
19.5
-1.25
-3
-1
5.25
-0.75
-0.5
-0.75
0.5
1
-0.5
1
1.25
0.25
0.25
1.75
1.75
-24.25
0
1
0.5
-1.25
0
31.75
1
0.5
2
0.75
-1
-2.75
-0.5
2.25
2.25
4.25
3.75
-3
5.25
1.5
-0.5
-4.75
4.5
-0.25
-1.25
1.25
0.75
4.75
3.5
0.25
0.5
-3.25
0
-2
-2
-5.5
-0.75
3
-0.5
31.75
-3.5
3.25
-2.25
0.5
-5.25
31.75
0.5
0.75
-3
-1
0.25
1.5
2
-3
6
-2.75
2
6.5
1.25
3
1.75
2
0.5
0.25
0.25
-0.25
0.25
-0.75
21.5
0
2
6
-2.5
3.25
0.5
1
-0.5
-0.25
0.25
1.25
0.5
0.5
1
-0.5
-1
-1
-1.25
0.25
-0.5
-0.5
0.5
-0.5
-0.25
31.75
-0.75
-0.5
2
1
-0.5
-0.75
-1.5
0.5
-18
31.75
-1.25
2
-0.5
-10.5
2
-1.5
-3.75
-0.75
-13.5
0.5
0.25
0.75
0.5
-0.5
0.25
-1
1
-5.25
-4
2.75
2.75
2.25
2
-3.25
-6.5
3.5
-2
2
4
0.5
-4
3
0.5
3.25
-0.5
-9
22
1
1.5
-1.5
-2.5
2
-4
-1
-0.5
1.5
31.75
10.25
1.25
-3.25
0.75
1.5
-5
-1
3.5
0
3.5
5.25
-2
-0.25
-1.5
-0.5
-0.25
0.75
-2.25
1.25
-32
-1
3.5
-1.25
1.25
0
3
0.5
-0.75
-0.75
0.5
31.75
2
-0.25
-0.75
-0.75
0.75
1.75
0.25
0.75
-0.75
-1
0
0.75
1.5
-4.75
-0.5
0.25
1.25
0.75
-0.5
2.25
4.25
0.5
9
6
10.5
2.25
4.5
9.25
-6.25
4.25
-4.25
1.75
2.25
-5.25
-3.25
3.75
-2.75
4.75
0
1
-3.25
0.25
-0.25
0
0
0.25
20.5
-3.5
-1.25
-1
-2.5
3.5
0.5
0.75
-1.25
-3.5
22.5
-0.75
-3
-0.25
4
0.25
-0.75
-0.5
0.5
1
-0.5
1
1.25
0.5
-0.25
1
2.25
-32
0
1.25
1
-0.5
1
31.75
0
1.25
1.5
1
-1
-3.25
-0.75
3.5
3.5
4.5
3.75
-3.5
5.5
1.5
-0.75
-3.75
10.25
-1
-1.25
1.5
-1.25
3
3.5
-0.25
0.5
-4
-1.75
-2
-2.5
-5.75
-0.5
2.25
-0.75
31.75
-3
3
-2
-0.25
-4.5
31.75
-0.25
0.5
-3.25
-0.5
-0.5
2.25
2.5
-2.5
12.25
-2.25
1.75
8.5
-1
2
1.75
0.75
1
-0.25
0.25
0.25
0.25
-1.25
20.75
-0.25
2.25
6.25
-3.5
3.25
0.5
1.75
0.25
-0.25
0
1.25
0.5
0.5
0.75
0.25
-0.5
-0.25
-1
0.5
0
-0.75
0.5
-0.5
0.75
31.75
-1.25
1
2.5
1
1
-1.75
-1.5
-0.5
-19.5
31.75
0
0
1.75
-13.75
3.75
-1.25
-4.25
-3
-17
5.75
2.5
-1.5
0.25
0
0.5
-1.5
3.5
-2.25
-3.75
4.25
3.75
0.5
0.75
-3.75
-2.25
3.75
-2.5
2
3.25
0.5
-1.5
2.75
-0.25
3.5
-0.75
-10.25
29
1
1
-0.5
-2.75
1.5
-7
0.25
0.75
-0.5
31.75
10.75
1.75
-2.75
1
1.75
-4.75
-0.75
3.75
0.75
3.75
4.5
-1.5
0
-1
0.25
-0.25
1.5
-1
2.75
-32
-1.75
2.75
-1.25
-1
0.5
2.75
2
-1.5
-2.5
0.25
31.75
2.25
0
-0.75
-1
-0.5
3.25
0.25
0.25
-0.5
-1.25
0.25
0.5
2
-3.5
-0.25
-0.25
0.5
-0.5
0.25
1
2.5
0
8
5.5
10.25
3
5.25
9
-8
5.75
-3.5
1.5
2.75
-4
-2.75
5.75
1.25
3.25
0
0.75
-3.75
0.25
-0.75
0
-0.5
0.75
19.5
-4
0.5
1.25
-2.5
2.25
-0.5
0.5
-1
-3.75
20.25
1.25
-3.5
0.75
1
2.25
-1
-0.5
0
0.75
-0.25
1.5
0.75
0.75
-0.25
0.5
2.5
-32
0.25
1.25
0.5
0.25
1.25
31.75
0
1.75
1.5
2.75
-1.75
-2.5
-1.75
4.5
3.5
4.5
3.75
-3.5
5.5
1.5
-0.25
-1.75
14.25
-1.5
-1
1.25
-2.25
0
4.5
-0.25
-0.5
-5.25
-1
-0.5
-3.25
-5
0.75
0.75
-2.75
31.75
-2.5
2.75
-2
-0.5
-2.25
31.75
-0.75
-0.25
-2.75
-1
-1
2.25
2
-2
15.75
-1.5
0.75
9
-2
1.25
1.75
-2.25
0.5
-1.5
0.5
0.5
0.75
-1.75
18.75
-0.5
1.5
4.5
-3.5
2
1
1.75
-0.25
0.25
0
0.25
0
0.25
-0.25
0
0.75
-1.25
1.75
0
-0.5
-0.75
0.25
-0.5
0.25
14.75
0.5
0.25
0
2.5
0
1.25
-0.5
0.5
-2.5
0
-0.5
0.5
-2
0
-1.75
0.5
-0.75
2
-0.5
-5.25
-2.75
1.75
-0.5
1.25
-2.25
0.75
-5
-8.5
2.25
-1.25
1.5
4.75
0.75
-0.75
-8.5
1.5
0
1.5
1
-0.5
-1
0
-0.5
0
-0.25
-0.5
1.75
1.25
1.5
-2.25
1.5
2.5
2.5
-0.5
0.75
0
7.5
3.25
-0.25
-3
-0.25
0
-1
-1.5
0.25
0.5
1.75
1
-1
0
1.25
0.25
0.25
-1.25
-2.5
-0.5
-11.5
0.75
1.25
-0.5
3
0.5
1.5
-1
-0.5
0.5
1
14.5
-3.75
-0.5
-0.75
-1.25
-1
-1.25
0
0
-0.5
-0.25
0.25
-0.25
0.5
0
0.5
0.75
0
-0.25
0.75
0.25
4.5
0.75
2.5
4.25
5.25
0.25
-0.5
2.75
-3
-0.25
0
-0.25
1.75
-4.25
-2
-4
-7.5
1.5
-0.25
0.5
-1.25
-0.25
0
0.25
0
0.25
7.75
-0.25
-1
-7.25
-4.5
1.25
-0.25
2.25
-1
-3
9.25
-3.25
-2.25
0.75
3.25
-5.25
-0.5
0
0.25
0.25
-0.25
0
0.5
0
-0.5
-1
0.25
-0.75
0.25
0.75
0.5
-0.25
-1.75
19
1.5
-0.5
2
0.75
-0.25
-0.25
-1
0.5
0
1.75
2
-0.75
1.75
1
-0.75
-0.25
-4.5
-1.5
-0.25
-0.25
0
3.5
0.5
-1.25
1.5
-1
2
1.75
0
-2.75
-0.25
-0.25
-3.5
23.25
1.5
1
0.5
0.5
-1.5
8.75
-0.5
-2.25
-1
0.5
0
-0.25
3.75
-2.25
-1
-1
1.75
-0.25
2.25
0.5
0
-2
0
1
0.75
-0.25
0.25
0
8.75
0.75
-0.25
1.25
0.25
1.75
-0.5
0
-0.25
0.5
0.25
0.5
0
0.25
0
0
0
-2
1.5
0
-1
-0.75
0.25
-0.5
-0.5
16.5
0.75
0.75
1
3
0.75
1.25
-0.75
-0.5
-5
3
-1
0.5
-3
0
-2.25
1.25
-1.75
2.25
-1
-4
-0.5
2.75
1.25
0.5
-4
2.5
-0.5
-10.5
2.5
-1
3
4.5
0.25
-1.5
-11.25
2.25
-0.25
1.75
2.75
-0.5
-2.5
0.5
-0.75
1.25
-0.75
-1.75
1.25
0.75
1
-2.75
2.5
2.75
2.25
-1.5
1.75
-1
12.25
4.25
0
-3.75
-2
0.75
-1.5
-3.5
0.75
-0.25
2
2.5
-2.75
-0.25
1.75
-1
-0.25
-1.75
-4.25
-1.25
-13
1.75
1.75
-1
4
0.25
2.5
-0.5
-0.75
0
0.25
21.5
-6
-0.5
-0.75
-2.25
-0.75
-2.75
0.25
0.25
-0.75
-0.75
0.25
0
0.75
-0.75
0.75
2
-0.5
-1
1.75
0.25
5.5
1.25
4.25
5.25
6.75
0
-1.25
5.25
-3.25
2.25
0.25
0.75
-0.75
-6
-3.25
-4
-9
3.5
0
0.25
-1.5
-0.75
0
0.5
0.25
1
13.25
-1.25
-1
-8.5
-9
1.5
-2.5
2.5
0
-3.5
11.5
-3.5
-3.25
0.5
3.75
-5
-0.5
-0.75
0.25
1
0.25
0.25
1.5
0
-0.25
-0.25
0.25
-5.25
0.5
0.75
0.25
-1
-1.75
24.75
1.75
1.75
4.25
0
-0.25
-1.25
-0.5
0.5
0.75
3.25
3
-1.75
2.75
1.5
-1
-3.5
-4.75
-2
-0.75
0.25
-1
6.25
3.75
0.75
-0.25
-3
1
0
-1
-4.75
-0.5
0.25
-4.5
29
-0.75
2
0.5
1.25
-1.75
15
-0.75
-3
-0.5
0.5
0
-1
4.75
-2
-2.25
-1.75
1.75
-0.25
0.25
1.25
0.25
-3.25
0.25
2
0.5
-1.25
0.5
1
15.5
0
1
1.5
-1.25
1
0.25
-1
-0.25
0.5
0.75
1
0
0
0.25
-0.25
-1.25
-2.75
0.75
0.75
-1.25
-0.25
0
0.25
-1
17
0.75
0.5
2
3
1.25
0.5
-1
-0.75
-8.5
8.75
-1.5
1.25
-3.5
-1.25
-2
1.75
-2.25
2
-0.25
-3
0.5
2.25
1.25
0.75
-3.75
1.5
3.5
-10
1.5
-0.25
2
5.25
1.5
-1.5
-13
3.25
0
2.25
3.25
0
-3.75
1
0
1.75
-1.5
-2.75
2.75
1
-1
-1.75
2.5
3.25
-0.75
-3
1.25
-1.5
18.75
5.5
0.5
-4.75
-2
2
-1.75
-4.5
2
-1
2.25
5.25
-3.75
-0.75
1
-0.5
-0.5
-0.5
-3.75
-0.5
-17
1.25
2.25
-0.5
3.5
-1.75
1.5
0.75
0.25
0.75
-0.5
31.75
-8
-1
-0.25
-2
0
-2.5
0.25
0.5
-0.75
-0.75
0.25
0.25
0.25
-1.5
1
2.5
-0.25
-0.25
2
1.75
6.5
1.25
4.75
4.5
7.25
-1
-1.5
5.75
-4
3.5
-0.5
1
-2.25
-5.75
-2.75
-3
-9.5
5
0.25
-0.25
-2.5
-0.25
-0.25
0
0.5
1.5
19.75
-1.75
-1.5
-10.5
-11
2.5
-2.75
3
1.25
-2.75
13.75
-2.75
-4
0.25
3.75
-3
0
-1
0
1.25
-0.5
0.75
2.25
-0.25
0
0
0.5
-11
0.25
-0.5
0.75
-1
-1
30.25
1.5
3.25
6
-0.25
-1
-2
0
0
2.25
3.75
3.5
-3.25
3.5
1.75
-0.75
-5.75
-4.25
-0.25
-1
0.75
-0.75
8
5.25
1.5
-1.5
-4
0.25
-1.75
-1.5
-5.75
0
1.75
-4.25
31.25
-2.5
2
-0.5
2.25
-1.75
23.25
-0.25
-3
-0.5
-0.5
0.5
-1.25
4
-1.5
-2.75
-3
1.5
-0.75
0.25
3
0.75
-3
1.25
2.25
1
-1
0
1.25
21
-0.5
2.75
3.5
-1
2
0.75
-0.25
-0.5
0.5
0.75
1.5
0
0
0.25
-0.5
-1.5
-3
0.25
1.25
-0.5
0.5
-0.25
0.75
-1
20.25
-0.5
1
1
2
-0.5
0.5
-1.5
-1
-10.5
14.25
-2.5
1.75
-2.5
-2.5
-2.5
2.25
-1.75
2
0.5
-3.25
0.25
2.5
0.5
1.75
-2
-0.25
6
-7
0
0.25
2.5
6.75
2.25
-3.75
-13.25
5.25
-1
3.25
3.5
0.25
-4.5
2
0.75
2
-2.5
-4.5
8
1
-0.75
-1.25
2.25
3.25
-2.5
-2.75
0.75
-1.75
27.25
7
1
-4.75
-1.25
1.75
-2.75
-3.25
2.25
-1.25
3.25
6
-3.25
-0.25
-0.25
0.25
-0.25
0.5
-2.25
0
-25.25
0.75
1.5
-1
2.75
-3.25
0.25
0.5
0.5
1
-2
31.75
-9
-1.5
-0.25
-2
0.75
-1.5
0.25
0.25
-0.5
-1.25
-0.25
0.25
0
-2.5
1.25
2
0
0
1
3.5
7.75
0.25
5
4.5
8
0.25
-0.25
6.75
-4.75
3.25
0
1.25
-1.25
-5.75
-2.5
-2.5
-8
6
0.25
-1
-4.25
0.5
0
-0.5
-0.25
0.75
22
-1.5
-1
-11.5
-9.75
2.5
-2.75
2.25
0.5
-3.5
14
-1.75
-4.25
0
2
-2.5
-0.25
-1
0.25
1.5
-0.75
0.5
2
0
-0.75
0.5
1.5
-14.75
0.5
-1.25
1
-1
0
31.75
1.25
3.75
5.75
0.25
-0.75
-2.5
-0.75
1.25
4
4.5
3.5
-3.5
3.75
2
-0.5
-6.25
-2.75
0
-1
2
-0.75
8.5
5.25
0.75
-1.75
-4
-1
-2.25
-2.25
-5.5
0
2.5
-3
31.75
-3.5
1.75
-0.75
2
-1.5
29.5
0.25
-3.25
-1
-1.5
0.75
0.5
3.5
-1.5
0.5
-3
1
0.5
1
2.75
1.25
-5
2.25
1.25
1.5
-0.5
-0.5
0.75
23.75
-0.25
3.75
5
0.25
2.5
0.25
1.25
-1
0.25
1.25
2
0.75
0
-0.25
-1
-1.25
-3
0.75
1
-0.25
0.5
0
0.5
-0.75
21.5
-2.25
3
0
1.5
-0.75
0.5
-0.25
-1
-13.25
21.5
-2.25
0.5
1
-7
-3.75
3.25
-2.5
1.75
0.25
-1
2
3.25
0.5
2.5
0
-1.25
9
-2.75
-1
0.5
3.25
6.5
1.75
-5.5
-11.25
6.25
-2.5
4.25
4.25
1.25
-4
3.5
0.75
3
-3.5
-7.25
19.75
0.75
-0.25
-1
1.5
4
-5.25
-1.5
2.75
-3.25
31.75
9.25
1.75
-3.75
-0.5
1.25
-4.75
-1.25
2.25
-0.5
4.25
5.5
-2.25
0.5
0.5
0
-0.75
-0.75
-2
-1.25
-32
1.25
-0.25
-2
2.25
-2.75
0
-0.5
-0.75
0.5
-2.75
31.75
-10.25
-1
-0.75
-1.5
1
-0.5
-0.25
0
0.25
-1.5
-0.75
0
0
-2.25
0.5
2
0.5
0.5
0
4.5
8
-0.5
5.5
5.75
9.25
1.75
1.5
8
-5.5
3.25
1.25
1.25
-0.5
-6.25
-2.5
-2
-4.75
6.25
0
-1.5
-6.25
1.25
0
-1.25
-0.25
1
21.75
-2.25
0.25
-11
-8.5
1.5
-3
2
0
-4.25
11.75
-0.25
-5
0.25
0.5
-1.75
-0.5
-1
0.5
1.5
-1.25
0.5
1.75
0.25
-1
1
2
-19.25
0.75
-1
1
-0.5
1.5
31.75
1.5
5
5
0.75
-0.5
-3
-1.5
3.25
5.75
5.5
4.25
-4
4.75
2.75
-1
-5.25
3.25
0.5
-1.5
3.25
-1.75
6.25
5.25
-0.25
-2
-5
-1
-1.75
-2.5
-4.75
0
2.75
-3
31.75
-4
2.25
-0.75
1
-0.75
31.5
0.25
-3.75
-1.75
-2.75
0.5
2
3.75
0.75
8.75
-2.25
-0.5
5
-1.25
2.5
0.5
-10.5
2.75
0.25
2
-0.25
-1.25
0.75
23.5
-0.75
4.25
4.5
0.75
1.75
0
1.25
-0.25
0.5
0.75
2.25
0.25
-0.5
-0.75
0.25
-0.5
-2
1.5
0.75
0.25
-0.25
0
0.5
-0.25
18.5
-2.75
5.25
-0.75
1.5
0.25
0.5
0.75
-1.75
-15.25
27
-1.25
-1
5
-11.25
-3.25
3.25
-3.25
0
-1.75
4.75
4.25
2
1
1
0.25
-2.25
12.5
2
-2.25
1.5
4
3.75
0
-5.75
-6.75
6.75
-3.75
5.5
4.75
2
-2.5
3.5
0.25
3.25
-3.75
-8.75
29
0.75
-2
-0.5
0.75
4.75
-8.25
-1
5.5
-5.25
31.75
10.75
1.5
-1.75
-0.5
1.75
-5.25
-0.25
2.25
0
4.5
4
-1.75
0.75
1.5
-0.25
-1.25
-0.5
-0.25
-1
-32
1.75
-2
-2.25
1.5
-1.5
0
0.25
-1.5
-1
-2.25
31.75
-11.5
-0.75
-1.25
-1.25
0.25
0.5
-0.75
-0.25
0
-1.75
0
0.5
0.25
-1
-1
2.5
1.5
1
-1.25
5
6
-1.25
5.75
6.5
10.25
2.75
3.25
9.5
-7
4.75
2
0.75
-0.25
-5.25
-2.25
-1.25
-0.25
4.75
0
-1
-6.75
0.5
-0.25
-1
-0.75
1
21.25
-3.5
-0.5
-8.5
-10.25
1.25
-3.5
2.5
0.25
-3.75
6.25
2
-6.25
1.25
-1.25
0.25
-1
-1
0.5
1.5
-0.75
0.75
1.5
0
0
1.25
2
-20.75
1.25
0.25
1
0
2
31.75
2.75
5.5
4.75
1.5
-0.75
-2.5
-2.75
5
6.25
5.75
4.75
-4
5
3
-1
-3.5
8.25
1.25
-1.25
2.25
-1
3
5.75
0
-2.5
-6
-0.25
-0.75
-3
-4
-0.25
2.75
-4
30
-5.5
2.25
-1.25
0.25
0.75
31.75
-0.25
-4
-2.25
-4.5
0
3
2.75
2.5
15.75
-1.25
-2.25
7.5
-3.25
3.5
-0.75
-14.5
2.25
-0.5
1.5
0.25
-1.25
0.75
23
-1
4
3
0.75
0.5
0
0.5
0
0.5
0
-0.25
0.5
-0.25
-0.5
-0.25
1
-1.25
1.5
-0.5
-0.75
-0.25
0.75
-0.75
1
15.5
0.25
0.25
-0.5
1.25
0.75
0.5
0.5
0.25
-1.75
-1.75
-0.75
-2
0
-0.5
-1.75
1.5
-3
1
-0.5
-5.75
-2.75
0.75
-0.25
2.25
-2
0.75
-3
-8.25
3.5
-1.25
0.5
5
1.25
-0.75
-7
-0.25
0
0.75
1.5
-0.25
-1.25
0.75
0.25
0.25
-0.25
-0.25
-1
0.5
1.75
-2.75
2
1.25
3.25
-1.25
1.75
-0.5
11.5
2.75
-0.5
-2.25
0
0
-0.5
-1.75
0.25
0.75
1.25
1.25
-1
0.25
-0.25
0
-0.25
-0.25
-2.25
-0.25
-16.5
-0.5
1.75
-0.5
4
-0.5
0.5
-1.75
0
0.75
0.75
15.25
-3.75
-0.75
-0.75
-1.5
-0.5
-0.75
-0.25
0.25
-0.5
-0.25
0.5
0.25
0.25
0
0.5
-0.75
-0.5
-0.75
1.25
-1.5
2.5
0.75
1.25
3.75
4
0.5
0
1
-1.75
0.5
-0.25
0.75
1.25
-3
-1.5
-1
-2.25
1
0
-0.25
-0.75
-0.25
0
0.25
0
0.25
6.25
1.25
-0.5
-4
-2.25
0.25
0.75
-0.25
-1.5
-1.75
8.75
-3.75
-2.5
2.5
3.75
-4.5
-0.25
-0.25
0
0.25
-0.25
0
0.25
0.25
-0.25
-1
1.25
-3
0.25
0.5
-0.75
-0.5
-1.5
13.5
1.75
-1.75
0.25
-0.75
0
-0.75
-0.75
1
0.75
1.5
1.25
-0.5
0.5
1.25
-0.5
-1
-6.5
-1
-0.25
0.5
-0.5
3
0.75
-0.5
0.25
-1.5
1.25
1
0.25
-3.5
0.25
0.25
-3
26.25
-1
0
0.75
1.75
-3.25
17.25
-0.25
-1.25
-0.5
-0.5
-1
1.25
4
-5.25
1
-1.5
2.25
1
1.75
1.75
-0.25
-1.5
-0.5
-0.25
1
-1
-0.5
1
9.5
0.75
0.5
0.25
0.25
0.75
-0.25
0.25
-0.5
0.25
0.5
0
0
-0.5
-0.75
-0.25
0.5
-1.75
1.75
-0.75
-1.5
-0.25
0.75
-1
0.75
11.75
0
0.75
0
2.25
2
0.5
0.75
-0.25
-2.5
-2.5
-0.5
-2
-0.5
-0.5
-2.25
1.75
-4.5
0.75
-0.5
-5
-3.5
1.5
1
1.5
-2.75
2.25
0.25
-7.75
3.25
-1.25
2
5.75
0.75
-2
-10
0.25
-0.25
1.25
2
-0.25
-2
0.75
0.75
0.5
-0.25
-0.5
-0.25
0.25
1.25
-2.5
2.75
1.75
2
-1.75
3
-2.75
13.5
4
1
-0.75
-1
0.75
0.75
-2.25
0.75
0.75
1.25
2
-1.75
-0.25
0.75
-0.25
0
-0.75
-2.5
-1
-13
-0.5
1.5
-1
5
-0.25
0.5
-1.75
0.25
1
0
20.75
-7.75
-1.25
0.25
-2.25
-0.25
-2.25
-0.5
0.5
-0.75
-0.5
0.5
0
0.75
0.25
0.5
-1.25
-1.25
-0.75
1.75
-2.5
2.75
1.25
0.75
4
4.5
0.25
-0.5
1.75
-2
2
0.5
1
-0.5
-3
-1.5
-1
-2.25
1.25
0
-0.25
-1.25
0
-0.25
-0.25
0.5
0.75
10
1
-0.75
-7
-6.5
0.5
-1.5
0.25
0
-1
9.75
-3.25
-2.75
2.25
4.25
-3.75
-0.25
-0.75
0
0.5
-0.25
0.25
1
0.25
0
-0.5
1
-3.5
-0.25
0.25
-1.75
-0.75
-1.5
13
2.75
-1.5
2.25
-0.5
0
-0.25
-1
1
1.25
2.75
1.75
-1.5
1
1.5
-0.5
-2.25
-7
-1
-0.5
1.25
-1.75
5
2.5
0
-0.75
-3
0.5
0.5
-0.5
-4
0.25
0.75
-4.5
28.5
-3.25
-1
1.5
3
-1.75
17.5
-0.75
-1.75
-0.25
-0.5
-2
1.25
4
-3.5
1
-2
1
0.5
-0.5
1.75
0
-2.5
0.5
0.5
1.25
-0.75
0.25
1.25
16.25
0.75
1.25
0.25
-0.5
0.75
-0.5
-0.25
-0.75
0.75
1
0.25
-0.25
-0.5
-0.5
-0.75
-0.5
-2.75
1.25
0
-1
0
0
-0.25
0.5
7.25
0.75
0.75
0.75
1.5
3
-0.5
0.75
-0.5
-3.25
-1.75
-1
-1
-1
-1
-1.75
1.75
-4.25
1.75
1.25
-4
-3.5
1.5
2.25
0.5
-2.5
2.75
4.75
-3.5
1.75
-1.25
2
6.5
1
-2.75
-11.5
1.5
-0.5
2
2
-0.5
-2.25
0.25
0
0
-1
-1.25
4.25
0.75
-0.75
-1.25
3.25
2.5
-0.25
-2.25
3.5
-3.75
17.5
5.25
0.75
1.25
-0.5
1.75
0.5
-2.75
1.75
0.25
1.5
3
-2.25
-0.25
1
-0.25
-1
-0.25
-1.75
-1.25
-11.25
0
1.5
-0.5
6.75
-1.5
0
-0.75
0.5
1
-1
31
-13.25
-1.25
0.5
-1.5
-1
-2.25
-0.5
0.5
-0.5
-0.5
0.25
0.25
1.25
0.25
1
0.25
-1.25
0.25
1.25
-0.75
3.5
0.5
0.25
4
5
-0.5
-1
2.5
-3
2
2
1.5
-1.5
-3.25
-1.5
-2.75
-3.25
2
-0.25
-0.25
-2
0
0.25
-0.25
0.75
0.25
14.75
0.5
-2
-10.5
-11.25
1
-2.5
0.75
1.25
0.25
9
-2
-3.25
1.25
4.75
-2
0
-1.25
-0.25
1.25
-0.75
0.25
1.5
0
0.25
-0.5
0.75
-2.5
-1
-0.25
-1.25
-0.5
-1.75
13.5
3.5
-1
4.5
0.5
-0.5
0.75
-0.5
0.25
2.75
3
1.75
-2.25
1
1.75
0
-2.5
-6.25
0.25
-0.75
1.25
-2
5.25
4
0
-2
-3.75
0
-0.25
-0.75
-4
0.5
1.25
-4.5
28.5
-3.5
-1
0.75
4.25
-0.5
15.25
-0.25
-1.25
-1.25
-2.25
-2
1
3
-2.25
1.5
-3.25
-2
0.75
-1.5
3.5
0.25
-4.25
1
0.75
1.5
-1.25
1
1.25
22.5
0.75
2.5
1.25
0.75
1.5
-1.25
0.75
-1
0.75
1
0.25
0
-0.25
0
-0.75
-0.5
-3.25
1.25
1
0
0.75
0
0.5
-0.5
7.75
-0.25
1.75
0
0.75
2
-0.5
1
-1
-4.5
0.5
-2
0.5
0
-1.25
-2.25
2
-3.5
3
4.75
-3.25
-2.75
1.75
2.25
0
-1.5
0.75
9
1.5
1
-0.75
2.25
6
1.25
-4.25
-10.25
3.5
-1.5
3
1.25
0.25
-1.5
1
-1.25
0.25
-1.75
-2.25
12.75
1.75
-1
-0.75
4
2.5
-2.25
-1.75
3.5
-4.75
23.25
7
0
2.25
0.25
1.75
-0.75
-2.75
2
0.25
2.5
3.5
-2.75
0
1
0.25
-1
0.5
0.25
-0.75
-15.25
0.75
1.25
0.25
8.25
-3
0
-1.25
0.75
0.5
-2.5
31.75
-16.25
-0.75
0
-0.25
-1.25
-0.75
-0.75
0.5
-0.25
-0.75
-0.25
0
0.75
0.25
0.5
1.5
-0.5
1.5
-0.5
2
5
-0.75
0.75
5.5
7.5
0.5
-0.75
5.5
-4.5
1.5
3.5
2.25
-2.25
-4.5
-2
-5.25
-3.5
3
-0.5
-0.5
-4
0.25
0.5
-0.25
0.75
-0.25
16
0.75
-1.5
-12
-13.75
-0.25
-3.5
0.25
1.25
0.25
7.5
-1.25
-3.5
0.5
4.5
-1
-0.25
-1
-0.25
1.5
-1
-0.25
1.5
-0.25
-0.25
0
0.75
-1.75
-0.25
-0.5
-1.25
-1.25
-1.25
15.5
3.75
-0.75
4.75
1.25
0
1.25
-0.5
0.25
4
2.5
1.5
-1.75
0.75
1.5
0.25
-2.25
-5.75
0.75
-0.75
1.75
-1.75
4.75
4.25
0
-2.5
-4.25
-0.25
-0.5
-1.25
-4.25
0.5
1.5
-2.75
27.5
-3.25
-0.25
0.25
4
-0.25
13
1
-0.75
-2.25
-3.5
-1.75
2
2.75
-0.75
4.5
-3.75
-3.25
2.75
-3.25
4.5
0
-8.5
1.25
0
1.5
-2.25
1.5
1
26.25
0.25
3
1.75
2
2.25
-1.25
1
-1
0.5
0.75
0.25
0.25
-0.25
0
-0.75
0
-3.75
1.5
1
0
1.25
0.25
0.5
-1.25
7.5
-1
2.75
-0.25
0.25
1.75
-0.75
2.25
-1.25
-7
4.25
-1.75
1.25
3.5
-2.5
-3.5
2.75
-3.5
3.75
7.5
-1.75
-1
3
3
-1
-1
-0.25
13
6.5
-0.25
0.5
3.25
4.75
1
-5
-8.25
5
-2.75
3.75
1
1.75
-0.75
2.75
-1.5
0.25
-2.25
-3.25
23.75
1.75
-1
-0.5
3.75
3.5
-4.5
-0.75
3.75
-6.75
28.75
9
0.25
3
0.5
2
-2.5
-1.75
2.25
0.5
3.5
3.5
-2.5
0
1.25
0.25
-0.5
-0.75
1
-1.5
-22.75
1.5
0.25
0.5
8
-2.75
0.5
-1.25
0.25
-0.25
-3
31.75
-17.25
-0.25
-0.5
0.5
-1.25
-0.25
-1.25
0.25
-0.25
-0.75
0
-0.25
0.25
-0.25
0
2.25
0.25
2.5
-2
4.5
6.75
-1.5
2.25
7.75
10.5
2.25
0.25
9.75
-6
2.25
5.75
2.5
-2.75
-6.25
-2.75
-6.75
-2.5
4
-0.25
-0.5
-6
0.25
0.75
0
0.75
-0.25
15
1.5
0.5
-12.75
-14.75
-2.5
-5.5
0.5
1.75
0.25
4.75
0
-3.25
0.25
3.75
0.5
0
-0.5
0
1.5
-1.25
-0.5
1.75
-0.25
-0.5
0.5
1
-2
0.5
-0.5
-1.5
-2.25
-0.25
17.5
4.5
-0.75
4
1.75
1
1.5
-1.5
1.75
5.5
3.5
1.5
-2
1.5
1.75
0.25
-1.75
-2
1
-0.25
2
-1.75
3.5
4.5
-0.25
-2.75
-4.75
-0.25
-0.5
-2
-3.75
0
2.75
-1.5
27
-4.25
0.5
0
3.25
-0.25
9.75
1.25
0.25
-3.5
-3.5
-1.25
3.25
3.25
2.5
9.75
-2.75
-4
6
-5.5
5
-0.25
-14.25
1
-0.5
1.25
-2.75
1.5
1.25
26.25
0.5
3.25
0.75
2.5
1.5
-0.75
0.25
-0.5
0.5
0.5
0.75
0
-0.25
-0.5
0.25
0.25
-3
1.75
1.25
0.5
1.5
0
0.5
-1.5
6.75
-1
3.75
-1.25
1
2
-0.5
2.25
-1.5
-7.5
6.75
-1.75
1.25
6.75
-3.25
-3.75
2.75
-3.75
3.5
8.75
0.75
0.5
3
3.75
-3
-2
-1.25
15.25
10
-2
2
4.25
3.5
-0.5
-5.25
-6.5
5.5
-4
4.75
0.75
2.75
-0.75
2.75
-1.5
0.25
-2.25
-3.75
30.25
1.25
-2
-0.5
2.5
4.75
-5.75
-0.75
5.75
-8.5
31.5
9.75
0.75
4
-0.75
2.5
-3
-1.5
2.25
0.75
3.75
2.75
-2
0
1
0.25
0
-1.25
1.75
-2
-25.5
2
-0.5
0.5
7
-2.25
0.25
-0.25
0
-0.75
-1.75
31.75
-17.25
0.25
0
0
-1.5
-0.5
-1.75
0
0
-0.75
0
0
-0.5
0.25
-0.5
3
1.25
3
-3
6.5
6.75
-3
4.25
9.75
12
4.25
0.75
13.25
-6.75
3.5
6
1.75
-2
-6
-2.25
-7
-1.25
3.5
0.25
0
-6.25
0
0.75
0.25
0.25
-0.5
13.5
1.75
2
-11.75
-15.5
-3.75
-6.25
0.75
2.25
0.25
1.25
1.5
-2.5
1
3.5
1.5
-0.25
-0.5
0.25
1
-1
0
1.5
-0.25
-0.5
0.5
1.25
-1.5
1.25
0.25
-1.75
-2.5
0.25
19
5
-0.75
3.5
1.5
1.5
1.25
-1.5
2.25
5
3.75
2
-2
2
2
0.25
-2
2
2
0.25
1.5
-1
2.25
4.5
-0.25
-3.25
-5
0.25
0
-3.25
-3.5
-0.5
3.25
-2.5
26.25
-6
0.75
0.25
3.25
1.25
7.75
0.75
1
-4.5
-4
-0.5
4.75
2.5
5
12.5
-1.75
-4.5
7.25
-5.75
6
0
-15.5
0.75
-0.75
0.75
-2.25
1
1.75
25.25
0.5
3.5
-0.5
2.75
0.25
-0.75
-0.25
0
0.5
0.25
-0.25
0.25
-0.5
-0.25
-0.25
1.5
-1
0.5
-1.25
-0.75
-0.75
1.25
-1.25
1.5
19.5
-0.25
-0.25
-1.25
0
1
0.75
-0.5
-0.25
-0.75
1
-2.5
-3
1.75
0.5
1
1
-2.75
0
-4.25
-1.25
-1.5
-0.25
-0.25
1.25
-0.75
1
-3
-5.75
2
-1.25
0.5
3.75
1.75
-1
-4.5
0
-0.5
0
2
-0.5
-2.5
-0.25
1.25
0.5
0
-0.5
2.5
-1
2.25
-1.75
1
-1.5
3.25
-0.25
3.5
-0.5
17.5
3.25
-1.5
1.25
0.25
-1
-0.5
-1.25
0.5
0.75
0.75
0.25
-0.5
0.75
-1.75
0.75
-0.25
0.25
-1.5
0.25
-17.25
-0.5
0.5
0.25
4
-0.75
0
-1.75
0.75
0
1.25
15
-2.25
0.5
-0.25
0.25
-0.75
-0.75
-0.5
0
0
-0.25
0.5
0
0.25
0.25
0
0
-0.25
-0.25
0.5
-1.5
-0.25
0
0
1.75
1.75
0.75
-0.25
-0.25
-0.25
0.75
0.5
1
1.25
-2.5
-1.25
-0.5
1
0.75
0.25
-0.25
0
0.25
0
-0.25
0
0.25
5.25
1.75
1
-2
-1.25
-1.25
-1
-2
-0.25
0.75
8.75
-1.5
-0.5
1.5
2.75
-1.5
0.25
0
0
0
-0.25
0
0.25
-0.25
0.25
-0.5
1
-10
-0.25
-0.25
-0.75
0.25
-1.25
9.25
0.5
-1.25
-1
-1
0.5
-1.25
-1.5
2.25
0.75
1.75
0.75
-1.25
0
1.75
-1.25
-2.75
-5
-0.75
0
0.75
-1.5
2
-0.5
0
0
-0.5
0.75
0
0.25
-2
-0.25
0.25
-0.25
29.5
-2
-1.25
0.75
2
-2.75
16.25
-0.75
0.25
-2.25
-3.25
0.5
1.5
3.25
-4
6
-1.75
0.75
2
0.5
2.5
-0.25
-2.5
-1
-0.5
-0.25
-0.75
-0.5
1.75
10.25
0.75
-0.25
-0.5
1.75
-1
-0.75
1
0.25
0.5
0.25
-0.5
0
-0.5
-0.5
-0.5
1
-1.25
0.25
-1
-1
0
0.5
-1
1.5
15.5
-0.5
0.25
-1.25
0.5
1.25
1.25
0
-1.25
0.75
-2.75
-1.25
-2.25
1.5
1
2.25
0.75
-3.75
-1
-7.25
1
-2.5
0
1.25
-0.25
-0.75
1.75
-2
-2.25
1
-1.25
1.25
4.5
2
-1.5
-4.75
0.75
-0.25
0.5
2
-0.5
-3.25
-0.25
2
1.25
0.25
0.75
4.5
-0.5
1.5
-2.25
1.75
-2
3.5
-1
3.5
-2.25
15.75
4
-1.25
3
0.75
0.25
0
-1.5
0.75
0.5
0.75
0.75
-1.25
0
-1.25
0.5
0.25
-0.5
-1.25
-0.75
-10
-1
1.25
0
5.5
0.5
0.75
-2.75
0.25
0
0.5
13.25
-2.5
-1.25
0.25
-1.5
0.25
-1.25
-0.5
0
-0.5
0
0.75
0.25
0.25
0.75
0.75
0
-1
-0.25
1
-2.75
0.25
0.25
0
2.5
2
0.5
-1
-0.25
-0.5
0.75
1.25
1
0
-2.75
-1
-1.5
1.25
1
0
-0.25
-0.25
0.5
-0.25
-0.25
0.5
0.5
7.25
1.5
0.5
-3
-5
-1
-3
-2.25
0.25
1
9
-0.75
0
0
2.75
-1.5
0.5
-0.75
0
0.25
-0.25
-0.25
0.5
-0.5
0.5
-0.25
1.75
-5.75
0
-0.25
-2
0
-0.75
6.5
1.5
-2.75
-0.25
-1
0.25
0
-1.5
2
0.75
2.25
0
-1.25
0.75
1.25
-2
-3.25
-5.25
-1.5
-0.75
2
-2.5
3.25
0.75
0
-1
-1.75
1
0.25
-0.25
-2.5
0
0.25
-0.5
31.75
-4
-2
2
3.25
-1.5
16
-1.25
-0.25
-2.5
-2
0
1.25
3
-4
8
-2
0
1.75
0.25
3.25
-0.75
-4.25
-0.75
0
0
-0.5
0
1.75
15.5
0.75
1.5
0
1.5
-1
-1.25
0.5
0
0.5
0.25
-0.5
-0.25
-0.25
-0.75
-1
0.5
-2.5
0.75
-0.25
-1
1
0
-0.5
0.5
15
0.25
0.25
-0.25
1
1.75
1
0.5
-0.75
-0.25
-2
-0.25
-0.75
1.5
0
2.25
0.75
-3.75
0.25
-7.5
2
-2.75
0.75
2.25
-1.75
-1.5
2
0
1.5
-1
-1.5
1.25
5.75
2.5
-2
-5.5
2
-1
1.5
2
-0.5
-3.5
0
1.25
1.25
0.75
1
10
0.5
0
-0.75
1.75
-0.25
1.5
-1.75
2.5
-3.75
16.75
6.25
-1.75
4.5
2
2
-0.25
-2.5
1.75
0.5
1.25
2
-1.5
-0.5
0
-0.25
0
-1.25
-0.5
-1.25
-5.25
0.5
2.25
0.75
6.75
0
0.75
-1.75
0
-1
0
20.75
-5.5
-2
0.75
-1.75
0.25
-1
-0.5
0.25
-0.5
-0.25
0.25
0.5
0.75
0.5
1
0
-1.25
0.75
0
-2
1.5
-0.25
1.25
4
3.75
1.25
-0.5
2.25
-2.5
0.25
2
0.5
-1
-2.25
-0.5
-4.25
0.5
0.25
-0.25
0
-1
0.25
-0.25
0
0.5
0.5
11.75
0.75
-1
-5.25
-11
0
-4
-1.5
0.5
1
10.25
-0.25
0.25
-1.25
2.75
-0.75
0.25
-1.5
0
0.5
-0.75
-0.25
0.25
-0.25
0.5
0
1
-3.25
-0.75
-0.75
-2
-0.5
-1.25
6.25
3
-3.5
2.25
-1
-0.25
1.25
-1.75
1
1.25
2.25
-1
-1.5
1
0.75
-2
-2.5
-4.25
-0.5
-1
2.25
-2
3
2.25
-0.25
-2
-2.75
1
-0.25
-0.25
-3.25
-0.25
1.25
-0.25
31.75
-4.5
-2
1
3.5
0
13
0
1.75
-3.5
-1
0
1
2.25
-2.5
7
-2.75
-2.5
3
-0.75
3.5
-0.75
-6.25
0
-0.25
0.5
-0.25
1.25
1.25
20.25
1
2.25
1
2.25
0
-2.5
1.5
-0.5
0.25
0
-0.25
0
-0.25
-1
-0.75
0.75
-2.75
1
0.25
-0.25
2
0
-0.25
-1.25
18.5
0.25
1.25
0.25
1.5
1.75
1
1.75
-0.25
-2.25
0
0.25
0.25
2.5
-0.75
1
0.75
-2.75
2
-4.25
2.75
-2.5
1.75
3
-3
-2.25
0.75
2.75
4.75
-2.5
-0.25
1.25
5.75
2.75
-3.5
-4.5
3.75
-2.75
2.25
0.5
0
-2.5
-0.5
-0.5
0.5
0.75
0.75
17.75
0.75
-1.5
-0.25
2
0.75
-0.25
-2.25
0.5
-4
18.75
7.5
-1.75
5.75
4
2.25
-1.5
-2.25
3
1.25
3.25
3.25
-2.5
0
0.5
0
1.25
-1.5
0.5
-1.5
-9.25
1.5
3.25
1.75
7.5
-1.25
0.5
-0.75
0.25
-1.25
-0.25
27.75
-8.5
-2.25
0.5
-0.75
-0.5
-0.75
-0.25
0
-0.25
-0.25
-0.25
0.25
0.75
0.75
0.75
-0.5
-0.75
1.5
-1.5
0
3.25
-1.25
1.75
5.25
5.25
1.75
0.25
4.5
-3.75
-0.25
2
1
-1.5
-3.25
-1
-8
-1.25
0.75
-0.5
0.25
-2.25
0.25
-0.5
0.5
0.5
0.5
12.25
0.5
0
-6.75
-14.25
-0.75
-4.75
-1.5
0.75
0
12.25
-0.75
0.25
-1.25
2.75
0.25
0
-1.25
0
0.5
-0.75
-0.25
0.75
0
0
0.25
-0.25
-2
-1
-1.25
-2
-1
-1.25
8.5
3.25
-4.5
3.25
-0.75
-0.5
1.5
-1
0.25
1.25
2.25
-1
-1.25
1
0.5
-2.5
-1.75
-3.75
0.5
-0.75
2.5
-1.5
2.5
2.75
-0.25
-2.5
-2.75
1
-0.25
-0.75
-3.75
-0.75
2
0.5
31.75
-4.25
-1.25
0
3
0.75
11.75
1.5
3
-4.25
-0.75
0.5
1.25
1.75
-1
5.75
-2.5
-4.75
5
-1.25
3.75
-1
-8.75
0.5
-0.75
0.5
-1
2
0.75
23.25
1
2.5
1.5
2.75
0.75
-3
2
-0.25
0.25
0
0.25
0.25
0
-0.5
-0.5
1.5
-2.75
1.25
0.5
0
2.5
0.5
-0.5
-3
19.75
0
2.5
-0.25
2
1.5
1.25
3.75
-0.75
-5.75
2.75
1.25
2
4.75
-0.5
-1
1
-1
3
0.5
3.25
-2.5
2.25
4
-4.5
-3
-0.5
6.25
7.5
-3.25
0.75
1.5
4.25
2.75
-4.5
-2.5
5
-3.75
2.5
0
1.25
-2
0.25
-0.5
0.5
0.5
0.25
24.5
0.5
-2.25
-0.5
2.5
1.25
-1.5
-1.75
-1
-4.25
20.25
8.25
-1.5
6
5.5
1.75
-3.25
-1.75
4
1.75
4.75
3.5
-2.75
0
1
0.25
2.5
-2.25
1.25
-1.75
-16
2.25
3.5
2
6.25
-2
0
0
0.5
-0.5
-0.25
29
-9.25
-2.5
0.25
-0.25
-1
-1
-0.25
0
-0.25
0
-0.25
0.25
0.25
0.5
-0.25
-0.75
0
2
-3
2
5
-1.75
1.75
6
6.25
2.75
0.5
6
-4
-0.5
2.75
1
-2
-5.25
-1.25
-10.75
-2
1.5
-0.25
0.25
-3
0
-0.5
1.25
0.25
0
11
0.5
1.5
-7
-15
-2.25
-6.25
-0.75
1.25
-0.75
12.25
-1
0.75
-0.75
2
0.75
0.25
0
0.25
0.25
-0.25
-0.25
0.75
0
-0.25
0.5
-0.5
-1.25
-0.5
-0.75
-0.75
-1.75
-1.25
9.25
3.25
-5
3.25
-1
0
2
-1.25
0
1.75
2.25
-1
-1
1.5
0.5
-3.25
-1.25
-3.5
1.75
-0.25
2.75
-1.25
1.25
2.75
-0.25
-2.75
-3.25
0.5
0.75
-2
-4
-0.5
2.75
0.5
31.75
-5
0
-0.5
2.75
1.5
11.25
2.5
3.5
-4.25
0.5
0.75
1
2
1.75
7.25
-1.75
-6
8
-3.75
3.75
-1.75
-14
0.5
-1.25
0.5
-2.25
2.25
1
22.75
1.25
2
1.25
3
0.75
-2.25
1.75
-0.75
0.5
0.5
0.75
0.25
0.25
-0.75
-0.25
1.25
-2.25
1.25
0.5
0
3
0.5
-0.5
-4.75
20
-0.5
3.75
-1.25
2.25
0.75
2.25
5
-1.5
-7
3.75
1
3.5
7.25
0.75
-3.25
2.25
0.75
4
4.75
2.5
-2.75
3.25
4.5
-6.25
-3.75
-1.75
8.25
9.5
-4
1.5
2
3.25
2.25
-4.5
-1.75
5.5
-4.25
3
-0.75
1.25
-1.75
0.5
0
-0.25
0.5
-0.5
28.25
0.25
-3.25
-0.25
2
2.75
-2.75
-1.5
-0.5
-4.5
20.75
7.5
-0.75
5.75
4.5
1.5
-3.75
-1
4
1.75
5.25
2.75
-2
-0.25
1
0
3.5
-2.5
2
-1.75
-20.25
3.25
2.25
1.75
4
-2.5
-0.5
1
1.25
0.25
0.25
24.75
-8.5
-1.75
0.75
-0.5
-1
-2
-0.25
-0.5
0
0.25
-0.25
0
-0.5
0.75
-1
-0.25
1.75
2.75
-4.25
4.5
5.5
-3
2.25
7
7
4.25
0.5
8
-4.25
0
3
-0.25
-2.25
-6
-0.25
-11.75
-1.75
1.75
0
0.5
-3.25
0
-0.25
1.25
0.25
-0.25
9
0.5
2.5
-6.5
-15.75
-3
-7.25
-0.25
2
-1.25
9.25
0
1.75
0
0.5
1.5
0.5
0.25
0.25
-0.25
-0.25
0.5
1
0
0
0
-1.25
-1.25
-0.25
-1
0
-2.5
-1.25
9.25
3.5
-4.5
3
-1
0.5
2.25
-1.75
0.5
1.5
2.75
-0.25
-1
1.5
1
-3.25
-1.5
-2.75
2.75
0.75
2.25
-0.75
1.25
2.75
0
-3
-3.5
-0.25
1.25
-2.75
-3.25
-0.75
3
-0.75
31.75
-6
0.75
-0.75
2.5
2.25
10.25
3
4.75
-4.5
1.75
1.75
1
1.5
3.75
8.5
-0.25
-6
9
-4.5
3.5
-1.5
-15.75
0.25
-1.5
0.75
-2.5
1.75
1.25
21
1.5
1.25
0.25
3.25
0
-1.5
1.75
0.25
0
0.25
0.25
0.25
-0.25
-0.5
0
0.5
0.25
0
-0.75
-0.5
-0.5
0.5
-1
0
22
-0.75
-0.25
-1.5
0.25
0.5
-0.5
-2.75
-0.25
-3.75
13.75
-2
-0.25
-0.25
-2.5
3.5
0
1.25
-0.75
-5.75
1
-1.5
-1.25
0
0.25
0.25
-0.25
-3
-3.5
1
-2
-0.25
1.75
0.75
-1
-2.75
-0.5
-0.75
-0.25
1.25
0.25
-5
0.25
2
0.75
0
0.25
17.5
-0.5
3.75
-1.25
-1.75
-2.5
0.75
1.75
3
-1
25.75
4.75
0
2.5
0
-1.75
-2
1
0.5
2
2
-0.25
0.25
1
-2.75
0
0.25
1
0.25
1.25
-19
-2.25
0.25
1
2.25
-1.25
0.25
-1
0.5
-0.25
0.75
21.5
-0.75
-0.5
-0.25
1.75
0.25
0
-1.25
0
0.5
0.5
0.25
0
-0.5
0.5
-0.5
0.75
0
0.25
-0.25
-1.25
-0.25
0.5
-1
-0.5
-0.75
-0.25
-1.25
-2
0.5
-1.5
1.5
0.25
1.25
-2.75
-1
0.25
2
0.5
0.5
-0.25
0.25
0.25
-0.25
-0.25
0.25
0.25
7.5
1.5
-0.25
-0.25
-0.5
0.25
-2.5
-1.25
-0.75
1
12.25
-2
0.5
1.75
2.5
-0.75
0.25
-0.25
-0.5
0.5
-0.5
0
0
-0.5
-0.25
-0.25
0.5
-19.5
-0.75
1
0.25
0.25
0
11.5
-0.25
-0.75
-1
-0.75
1
-0.75
-3
3.5
1.25
2
0.5
-2
1.25
1
-1.5
-1.25
3.5
-1
0.25
2
-1
0.75
-0.75
-0.25
-0.5
-0.25
-0.5
-0.25
0.25
-1.75
0.25
1.5
0.25
28.75
-1.75
-2.25
-0.5
2
-1
14
-2.75
0.25
-2.75
-1.75
1.5
2.25
3.5
-0.75
9
-0.75
1
4
-1.75
-0.75
0
-3.5
-0.25
-0.75
-0.25
-0.25
-0.5
1.5
14
0.25
0
0.25
0.75
-0.5
0.25
-0.25
0.25
-0.25
0.25
0
-0.25
-0.75
-0.5
0
0.5
0
-0.5
-0.25
-0.5
-0.25
0.25
-0.75
0.25
20.5
-0.25
-0.75
-1.5
0
1
-0.75
-2.75
-0.25
-1.75
10.25
-1
0
0.5
-1.5
4.25
0
1.5
-2
-10.5
3.5
-2.5
-2.25
0.5
-0.25
0.5
0
-3.5
-3
1.25
-2.5
0.25
1.75
1.25
-1.25
-2.5
1.25
-0.25
0.25
2
0
-5
1
2
1.25
-0.25
1
17
-0.75
2.25
-1.25
-1
-2.25
1.25
1.5
2.5
-0.75
22
4.75
-0.25
3
0.5
-1.5
-0.5
-0.5
0.75
1.25
1
0.5
0
0.25
-2
0.75
1
0.25
1.5
0.75
-11.25
-2
0
1
2.25
-0.5
0.25
-1.5
0.5
-0.25
1
17.5
-0.75
-1.25
-0.75
0
0.25
-1.75
-1
-0.5
0.25
0.5
0.25
-0.5
-0.5
2
0.25
0.25
-1
-0.5
0.5
-3
-0.5
1.5
-0.5
1
0.25
0
-1
-1
0.5
-0.5
1
0.25
-0.25
-2.75
-0.75
-0.75
1.5
0
0.25
0
-0.25
0
-0.75
-0.25
0.5
0.25
9.5
1.5
-1.75
-1.25
-3.25
1.25
-4.5
-0.75
-1
1.25
14.5
-2.5
1
0.75
2
-2.25
0.25
-0.75
0
0.5
0
0.5
0
-0.25
0.5
-0.25
0.75
-15.75
1.25
1.75
-0.5
-0.5
0.25
8.5
0
-1.5
-0.75
-1.25
1.25
1
-2.75
3.25
0.75
1.5
0.75
-1.75
1.75
0.75
-1.5
-2
2.25
-2
0
2
-1.25
1
0.25
-0.75
-1
-1.5
-1
0.25
0
-2
0.5
1.5
-0.75
31.75
-3.25
-2.75
0.75
3
0
16
-3.5
-1
-1.25
-1.5
1.5
0.25
2
-2
12
-1.25
0.25
3
-1.5
0
0.25
-5.25
-0.25
-1
-0.5
0.25
-0.25
1.25
14.5
0.25
1
0.25
0.75
-0.5
-0.25
-0.5
0.25
0
0.25
0
-0.25
-0.75
-0.5
0.25
0
-1
0
0
-0.5
0.5
0
-0.25
-0.25
24.75
0.25
-0.75
-1.25
-0.25
0.75
-0.5
-2.75
0.75
-1.25
8.75
0
1.5
0.25
-1
3.75
0.25
0.75
-2
-13
3.25
-3.75
-2.5
1
-1
0.75
0.25
-2.75
-2.5
0.5
-2.5
-0.25
1.75
2
-0.75
-1
2.5
0
1.5
2
-0.5
-4.5
0.75
0
1.75
-0.5
0.25
14.5
-0.25
1.25
-0.25
-1
-1.5
0.5
0.5
1.25
-1
17.25
5
-1.75
3
1.75
-0.75
0
-1.5
1.25
1.5
1.75
1.75
-0.5
0.25
-1.5
1.5
0.75
0.75
3.25
1
-8
-1.5
0
1
1.75
0.25
0.25
-1.5
0.25
-0.25
0.5
20
-2.25
-1
-0.25
-0.5
0.5
-1.75
-0.5
-0.5
0.25
0
0.25
-0.25
-0.75
1.75
0
-1
-0.75
0.75
-0.75
-1.5
1.5
1.25
1.5
2.5
2
0.75
1
1
-1.25
0
0.5
0
-1
-2
-0.75
-3
0.25
-1
0.25
0.5
0
0
-1
-0.5
0.75
0.75
11.25
1
-3
-1.5
-5
2
-4.75
-0.5
-2
0.25
17.25
-2.5
1
-1
0.75
-3.25
0.5
-1
0.25
0.25
0.25
0.75
-0.25
0
1.25
0.25
-0.5
-14
1.75
0.75
0
-1.5
0
9.5
0.5
-3
-1
-1.5
0.75
2.25
-2.75
2.75
0.25
2
0.75
-2
2.75
1.25
-1.5
-2
3
-1.75
-0.25
1.75
-0.75
-0.75
0.75
-0.75
-1.5
-1.5
-1
0
-0.25
-2.5
0
2
0.5
31.75
-2.75
-2.25
0.75
2.75
0
19.75
-2.5
-1
-0.5
-0.75
1.25
-0.75
0.5
-3.5
9.5
-1.5
-1.5
2.25
0.25
1
0.5
-5.25
0.25
-1
-0.5
0.25
0.25
0.25
13.75
-0.75
1.25
0.75
0.75
-0.25
-1.25
0
-0.25
0
0
0.25
0.25
-0.5
0
0.25
0
-1.25
0.5
0.25
-0.25
1.5
-0.25
0.25
-0.25
30
0.75
-0.75
-1
0
0.75
-0.25
-1.75
1.5
-2.75
10.5
0.25
1.75
0.75
-1
2.75
0.25
0
0
-13.25
2.25
-4
-0.75
1.25
-1.25
0.25
0
-0.75
-1.5
0
-1.5
-0.5
2.25
2
-1.5
1.5
4.5
-0.75
1.75
1
-0.75
-3
0.25
-1.5
1.25
-0.5
-0.25
16
0
0.75
0
-0.25
-0.5
-0.5
0
0
-0.75
14
5
-2
3.25
3
0.5
-1
-1.25
2.25
2.75
4
2.25
-0.75
0.5
-0.75
2.25
1
0.25
2.75
0.5
-13.75
-1
0.5
1
0
0.25
0.25
-0.25
0
-0.25
0.75
23
-4
-0.75
0.25
0.75
0.25
-0.75
0
-0.25
0
-0.25
0.25
0
0
1
-0.5
-1.75
0.25
1.75
-2.5
1
3.5
0.5
2.25
2.25
2.5
1
2.5
2.25
-2.75
-0.5
-0.5
0.25
0.25
-2.5
-1.25
-4.5
-1.5
-1
0.25
0.75
0
0
-0.75
-0.5
0.75
0.75
10
0.5
-1.75
-1
-5.75
1
-4
-0.75
-1.75
-0.75
21
-1.75
0.75
-1.5
0.25
-2.75
0.5
-0.25
0.5
0
0.5
0.5
0
0.25
0.75
0.5
-1.5
-14.5
1
0.5
0
-1.25
0
13.25
0.25
-3.25
-1
-1.5
0.25
1.5
-2
1.75
0.25
1.5
0.5
-1.5
2.75
0.75
-2.5
-1.75
4.25
-1
-0.25
2.5
-0.5
-2
0.25
-0.25
-1.25
-1
0
0.25
-0.5
-2.75
-0.5
2
1
31.75
-2
-1.5
0.75
2.25
1
22.75
-1.75
0
-1.25
-0.25
1.25
0.25
0
-3
6.5
-1.25
-4
2.75
0.75
2
0
-5
0.5
-1
0
0
1
-1
14.75
-1.75
1.5
0.75
0.25
-0.25
-1.75
0.5
0.25
0
-0.25
0.25
0.25
0
0.5
0
0
-1.25
0.75
-0.25
-0.25
2.25
0
0.25
-0.25
30.75
1.25
-0.5
-0.75
1
0.75
-0.25
-0.75
0.75
-4.25
11.75
0.25
1.75
1.75
-0.25
1
0.5
1
1
-10.5
1
-4.5
0.75
1.75
-1
-0.75
-0.5
1.75
-1.25
-0.25
-0.5
-0.75
2
2
-1.75
5
5.75
-1.5
1
0.5
-0.25
-2.25
0.25
-1.25
0.75
-0.5
0
18
0.25
0.5
-0.5
1.25
0.25
-0.5
0
-1.5
0
10.5
3.75
-2.25
3.25
3.75
0.25
-2
-0.75
2.75
3.25
5
2
-0.75
0.5
-1
2.75
2.5
-0.75
1
0
-21.25
-0.5
0
1.5
-2
0
-0.5
0.75
0.5
0.25
0.5
22.25
-4
-1.25
0.25
1.5
0
-0.5
0.25
0.25
0
-0.25
0
0.5
0.25
0.5
-0.75
-1.5
1.25
1.75
-3.25
3.25
4.25
0
3
2.75
3.25
1.75
4
2.5
-3
-1
-0.25
0.5
1.25
-4.5
-2
-6.25
-2.75
-0.75
0
0.25
0.25
0
-0.75
-0.25
0.5
0.25
7
0.5
-0.75
-0.5
-5.75
-0.5
-4.25
-0.25
-1.5
-1.25
21.75
-1.5
1.25
-1
0.25
-1.75
0.75
0
0.25
0.25
0.5
0.25
0.25
0
0
0.75
-1.25
-15
0
0.5
0
-0.75
0.25
15.25
-0.25
-3.25
-1.25
-1.25
0.5
0.75
-1.75
1
0.25
1
0.25
-1
2.25
0
-5
-1.25
5.75
0.25
0
3.5
-0.5
-2.75
0
0.75
-1
-0.75
0.75
1
-1.25
-2.25
-0.5
2
0.25
31.75
-1.25
-1.25
0.75
1.5
2.25
23.75
-1.25
0.75
-1.25
0.75
1
1
0
-1.75
5.75
-1.25
-4.75
4.25
0.25
1.75
-0.75
-7
0.5
-0.75
0.25
-0.5
1.25
-1.25
14.75
-2
0.75
0.25
-0.5
-0.25
-1.25
0
0
0.25
0.25
0.25
0.25
0.25
0
0
0.5
-1.25
1.25
-0.25
-0.5
2.5
0.25
0
-0.25
30
1
0.25
-0.75
2
0.75
0.5
-0.5
-0.5
-4.5
11.5
-0.25
3.25
2.5
2.5
-0.75
0.5
2.75
2.25
-6.25
-0.5
-5.5
1.5
2.25
-1.25
-0.75
-1
3.75
-2
-0.25
0.25
-0.25
1.75
3
-1.5
5.75
6.25
-1.75
0.75
-0.5
-0.5
-1.25
0.25
-0.75
0.25
-0.5
0
17.5
0.75
-0.75
-0.5
2.25
1.25
-1
0
-1.75
-0.75
8.5
3.25
-1.75
3.25
3.5
-0.5
-2.5
0
2.5
2.75
4.5
0.75
0
0
-1.75
3
4.25
-0.75
-0.75
0
-23.75
-0.5
0
1
-3.25
-0.5
-0.75
2
1
1.25
0.75
16.25
-3
-0.75
0.5
0.75
0.25
-1
0.25
0.25
0
0
0.25
0.5
0
0
-0.75
-0.25
3
1.75
-3.75
5.75
4.25
-1
3.25
4
3.75
3
4.75
3.25
-2.75
-0.75
-0.75
0.5
2
-6
-2
-7.75
-3
-0.5
-0.25
0.25
0.25
0
-0.5
-0.25
0.25
-0.25
4.5
0.75
0.25
0.5
-6
-1.5
-5.25
0.25
-0.5
-1.25
18.5
-1
2.25
-0.25
0
-0.25
0.5
0
0
0
0
0.25
0.25
0
-0.5
0.75
-1
-15.5
-0.25
0
0
-0.25
0.75
14.5
-0.5
-1.5
-1.25
-0.75
0.75
0.25
-1.5
0.75
0.25
0.75
0.25
-0.75
1.75
0
-6.5
-1.25
3.25
0.5
0.5
4.5
-0.25
-1.75
-0.25
1
-1
-0.5
0.75
1
-1.25
-1
-0.5
1
-1
31.75
-1.25
-1
1.75
1.5
3.25
22.25
-1
2.25
-1.25
1.75
1.25
0.75
-0.25
-0.5
5.5
-1.25
-4.5
5.25
-0.75
1.25
-0.75
-7.25
0.75
-0.75
0.25
-0.5
1
-1
14.25
-2.25
0.5
-0.25
-1
-0.25
0
-0.5
0.5
0
0.25
-0.25
-0.25
0
0
0.5
0.5
0.25
-0.5
-0.75
-1.25
-0.25
1.25
-1.25
-0.25
17.25
0.75
-0.5
0.5
0
0.5
-0.75
-3
0
-9.75
25.25
-1.5
1.75
3.5
-7.75
2.5
0.75
2
-1.5
-5
3.75
0.25
-1.75
-0.5
0.5
1
-1
-1.25
-1.75
0.25
-1.25
-1.25
-1.25
0.75
-0.5
0.75
1.5
-1
2
1.5
1
-3.25
0.25
0.75
0.75
0.25
-1.5
21.25
0.25
2
0.5
-3.25
-0.5
-3.5
0.5
1
-2.25
31.75
8.75
1.5
2
1.5
-1
-1.75
1.5
0
1.25
2
-0.5
0
1
-4
-1.5
0.25
3.25
3.5
3.75
-19.75
-3.25
0.25
0.5
-0.25
-1
0.75
-0.25
0
-0.25
0.75
30
-1.25
-1
0.75
1
1
1
-1
0
0.5
-0.25
0.25
0
-0.25
-0.5
-0.25
-0.75
-0.75
-0.75
-0.25
-1.5
0.25
0
-0.25
-0.5
-1
-0.75
-0.75
-0.75
-1
-2
2.5
-0.75
1.25
-3.5
-1.5
2.25
2.5
0
0.25
-0.25
-1.5
0
-0.5
-0.25
0
0.75
10.25
-0.25
-2.25
-0.75
-0.25
2.5
-1.5
0.5
-1
-0.75
8.25
-3
-0.75
1.5
2.75
-0.5
0.25
-0.25
-0.25
0.25
-0.25
0
-0.25
-0.75
0.5
0.75
-0.25
-22
0
1.25
1
-1.5
1.25
20.25
-0.5
0.75
0.25
-0.25
0.75
-2
-5
5.75
1.75
3.25
2.75
-2.5
1.75
1.5
-0.25
2
12.25
-0.75
0.5
1.5
-0.5
-1.5
0
-1.25
-0.75
-1
-2.5
0.75
0.25
-1.5
1.25
1.5
0.5
22.75
-3
-2.75
-2
3
-1.25
18
-1.25
-1
-1.25
-1
0.5
2.25
3.25
0.75
11.5
-0.5
1.25
7.25
-1.25
-3.25
-0.25
-3.5
0.25
-1.25
0.75
1.5
0
0
16.25
0
0
2.5
0.75
1
-1.25
0.25
0.75
0
0.25
-0.25
-0.75
-0.5
0
0.5
0.5
0.5
-0.75
-0.75
-1
0.25
0.5
-1
-0.25
21.5
0.5
-1
-0.25
-0.25
0.75
-1.25
-3
0.5
-9.75
26.75
-1
1
4
-6.75
2.5
0.75
2.25
-3.25
-8.75
5
-0.5
-3.25
0
0.75
1.5
-1.25
-1.5
-4.5
0.25
-2
-0.75
-1.25
0.5
-0.25
-0.5
1.5
-0.25
2
1.5
0.5
-2.75
0.75
0.25
0.75
-0.25
-0.25
19.25
0.25
2
0.5
-3.75
0.25
-2.5
1.5
0.25
-1.75
31.75
9.75
1.25
2.25
2
-0.75
-0.5
0.5
0
0.25
1
0
0.5
0
-2.5
-0.75
1
2.25
2.75
2.75
-18.5
-4
-0.25
0.5
0.5
-0.25
0.5
-1
0.75
0.25
1.5
30.75
-2.5
-1
-0.75
0
0.25
-1
-0.75
0
0.25
0
0.25
-0.25
0
0.25
-0.25
-0.75
-0.75
-0.5
0
-2.25
0.75
1
0.25
1
2.25
0
0.25
1.25
-2.5
-0.75
1.75
-1.25
0.5
-2
-0.75
1.5
0.75
-1
0.25
-0.25
-0.25
0
-0.75
-0.25
0.25
0.5
12.5
0
-3.75
-1.75
-3.5
3.75
-2.5
1
-1.75
-1
10.25
-3.5
0
2.25
2.25
-1.25
0.5
-0.5
-0.25
0.25
0
0.25
-0.25
-0.5
0.5
0.25
-1
-22.5
1.25
1.5
0.25
-1.5
0.5
22
-0.25
0.5
1
-0.75
1
-1.5
-4
4
1.25
1.75
2
-1.75
2
0.75
-0.25
1
10
-1
0.75
0.5
-0.25
-1
1
-1.5
-0.75
-1.25
-2.25
1.5
0.25
-1.5
1.25
2.25
-1
31
-4
-2.5
-2.75
2.25
-1
23
-1.5
-1.5
-0.5
-0.75
0
1
1.5
-1.75
13
-1
0.5
5.5
-0.5
-2
0.25
-4.5
-0.25
-2
0
1.25
0.75
-0.5
16.5
0.25
0.5
3
0.75
1.5
-1.5
1
0
0
0
-0.25
-0.5
-1
-0.5
0.5
0
0.25
-0.5
-0.75
-1
0
0.25
-0.75
-0.5
26.5
0.5
-1.5
-0.75
-0.5
1
-1.75
-2.5
1
-6.25
21.75
-0.5
0.5
2.5
-4
2
1
1.5
-3.25
-11
4.75
-1
-4
0
1.5
2.25
-1.75
-0.75
-5.75
0.25
-1.75
-0.5
-1.5
-0.25
1
0.25
1.5
0.5
1.5
1
-0.5
-1.25
0.25
-1.5
0.75
-1
-0.5
13.25
-0.5
1
1
-3.25
0
-1.25
1.25
-0.5
-1.5
26.75
9.25
-0.5
2.25
2.25
-0.75
0.25
0
0.5
0.25
1.25
1
0.25
0
-2.25
1
1.25
2.5
3
2.75
-19.25
-3.75
-1.25
0.5
0.25
0
0.5
-0.75
0.25
0
1.75
28.5
-3
0.25
-1.25
0.5
-0.25
-1
-0.75
-0.25
0.25
-0.5
0.25
-0.5
-0.25
0
-0.75
-1
-0.25
0.5
-0.5
-1
1.25
0.75
2.25
2.25
4
0.75
2.25
2.75
-3.5
1
1.5
-1
-0.5
-0.5
-0.75
0
-0.75
-1
0
0
0.75
0
-1
-0.5
0.5
0.5
12.25
0.5
-4
-1.75
-3.75
3.5
-1
0
-2.25
-1.25
13.5
-3.25
1
1.75
0.25
-1.5
0.75
-1
-0.25
0.25
0.25
0.5
-0.5
-0.25
0.25
0
-1.5
-23.75
1.5
1
0.5
-2
0
23
-0.5
-1
0
-0.5
0.5
0
-3
3.25
0.75
2
1.25
-1.75
2.75
1
0
-0.25
6.25
-0.75
0.75
-0.5
0.75
-2.25
1.25
-1.5
-1.25
-1.25
-1.5
1
0.25
-1.5
0.75
1.5
0.25
31.75
-3
-1
-2.75
1
-2
28
-0.75
-1
-0.5
-1
1
0.25
-0.5
-3.75
9.75
-1
-0.75
3
1
-0.5
0.25
-4.5
-0.25
-2
-0.5
0
1.25
-1
12.75
-0.75
0.5
2.75
0.25
1.25
-0.5
0.5
0
0
0
0
-0.25
-0.5
-0.25
0.25
-0.25
0.75
0
-0.5
-0.5
-0.5
0.25
-0.5
-0.25
31.75
0.25
-0.5
-1
0
1.25
-1.75
-1.5
1
-4.75
19.5
-0.25
0
2
-2.75
2.5
1
0
-2.25
-14.25
3.5
-0.75
-2.75
0.25
1.25
2
-1.75
1.5
-4.5
0
-0.25
0
-2.5
-1.75
0.75
3.25
2.5
0
0.75
0.25
-0.75
1.25
0.25
-3.25
0
-1.75
-2
13.25
-0.75
0.25
1.25
-2.75
-0.25
-1.75
1
-0.75
-1.5
24
9.25
-0.75
2.25
2.25
-0.25
0
0.25
0.75
1
2
1
0
0.25
-2
2
1.75
2.5
2.25
2.5
-25
-2.75
-1.75
0.5
-2
-0.25
0.75
1.5
0.5
-1.25
1.75
27.75
-4.75
0.5
-0.5
0.5
-0.25
-1
-0.25
0
0.25
-0.5
0.25
0
-0.25
0
-0.75
-0.75
0.75
1.5
-1.25
1
2.25
-0.5
3.5
2.75
4.25
1.25
3.5
3.5
-3.5
1.5
1
0.25
0.75
-0.5
-1.5
-1.5
-2.25
-1
0.25
0.25
0.25
0.25
-0.75
-0.75
0.75
0.75
10.25
0.5
-3.25
-0.5
-3.75
2.75
0.5
-0.5
-2
-1.5
16
-2.5
1.5
0.5
-2
-0.75
0.5
-0.5
0.25
0
0.25
0.5
-0.25
0
-0.5
0
-1
-27.5
1.25
1
0.5
-1.75
0
26.75
-1.25
-0.5
-0.25
-1
0.25
-0.25
-2.75
3
0.5
2.25
1
-1.75
3
1.5
0
-0.5
5.25
-0.5
0.25
-0.5
0.75
-3.5
1
-0.5
-1
-1
0
0.5
0
-1.75
-0.5
1
1
31.75
-2.25
-0.5
-1.5
-0.25
-2
31.75
-0.75
-0.5
-0.75
-0.25
1.5
0
-1.5
-3.5
7.25
0
-2.5
1.75
1.5
1.25
-0.5
-4
-0.5
-1.5
0.25
-0.75
1.75
-1.25
12
-1.75
0.5
1.5
0.5
0
-0.25
0.5
0.25
0
0
0.25
0
-0.25
0
0.25
-0.5
0.5
0
-0.25
-0.25
0
0
-0.5
0
31.75
0.25
0
-0.75
1.25
1.5
-0.75
-1.25
0
-5
19.25
-0.5
-1
2.25
-2.25
3
0.75
-0.25
-1.5
-15.5
2.5
-0.75
-1.5
0
0.75
1
-1.25
3.5
-3.5
-0.25
0.75
0.5
-3
-3
0.75
6.5
3.75
-0.5
0
0
-0.5
0.75
0.25
-2.5
0.5
-1.75
-1.5
13.25
-1.25
0.75
0.5
-1
-0.5
-0.75
1.25
-0.75
-1
19.75
7.25
-0.25
2
2
0.25
0
0.25
1
1.25
2.5
1.25
0
0
-1.5
2.25
2.75
1.25
-0.25
1
-31.25
-2
-2
1
-4.25
0
1.25
3.75
1
-2
1
25.25
-5
-0.25
0.25
0.75
0.25
-1
0
0.25
0.25
-0.25
0
0.25
0.25
0.5
-0.5
-0.5
1.5
1
-1.5
2.75
2.75
-0.5
3.5
2.75
3.5
1.75
3.75
3.25
-3.25
1
1.5
0.5
2
-1.5
-2
-1.75
-2.25
-1.25
-0.25
0.25
-0.5
0.25
-0.75
-0.75
0.5
0.5
7.75
0.5
-2.25
0.5
-3.5
1.75
0.25
-0.25
-1
-0.75
15.5
-1.75
2.25
0.5
-2.25
0.5
0.5
-0.5
0.25
0.25
0.25
0.5
0
0.25
-1
0
-0.25
-28.5
0
0.75
0
-0.75
0.25
27
-1.75
0
-0.75
-1.5
0.75
-1
-2.25
2
0.5
1.5
0.75
-1.25
2.25
1
-0.75
-0.25
6.5
0
0.75
-0.75
0.25
-4
0.5
0.75
-0.5
-0.5
1
0.5
0
-1.5
-1
1
0.75
31.25
-1.5
-0.75
-0.5
-0.5
0
31.75
-1
0.75
-1
0.75
1.25
0.75
-1
-2
7.5
-0.5
-3.25
2.5
0.75
1.25
-1
-5.25
-0.5
-1
0.5
-1
1.5
-0.75
11
-2
0
0
0
-0.25
-0.5
0.25
0.25
-0.25
0
0.25
0.25
0.25
-0.25
0.25
-0.25
0.25
0.75
0
0
0.75
0.25
0
0.25
31.75
-0.5
1
-0.75
2.25
1.5
0.5
-1
-0.75
-4.75
17.5
-0.75
-0.75
2.25
-0.5
2.5
0
1.75
-1
-15
2
-1.5
-0.75
-0.75
0.5
0
-1
4.25
-4
-0.5
1.5
1
-2.25
-2
0.75
7.5
5.25
-0.5
0.25
-0.25
-0.25
0
0
-1.25
0.25
-1
-0.75
14.5
-1.25
0.5
0
0.75
0
0.25
1.75
-0.5
-0.75
15.25
5.5
-0.25
2.25
1.5
0
-0.5
0.25
1
1
2.25
0.5
0.25
-0.25
-1.5
2.25
4
0.25
-1.75
0
-32
-1.25
-1.25
0.5
-4.75
-0.25
1.25
5.75
1
-2.5
0
17.25
-3.25
-0.5
0.5
0.25
1
-0.5
0.25
0.25
0
0
0.25
0.25
0
0.25
-0.25
0.25
2.25
0.25
-1.25
4.5
2.25
-0.75
3.25
3
3
3.25
4
3.25
-2.25
1
1
0.5
3
-3.5
-1.5
-2.25
-2.25
-0.75
-0.75
0.5
-0.5
0
-0.75
-0.5
0.25
0.25
4.5
0.5
-0.75
1.5
-4
0.5
-1.25
0.25
0
-0.25
12.75
-1
2.75
1.25
-2.5
1.5
0.25
-0.25
0.25
0.25
0.25
0.5
0
0
-1
-0.25
0
-27.25
-0.25
0.5
-0.5
0.25
0.5
23
-1.5
1.25
-1
-1.25
0.75
-1
-1.5
1
0.5
1
0.5
-0.75
1.5
0.25
-1.75
-0.5
5.25
0
0.75
0.5
-0.25
-2.75
0.5
1
-0.5
-0.5
1.25
0.5
-0.25
-0.5
-2
0.75
0.5
29.5
-1.5
-0.75
0.75
-0.25
2.5
31.75
-1.5
2.75
-1
1.5
1.5
0.75
-0.5
0
6
-0.25
-2.75
2.75
0
0
-0.75
-5
-0.5
-1
0.5
-0.75
0.75
-0.25
10.25
-2.5
-0.25
-0.75
-0.5
-0.5
0
-0.25
