-0.0435791016
-0.0784912109
0.0470581055
-0.0241088867
0.0391235352
-0.0224609375
-0.0559082031
0.0292968750
0.0349121094
-0.0172729492
0.0713500977
0.0560302734
-0.0478515625
-0.0228271484
-0.0130615234
0.0744018555
0.0349731445
-0.0086669922
0.0032958984
0.0296630859
0.0420532227
-0.0065917969
0.0278930664
-0.0250244141
-0.0294799805
0.0021972656
0.0233154297
-0.0155029297
-0.0296630859
0.0096435547
0.0135498047
-0.0043945312
-0.1532592773
-0.0866088867
-0.0843505859
0.0242309570
-0.0132446289
-0.0936279297
0.1282348633
-0.0352172852
-0.0878906250
-0.0633544922
-0.0880126953
-0.0438232422
0.0226440430
-0.0665893555
-0.0461425781
0.1112060547
-0.1975708008
0.1791992188
0.2675781250
-0.2686157227
0.2494506836
-0.2320556641
-0.2191162109
0.1788940430
-0.2520141602
-0.2203369141
-0.2451171875
-0.1660766602
0.2315673828
0.2366943359
-0.2392578125
0.2053833008
-0.0003051758
-0.0021362305
0.0149536133
0.0038452148
0.0133666992
0.0057983398
-0.0094604492
-0.0039062500
-0.0015869141
-0.0023803711
0.0063476562
0.0038452148
0.0121459961
0.0021972656
0.0050048828
0.0072631836
-0.0970458984
-0.1668090820
0.0515747070
0.1484985352
-0.1206054688
0.1604003906
-0.0750122070
0.1708374023
0.1457519531
-0.1264038086
0.1234130859
-0.0850219727
0.1823120117
0.0511474609
0.1359252930
0.1566772461
0.0443725586
0.0352172852
0.0856933594
0.0524902344
-0.0588378906
-0.0064697266
0.0562133789
0.0636596680
-0.0536499023
-0.0091552734
0.0031127930
0.0435180664
0.0366210938
-0.0240478516
-0.0340576172
-0.0470581055
-0.0823364258
-0.1195678711
0.0563964844
-0.0231323242
-0.1342163086
0.1047363281
-0.1162719727
-0.0897216797
-0.0419921875
0.1746826172
-0.0695190430
0.1250610352
0.0734863281
-0.1621093750
-0.0930786133
-0.1119384766
-0.3417968750
0.3232421875
0.0106201172
-0.0328979492
-0.3801269531
-0.0311279297
0.0461425781
0.3522949219
-0.3508911133
-0.0272216797
-0.0285644531
0.3350830078
0.0134887695
-0.1959838867
0.0527343750
0.3225708008
0.0974121094
-0.0227050781
-0.0263671875
0.0496826172
0.0016479492
0.0101318359
-0.0292968750
-0.0183105469
-0.0086669922
0.0479736328
-0.0658569336
0.0184936523
0.0563354492
-0.0238647461
0.0158691406
0.0003662109
