-0.0135498047
-0.0081176758
0.0275878906
-0.0514526367
0.0073852539
-0.0462036133
-0.0391235352
0.0059204102
0.0064086914
-0.0430297852
0.0224609375
-0.0325317383
0.0049438477
-0.0075683594
0.0122680664
0.0159912109
-0.0043945312
0.0040893555
-0.0162353516
0.0039672852
0.0026855469
0.0043945312
-0.0022583008
-0.0070800781
-0.0155029297
-0.0153808594
0.0119018555
-0.0084228516
0.0043945312
0.0072021484
-0.0004272461
-0.0081787109
-0.2120361328
-0.1312866211
-0.1342773438
-0.0112304688
-0.0095214844
-0.1824951172
0.1699829102
-0.0550537109
-0.1531372070
-0.2489624023
-0.0835571289
-0.0961914062
0.0153808594
-0.1107177734
0.0192871094
0.2269287109
-0.0646972656
0.0473632812
0.1667480469
-0.1177368164
0.1029663086
-0.0681762695
-0.1207885742
0.1340332031
-0.1232299805
-0.0571899414
-0.0921020508
-0.0952148438
0.0964355469
0.1066894531
-0.0587158203
0.0316162109
-0.3359985352
-0.0558471680
-0.3231811523
-0.0037841797
-0.0648803711
-0.3236694336
0.3191528320
0.3312988281
0.3463745117
-0.3166503906
-0.0373535156
-0.2804565430
0.0587768555
0.2842407227
-0.0031738281
-0.0974121094
-0.0648803711
-0.0828857422
0.0242919922
0.0393676758
-0.0993652344
0.1022949219
-0.0382080078
0.0902099609
0.1167602539
-0.0567626953
0.0780029297
-0.0639038086
0.0730590820
0.0735473633
0.0642700195
0.0995483398
0.0048217773
-0.0048217773
0.0131225586
-0.0332031250
0.0081176758
-0.0012817383
-0.0015258789
0.0006103516
0.0132446289
-0.0014648438
-0.0017700195
-0.0089721680
0.0026855469
-0.0067138672
0.0035400391
0.0070800781
-0.1837158203
-0.2092895508
0.0014038086
-0.0360107422
-0.1672973633
0.1292114258
-0.1887817383
-0.0973510742
0.0540161133
0.1601562500
-0.1478271484
0.1923217773
0.0356445312
-0.2260742188
-0.0725097656
-0.1458129883
-0.0038452148
0.0080566406
0.0181884766
0.0344848633
0.0065917969
0.0079345703
-0.0487060547
0.0242309570
-0.0458374023
0.0598754883
0.0174560547
0.0283813477
0.0300903320
-0.0385742188
0.0438232422
0.0405883789
0.0772094727
0.0088500977
-0.0433959961
0.0831298828
-0.0341796875
-0.0357666016
-0.0892944336
-0.0330810547
-0.0548095703
0.0723876953
-0.0666503906
0.0465087891
0.0501708984
0.0067138672
0.0402221680
-0.0546264648
