-0.0035400391
-0.0336914062
0.0353393555
-0.0170288086
-0.0012817383
0.0071411133
-0.0241699219
0.0091552734
-0.0045776367
-0.0053100586
0.0265502930
0.0211181641
-0.0268554688
0.0098266602
0.0319213867
0.0314331055
0.0160522461
-0.0167846680
-0.0002441406
0.0223388672
0.0021972656
0.0180664062
-0.0118408203
-0.0288085938
-0.0273437500
-0.0165405273
0.0226440430
0.0091552734
0.0072021484
0.0261230469
0.0023803711
-0.0396118164
-0.0632934570
-0.0328369141
0.0073852539
0.0369873047
0.0184936523
-0.0648803711
0.0584106445
-0.0656127930
-0.0119018555
-0.0042114258
-0.0188598633
0.0118408203
0.0178833008
-0.0368041992
-0.0073242188
0.0335693359
-0.2611083984
0.2041625977
0.2922973633
-0.2379150391
0.2666015625
-0.2553100586
-0.2282714844
0.0983276367
-0.2140502930
-0.2468261719
-0.2796630859
-0.1950073242
0.2808837891
0.2647705078
-0.2446289062
0.2653808594
-0.0039062500
0.0082397461
-0.0068969727
0.0055541992
0.0037841797
0.0144653320
0.0042724609
0.0042114258
0.0170898438
0.0134277344
0.0377197266
-0.0001220703
-0.0205688477
-0.0023193359
-0.0028076172
0.0143432617
-0.1196899414
-0.1853637695
0.0291137695
0.1639404297
-0.1246948242
0.2391357422
-0.1178588867
0.1943969727
0.2416992188
-0.0564575195
0.1663208008
-0.1848754883
0.2351684570
0.1652832031
0.2326049805
0.3068237305
0.0479125977
0.0413818359
0.0446777344
0.0358276367
-0.0132446289
-0.0553588867
0.0165405273
0.0242309570
-0.0112304688
0.0096435547
-0.0137939453
0.0493164062
0.0266113281
-0.0076904297
0.0034179688
-0.0305175781
0.0006103516
0.0015258789
-0.0250244141
0.0227050781
-0.0144653320
-0.0130615234
-0.0072631836
0.0125732422
-0.0235595703
0.0109252930
0.0053100586
-0.0087890625
-0.0123901367
-0.0090942383
-0.0028686523
-0.0211791992
-0.0593872070
0.1115722656
0.0745239258
0.0823364258
-0.0814208984
0.1106567383
-0.0963134766
0.0715942383
-0.0952758789
0.1131591797
0.0521240234
0.1066894531
0.1058959961
-0.0192871094
0.0473632812
0.0282592773
0.0267944336
0.0104980469
-0.0078125000
0.0161132812
0.0006103516
-0.0128173828
-0.0163574219
-0.0166015625
-0.0180053711
0.0178222656
-0.0314331055
-0.0002441406
0.0225830078
0.0135498047
-0.0058593750
0.0118408203
