-0.0839233398
-0.0072021484
0.0563354492
-0.1220703125
0.1208496094
-0.1102905273
-0.0535278320
-0.0014038086
0.0695190430
-0.0321044922
0.0855712891
-0.0200195312
-0.0444335938
-0.1003417969
0.0074462891
0.0346069336
-0.0130004883
0.0072021484
0.0184326172
-0.0140991211
0.0049438477
0.0108642578
0.0118408203
0.0023193359
0.0054321289
-0.0014648438
-0.0018920898
-0.0149536133
0.0090942383
-0.0130004883
-0.0023193359
-0.0093383789
-0.0274658203
-0.0317382812
-0.0239257812
0.0516357422
0.0956420898
-0.0587158203
0.0543823242
-0.0316162109
-0.0252075195
-0.0458984375
-0.0052490234
-0.0020141602
0.0351562500
0.0504760742
-0.0128784180
0.0911865234
-0.1436157227
0.0905151367
0.2796020508
-0.2316894531
0.2113647461
-0.1640014648
-0.1620483398
0.2401123047
-0.1609497070
-0.1246948242
-0.2360839844
-0.1177978516
0.1618652344
0.1511840820
-0.1770019531
0.1802368164
-0.2902832031
-0.1090698242
-0.2423706055
0.0788574219
-0.1175537109
-0.3063354492
0.2520141602
0.2178344727
0.2977905273
-0.3120727539
-0.0684814453
-0.3013305664
0.2993774414
0.2564697266
-0.0861816406
-0.1165161133
-0.0054931641
-0.0739746094
0.0195312500
0.0599365234
0.0005493164
0.0582275391
-0.0361938477
0.0646972656
0.1145629883
-0.0139770508
0.0965576172
-0.0764770508
0.0458984375
0.0863647461
0.0632324219
0.0800170898
-0.0114746094
-0.0257568359
0.0345458984
0.0189208984
0.0098266602
0.0079956055
0.0012817383
0.0031738281
0.0298461914
-0.0035400391
-0.0317993164
0.0032348633
0.0181274414
-0.0161132812
0.0261840820
0.0114135742
-0.0283203125
-0.0520019531
0.0088500977
-0.0023193359
-0.0245971680
-0.0103149414
-0.0418090820
-0.0015258789
0.0151977539
0.0287475586
-0.0324707031
0.0558471680
0.0115966797
-0.0787353516
-0.0028076172
0.0032348633
-0.0079345703
0.0815429688
0.0786132812
0.0509033203
-0.0620727539
0.0723876953
-0.0437622070
0.0515747070
-0.0530395508
0.1170654297
0.0881347656
0.0451049805
0.0393676758
-0.0512695312
0.0178222656
0.0712890625
0.1607666016
0.0401000977
-0.1790161133
0.2173461914
-0.0925903320
-0.1809692383
-0.1889038086
-0.2037963867
-0.1914672852
0.1904907227
-0.1051635742
0.2183837891
0.1796264648
-0.0495605469
0.0217895508
-0.1849365234
