-0.1348876953
-0.0941162109
0.0914916992
-0.0920410156
0.1287841797
-0.0460815430
-0.1493530273
0.0217285156
0.0478515625
-0.1333007812
0.1600952148
0.0541381836
-0.1512451172
-0.0994262695
0.0516357422
0.1318359375
0.0441284180
-0.0640869141
0.0111083984
0.0723266602
0.0291137695
-0.0246582031
0.0159301758
-0.0394287109
-0.0735473633
-0.0701293945
-0.0059814453
-0.0204467773
-0.0458984375
0.0675048828
-0.0095214844
-0.0031738281
-0.0741577148
-0.0227050781
-0.0495605469
0.0067138672
0.0244750977
-0.0654296875
0.0500488281
-0.0181884766
-0.0277709961
-0.0351562500
0.0145874023
0.0315551758
-0.0324707031
0.0008544922
0.0098876953
0.0386352539
-0.1685791016
0.1932373047
0.2309570312
-0.2447509766
0.1867675781
-0.1680908203
-0.1959838867
0.1353759766
-0.1334228516
-0.1632690430
-0.2053222656
-0.1685180664
0.2047729492
0.1753540039
-0.2132568359
0.1580810547
-0.0021362305
0.0198364258
-0.0141601562
-0.0306396484
0.0132446289
-0.0167846680
0.0043334961
0.0219726562
0.0076904297
-0.0096435547
-0.0096435547
0.0141601562
-0.0142211914
0.0174560547
0.0117797852
0.0271606445
-0.0683593750
-0.1412963867
0.1369628906
0.1298828125
-0.0530395508
0.1711425781
-0.0815429688
0.1007080078
0.2006225586
-0.0446777344
0.1437377930
-0.1036987305
0.0778808594
0.1893310547
0.2246093750
0.2282104492
-0.0816650391
0.3001708984
-0.0120849609
0.3252563477
-0.2471313477
-0.2277221680
0.3380737305
0.3076782227
-0.0702514648
0.1551513672
-0.3464355469
0.0518188477
0.0274658203
-0.3499755859
0.1329956055
-0.3344726562
-0.0762329102
-0.1107788086
0.0350952148
-0.0228881836
-0.0999145508
0.1027221680
-0.1155395508
-0.1031494141
0.0297241211
0.1176147461
-0.0946044922
0.0788574219
0.0032348633
-0.1041259766
-0.0377807617
-0.0484619141
-0.0109863281
0.0293579102
0.0182495117
0.0018920898
-0.0300292969
0.0627441406
-0.0729370117
0.0335083008
-0.0245361328
0.0208740234
0.0515747070
0.0203857422
0.0684204102
-0.0032348633
0.0147705078
0.0206909180
0.0363159180
0.0192260742
-0.0037841797
0.0278320312
0.0045776367
0.0400390625
-0.0024414062
0.0056762695
-0.0115356445
0.0375976562
-0.0260009766
-0.0257568359
0.0320434570
0.0057983398
-0.0150146484
0.0290527344
