-0.0032958984
-0.0227661133
0.0327148438
-0.0048828125
-0.0078125000
0.0306396484
-0.0068969727
-0.0076904297
0.0029907227
-0.0040893555
0.0231933594
-0.0038452148
-0.0032958984
0.0070800781
0.0164184570
0.0015258789
0.0550537109
-0.0493164062
-0.0085449219
0.0749511719
0.0233764648
-0.0207519531
-0.0131225586
-0.0875244141
-0.0850830078
-0.0179443359
-0.0027465820
0.0254516602
-0.0429687500
0.1041259766
-0.0169677734
-0.0803222656
-0.2575073242
-0.0510253906
-0.1456298828
0.0100708008
-0.0097656250
-0.2184448242
0.1776733398
-0.0490112305
-0.1988525391
-0.1851196289
-0.1015014648
-0.0676269531
0.0511474609
-0.1252441406
0.0582885742
0.1991577148
-0.1486206055
0.1746215820
0.3000488281
-0.2838745117
0.2616577148
-0.2346801758
-0.2067260742
0.1679077148
-0.1583251953
-0.1932373047
-0.2487182617
-0.1777343750
0.2386474609
0.2251586914
-0.1953125000
0.1900634766
-0.0169067383
0.0012817383
-0.0065307617
0.0117187500
0.0057983398
-0.0173950195
-0.0129394531
0.0084838867
0.0333251953
-0.0303955078
0.0156250000
0.0091552734
-0.0035400391
0.0032348633
0.0131835938
-0.0017089844
-0.1563720703
-0.2360839844
0.0939941406
0.2048950195
-0.1970214844
0.2747802734
-0.2380371094
0.1818847656
0.2763061523
-0.1818847656
0.2695922852
-0.2043457031
0.2169189453
0.2382202148
0.3145141602
0.4472045898
-0.0057373047
0.0064086914
0.0309448242
0.0236206055
-0.0060424805
-0.0275268555
0.0129394531
0.0230102539
0.0021362305
-0.0119628906
-0.0101928711
-0.0082397461
0.0221557617
-0.0170898438
-0.0097045898
-0.0235595703
-0.0900878906
-0.1411743164
0.0722045898
-0.0418701172
-0.1471557617
0.1232299805
-0.1586303711
-0.0807495117
0.0030517578
0.1416015625
-0.0647583008
0.1261596680
0.0290527344
-0.1571655273
-0.1215209961
-0.1273193359
0.0144042969
0.0003662109
0.0000000000
0.0085449219
0.0001220703
0.0025634766
-0.0196533203
0.0013427734
-0.0074462891
-0.0049438477
0.0161132812
0.0049438477
0.0011596680
0.0080566406
0.0280151367
-0.0076904297
0.1400756836
0.0311279297
-0.0900878906
0.1945800781
-0.0383300781
-0.0383300781
-0.1250610352
-0.1618041992
-0.0786132812
0.1935424805
-0.1209716797
0.0762939453
0.1522827148
-0.0223388672
0.0241699219
-0.1079101562
