-0.2637939453
-0.2961425781
0.2244262695
-0.2871093750
0.3212890625
-0.2156982422
-0.2349853516
0.0330810547
0.3052978516
-0.2608642578
0.3225708008
0.1890258789
-0.1788940430
-0.1670532227
0.0694580078
0.2383422852
0.0011596680
0.0120239258
0.0312500000
-0.0314941406
0.0044555664
0.0322265625
-0.0077514648
0.0326538086
0.0231323242
-0.0234375000
0.0359497070
0.0256958008
0.0045166016
-0.0209960938
0.0000000000
0.0242309570
-0.0191650391
-0.0322875977
0.0089721680
-0.0039672852
-0.0075683594
-0.0177612305
0.0139160156
0.0100708008
-0.0252685547
0.0078735352
0.0115966797
-0.0075073242
0.0001220703
0.0147094727
0.0239257812
-0.0078735352
-0.0817871094
0.0877075195
0.1477661133
-0.1114501953
0.0424194336
-0.0484619141
-0.0283813477
0.0834960938
-0.0391845703
-0.0613403320
-0.1119995117
-0.0213012695
0.0544433594
0.0693969727
-0.1179199219
0.1441040039
0.0120849609
0.0216064453
0.0160522461
-0.0474853516
0.0269775391
0.0320434570
-0.0024414062
-0.0085449219
-0.0258789062
0.0098266602
-0.0166625977
0.0067749023
0.0092773438
-0.0230712891
0.0347900391
0.0212402344
-0.0357055664
-0.0775146484
0.0563964844
0.0721435547
-0.0398559570
0.0530395508
-0.0438842773
0.0503540039
0.0761108398
-0.0279541016
0.0546875000
-0.0618286133
0.0675659180
0.0926513672
0.0394287109
0.0772094727
0.0086059570
0.0504150391
0.0116577148
0.0686035156
-0.0617675781
0.0133666992
0.0642089844
0.0780639648
0.0117187500
0.0650634766
0.0015869141
0.0091552734
0.0411987305
-0.0416870117
0.0070190430
-0.0299072266
-0.1247558594
-0.1793823242
0.0563354492
-0.0849609375
-0.1385498047
0.1351928711
-0.1806030273
-0.1351318359
-0.0110473633
0.1313476562
-0.0231933594
0.1398925781
0.0811157227
-0.1723632812
-0.1135864258
-0.0358886719
0.0203247070
-0.0101928711
0.0538330078
0.0690917969
0.0286254883
0.0487670898
-0.0395507812
0.0298461914
-0.0248413086
0.0513916016
0.0071411133
-0.0088500977
0.0189819336
0.0032348633
0.0006713867
0.0352172852
0.0066528320
0.0110473633
-0.0765991211
0.0740966797
-0.0478515625
-0.0723266602
-0.0616455078
-0.0836791992
-0.0632324219
0.0802612305
0.0118408203
0.0670776367
0.0786743164
-0.0063476562
0.0170288086
-0.0690917969
