-0.0281372070
-0.0452270508
0.0409545898
-0.0692749023
-0.0164794922
0.0283813477
-0.0897216797
-0.0167846680
-0.0425415039
-0.0806274414
0.0679321289
0.0280761719
-0.0484008789
-0.0513916016
-0.0014648438
0.0363769531
-0.0456542969
0.0131225586
-0.0033569336
-0.0390014648
0.0031127930
0.0360717773
0.0048828125
0.0542602539
0.0423583984
0.0092163086
0.1002197266
0.0000610352
0.0422973633
-0.0421752930
-0.0100097656
-0.0351562500
-0.2164306641
-0.0737915039
-0.2167358398
0.0203247070
0.0264892578
-0.2531738281
0.2207641602
-0.0688476562
-0.2491455078
-0.2322387695
-0.0674438477
-0.0778198242
0.0576171875
-0.0955810547
0.0875244141
0.2382202148
-0.1456909180
0.1071777344
0.0924682617
-0.0976562500
0.0921630859
-0.1372680664
-0.0864257812
0.0704956055
-0.1039428711
-0.1077880859
-0.1580810547
-0.1738281250
0.1399536133
0.1178588867
-0.1143798828
0.1091918945
-0.0012207031
0.0220336914
-0.0021362305
0.0432128906
0.0028686523
-0.0076904297
0.0169677734
0.0186767578
0.0245971680
-0.0142211914
0.0240478516
-0.0020751953
0.0177612305
0.0023193359
-0.0000610352
0.0101928711
-0.0256958008
-0.0943603516
-0.0219116211
0.0610961914
-0.0100097656
0.0459594727
-0.0188598633
0.0955200195
0.0501098633
-0.0710449219
0.0406494141
-0.0235595703
0.0767822266
0.0279541016
0.0541992188
0.0502929688
0.0235595703
0.0083618164
0.0193481445
0.0147705078
-0.0029296875
-0.0000610352
0.0034179688
0.0023803711
0.0119018555
0.0135498047
-0.0103149414
0.0218505859
0.0119018555
0.0068969727
0.0010986328
0.0100708008
-0.2989501953
-0.2744750977
0.0391235352
-0.0372314453
-0.2636718750
0.2844238281
-0.2462768555
-0.2630004883
0.0087890625
0.2374267578
-0.1345214844
0.2722167969
0.1632080078
-0.2732543945
-0.1070556641
-0.2173461914
-0.0432739258
0.0459594727
0.0550537109
0.0267944336
-0.0288085938
0.0487060547
-0.0344238281
0.0545043945
-0.0010986328
0.0823974609
0.0776977539
0.0626220703
0.0399169922
-0.0358886719
-0.0001220703
0.0776367188
0.0361938477
0.0369873047
-0.2112426758
0.1584472656
-0.1049194336
-0.1560668945
-0.0902099609
-0.2208862305
-0.1173706055
0.0728759766
-0.0369262695
0.1771240234
0.1437377930
0.0650024414
-0.0644531250
-0.2052001953
