-0.0901489258
-0.0208129883
0.0156860352
-0.0839843750
-0.0202636719
-0.0184326172
-0.0693359375
-0.0415039062
-0.0497436523
-0.0435180664
0.0580444336
0.0357666016
-0.0579833984
-0.1024169922
0.0264282227
0.0513305664
-0.3171997070
0.3272705078
0.1212158203
-0.3418579102
0.0625610352
0.2866821289
-0.0432739258
0.3471069336
0.3575439453
0.0689697266
0.0518188477
0.0800170898
0.1752319336
-0.3665161133
0.0151367188
-0.0387573242
-0.0494995117
-0.0627441406
-0.0655517578
0.0343017578
0.0054931641
-0.0663452148
0.0119628906
-0.0675048828
-0.0692138672
-0.1293945312
-0.0259399414
-0.0816040039
0.0427856445
-0.0126342773
0.0140380859
0.0897216797
-0.0184936523
0.0778808594
0.0701293945
-0.1154785156
0.0434570312
-0.0520629883
-0.0521850586
0.0806274414
-0.0569458008
-0.0975952148
-0.0605468750
-0.0749511719
0.1154785156
0.0762329102
-0.0469970703
0.0577392578
-0.0586547852
-0.0316162109
-0.0395507812
0.0086059570
-0.0413208008
-0.0326538086
0.0382690430
0.0197143555
0.0369873047
-0.0435791016
0.0217285156
-0.0567016602
0.0618286133
0.0161132812
0.0360717773
0.0460205078
-0.0280761719
-0.0282592773
0.0487060547
0.0024414062
-0.0001220703
0.0269165039
0.0187988281
0.0302734375
0.0547485352
0.0117797852
0.0209960938
-0.0154418945
0.0006103516
0.0186767578
0.0374145508
0.0208740234
0.0040893555
-0.0098266602
0.0081176758
-0.0039062500
-0.0007324219
0.0056152344
0.0031738281
0.0076293945
-0.0039672852
0.0003662109
0.0018310547
-0.0079956055
0.0048217773
0.0006713867
0.0039062500
0.0164794922
-0.1394042969
-0.1910400391
0.0512695312
-0.0180053711
-0.1463012695
0.1370239258
-0.1865234375
-0.1342773438
0.0152587891
0.1301879883
-0.0538330078
0.1914672852
0.0480346680
-0.1580200195
-0.0529174805
-0.0963745117
-0.0703735352
0.0286254883
-0.0128784180
-0.0711669922
-0.0488891602
-0.0053100586
0.0295410156
0.0538330078
-0.0250244141
-0.0197753906
0.0034179688
0.0519409180
0.0257568359
-0.0290527344
-0.0031738281
0.0191040039
-0.0279541016
0.0294799805
-0.0546875000
0.0509643555
-0.0441894531
-0.0535278320
-0.0099487305
-0.0165405273
-0.0199584961
0.0241699219
0.0025634766
0.0554199219
0.0208129883
0.0184326172
-0.0261230469
-0.0634765625
