-0.0064086914
-0.0117797852
0.0118408203
-0.0297851562
0.0042724609
-0.0217895508
-0.0285034180
0.0155029297
0.0050659180
-0.0245971680
0.0131225586
0.0032958984
-0.0245361328
-0.0193481445
0.0294799805
0.0155029297
0.0062255859
-0.0022583008
0.0056152344
0.0027465820
0.0183105469
0.0177001953
-0.0065307617
-0.0034179688
-0.0161743164
-0.0088500977
0.0105590820
0.0032348633
-0.0142211914
0.0154418945
0.0351562500
-0.0184936523
-0.0860595703
-0.0647583008
-0.0336914062
-0.0004882812
0.0296020508
-0.0830078125
0.0511474609
-0.0737304688
0.0072631836
-0.1247558594
-0.0673217773
-0.0331420898
0.0225830078
-0.0588989258
0.0307006836
0.1494140625
-0.0480346680
0.0745239258
0.2084960938
-0.1407470703
0.1419067383
-0.0908203125
-0.1115722656
0.1322021484
-0.0956420898
-0.0917968750
-0.1312866211
-0.0460205078
0.1861572266
0.1310424805
-0.1113891602
0.0551757812
-0.3149414062
-0.0529785156
-0.2957763672
0.0284423828
-0.1116333008
-0.3201904297
0.3270874023
0.3143920898
0.3578491211
-0.3171997070
-0.0946655273
-0.2937011719
0.1022338867
0.2559204102
-0.0084838867
-0.1043090820
-0.0823974609
-0.1224975586
0.0142211914
0.1033935547
-0.0609130859
0.1518554688
-0.0364990234
0.1321411133
0.1878662109
-0.1010131836
0.1398925781
-0.1349487305
0.0748901367
0.1178588867
0.1418457031
0.1880493164
-0.0061645508
-0.0303955078
0.0287475586
-0.0468750000
0.0057373047
0.0176391602
-0.0151367188
0.0036621094
-0.0009765625
0.0063476562
0.0204467773
0.0111694336
0.0175781250
0.0167846680
0.0098876953
-0.0001831055
-0.0367431641
-0.0502319336
-0.0139160156
-0.0011596680
-0.0312500000
0.0301513672
-0.0435791016
0.0033569336
0.0366821289
0.0175781250
-0.0186767578
0.0593872070
0.0006713867
-0.0521240234
-0.0045776367
-0.0340576172
0.0046997070
0.0245361328
-0.0296020508
0.0264282227
-0.0345458984
0.0021972656
-0.0374145508
-0.0113525391
-0.0057373047
0.0310058594
0.0145874023
-0.0216064453
0.0351562500
-0.0289916992
0.0000610352
0.0269165039
0.1071166992
0.0333251953
-0.1411743164
0.1933593750
-0.0646362305
-0.1275634766
-0.1679687500
-0.1340332031
-0.1034545898
0.1272583008
-0.1053466797
0.1732788086
0.1394653320
0.0000610352
0.0021362305
-0.1592407227
