-0.0420532227
-0.0487670898
0.0868530273
-0.0259399414
0.0387573242
0.0040283203
-0.0667724609
0.0752563477
0.0412597656
-0.0867919922
0.0267944336
0.0244750977
-0.0545654297
-0.0277099609
-0.0477294922
0.0311279297
0.0117187500
-0.0106811523
-0.0058593750
0.0067749023
0.0144653320
-0.0054931641
-0.0046386719
-0.0120849609
-0.0099487305
-0.0006713867
0.0181884766
0.0072021484
-0.0079956055
0.0059814453
-0.0008544922
-0.0353393555
-0.2439575195
-0.1240234375
-0.1198120117
0.1153564453
0.0413818359
-0.1807861328
0.1633300781
-0.0744018555
-0.1663208008
-0.1990966797
-0.0904541016
-0.0689697266
0.0908813477
-0.0216064453
0.0664672852
0.2156982422
-0.2339477539
0.1853027344
0.2931518555
-0.2461547852
0.3175048828
-0.2485351562
-0.2324218750
0.1567382812
-0.2892456055
-0.2396240234
-0.2305297852
-0.1688232422
0.2154541016
0.2534790039
-0.1631469727
0.1654663086
-0.0166625977
-0.0095825195
0.0111083984
0.0031127930
-0.0121459961
-0.0018920898
-0.0073242188
-0.0090332031
0.0035400391
0.0029907227
0.0173339844
-0.0043334961
0.0082397461
0.0147094727
-0.0140380859
-0.0038452148
-0.0775146484
-0.2095947266
0.0303344727
0.2185668945
-0.1539306641
0.2726440430
-0.1203613281
0.1777954102
0.2883300781
-0.1624145508
0.1841430664
-0.1364746094
0.2417602539
0.2743530273
0.2203369141
0.2823486328
0.0121459961
-0.0010986328
0.0061035156
0.0032958984
0.0031127930
-0.0034179688
0.0033569336
-0.0003051758
-0.0213623047
0.0082397461
0.0079956055
0.0036010742
0.0023193359
0.0236816406
0.0050659180
-0.0167236328
-0.1192016602
-0.1868286133
0.1271972656
-0.1082153320
-0.1911621094
0.1311645508
-0.1931762695
-0.1340942383
-0.0146484375
0.2109985352
0.0183715820
0.1633300781
0.0565795898
-0.1960449219
-0.0974121094
-0.1611938477
-0.0244140625
0.0841674805
0.0227661133
-0.0178833008
-0.0551147461
0.0443115234
-0.0905761719
0.0384521484
-0.0395507812
-0.0090942383
0.0390625000
0.0325927734
0.0386352539
-0.0814819336
0.0775146484
0.0741577148
-0.0055541992
0.0054321289
-0.0419921875
0.1443481445
0.0153808594
-0.1521606445
-0.0353393555
-0.1248168945
-0.1207885742
0.0873413086
0.0010375977
0.1202392578
0.1294555664
0.1639404297
-0.0289306641
-0.1238403320
