-0.0236206055
-0.0189819336
0.0567016602
-0.0068359375
0.0293579102
0.0512084961
-0.0168457031
-0.0089721680
-0.0212402344
-0.0363769531
0.0078735352
0.0105590820
0.0050048828
-0.0006103516
0.0307617188
0.0081176758
0.0209960938
-0.0228271484
0.0151367188
0.0296020508
0.0374145508
-0.0065917969
-0.0474243164
-0.0529785156
-0.0563354492
-0.0330200195
0.0310058594
0.0279541016
-0.0606689453
0.0507812500
-0.0023803711
-0.0300292969
-0.1321411133
-0.0237426758
-0.0555419922
0.0417480469
-0.0022583008
-0.1127319336
0.0923461914
-0.0162353516
-0.0299682617
-0.0881958008
-0.0639038086
-0.0340576172
0.0473632812
-0.0470581055
0.0241088867
0.1018676758
-0.2113647461
0.1666870117
0.2452392578
-0.2696533203
0.2826538086
-0.1524658203
-0.1604003906
0.1196289062
-0.1182250977
-0.1841430664
-0.1987915039
-0.1308593750
0.2073974609
0.1708984375
-0.1922607422
0.1909179688
-0.0140991211
0.0159301758
-0.0028686523
-0.0166015625
-0.0126953125
0.0019531250
0.0072631836
0.0299072266
0.0140991211
-0.0128173828
-0.0034179688
-0.0122680664
0.0256347656
0.0047607422
-0.0124511719
0.0177612305
-0.1460571289
-0.2615356445
0.0289306641
0.2100219727
-0.2079467773
0.2879638672
-0.2082519531
0.2053222656
0.2999267578
-0.2332763672
0.2560424805
-0.2134399414
0.2257080078
0.2463378906
0.3106689453
0.3741455078
0.0341186523
0.0216064453
0.0865478516
0.0245361328
-0.0553588867
-0.0104980469
0.0505371094
0.0738525391
0.0167236328
0.0208129883
-0.0246582031
0.0498046875
0.0439453125
-0.0311889648
-0.0841064453
-0.0856323242
-0.1725463867
-0.2507934570
0.0863647461
-0.0654296875
-0.2207031250
0.1939086914
-0.2422485352
-0.1701660156
0.0170898438
0.2468261719
-0.1116943359
0.2262573242
0.0834960938
-0.2271728516
-0.1456298828
-0.2111206055
-0.0068359375
0.0319824219
0.0235595703
0.0214233398
-0.0078735352
-0.0278930664
-0.0451660156
0.0106811523
-0.0253906250
0.0335693359
0.0321655273
0.0104370117
0.0070190430
0.0006713867
0.0280761719
0.0189819336
0.1065673828
0.0186157227
-0.0319213867
0.1443481445
0.0386962891
-0.0312500000
-0.0404663086
-0.0692138672
-0.0734863281
0.1018066406
-0.0638427734
0.0612182617
0.0821533203
-0.0205688477
-0.0131835938
-0.0589599609
