-0.0417480469
-0.0405273438
0.0520019531
0.0037841797
0.0100097656
0.0330200195
-0.0396118164
0.0347290039
0.0122680664
-0.0393066406
0.0573120117
0.0462036133
-0.0440673828
-0.0028076172
0.0166015625
0.0330200195
0.0120239258
-0.0180664062
0.0015869141
0.0051269531
-0.0029296875
0.0127563477
0.0125122070
-0.0034179688
-0.0167846680
0.0061035156
0.0239868164
0.0038452148
0.0195312500
0.0083007812
-0.0200805664
-0.0291748047
-0.0556640625
-0.0294799805
-0.0473022461
0.0174560547
0.0438842773
-0.0891723633
0.0884399414
-0.0433349609
-0.0806884766
-0.0598144531
-0.0723266602
-0.0181274414
0.0553588867
0.0006713867
0.0234375000
0.0747680664
-0.2193603516
0.2137451172
0.2984619141
-0.3100585938
0.2684326172
-0.2361450195
-0.2216186523
0.1639404297
-0.2054443359
-0.2554931641
-0.2656250000
-0.1402587891
0.2365112305
0.3102416992
-0.2266235352
0.2473144531
-0.0091552734
-0.0221557617
0.0187988281
-0.0115356445
-0.0205688477
0.0157470703
-0.0140380859
0.0015258789
-0.0060424805
0.0083007812
0.0419311523
-0.0130004883
0.0054931641
-0.0013427734
-0.0081176758
0.0166015625
-0.1293945312
-0.2087402344
0.0524291992
0.0966186523
-0.1824340820
0.2985229492
-0.1531372070
0.2247314453
0.2731323242
-0.0850219727
0.2183227539
-0.1801757812
0.1687622070
0.0987548828
0.2777709961
0.2906494141
0.0330200195
0.0347900391
-0.0053100586
0.0498657227
-0.0555419922
-0.0040893555
0.0481567383
0.1091918945
0.0205688477
0.0145874023
-0.0305175781
0.0356445312
0.0087890625
-0.0478515625
0.0063476562
-0.0353393555
-0.0072631836
-0.0431518555
-0.0126342773
0.0168457031
-0.0645751953
0.0135498047
-0.0436401367
-0.0341186523
-0.0002441406
0.0607910156
-0.0228271484
0.0429077148
0.0041503906
-0.0722045898
-0.0070190430
-0.1023559570
0.0297851562
0.0062866211
0.0023803711
0.0151367188
0.0007934570
-0.0143432617
-0.0162353516
-0.0136108398
-0.0121459961
-0.0023803711
-0.0149536133
-0.0100097656
-0.0004882812
-0.0100708008
-0.0093383789
-0.0001220703
0.0877685547
0.0703735352
-0.0659179688
0.1038818359
0.0020751953
-0.0854492188
-0.0493774414
-0.0825805664
-0.0930786133
0.1112060547
0.0175781250
0.0641479492
0.1217651367
0.0352783203
-0.0521240234
-0.0730590820
