-0.2570190430
-0.3319091797
0.2745361328
-0.2328491211
0.3128662109
-0.2156372070
-0.2324218750
0.0880126953
0.2580566406
-0.2664184570
0.3126831055
0.0878295898
-0.2427978516
-0.2093505859
-0.0228881836
0.2649536133
0.0142211914
-0.0157470703
0.0165405273
0.0205688477
0.0322875977
0.0172729492
-0.0479736328
-0.0194702148
-0.0289916992
-0.0225219727
0.0109863281
0.0347900391
-0.0098266602
0.0105590820
-0.0036621094
-0.0305175781
-0.1252441406
-0.0962524414
-0.0648803711
0.0017700195
-0.0907592773
-0.0945434570
0.1401977539
-0.0397949219
-0.1526489258
-0.0891113281
-0.0156860352
-0.0798339844
0.0437622070
0.0039672852
0.0607910156
0.1102905273
-0.0426025391
0.0640258789
0.0939331055
-0.0215454102
0.0409545898
-0.0234375000
-0.0367431641
0.0349731445
-0.0238647461
-0.0424194336
-0.0653076172
-0.0191040039
0.0192260742
0.0474243164
-0.0443115234
0.0600585938
0.0223999023
-0.0284423828
0.0675659180
-0.0288696289
0.0471191406
0.0097045898
-0.0095214844
-0.0261840820
-0.0532226562
0.0478515625
0.0146484375
-0.0134887695
-0.0255126953
-0.0238037109
0.0025024414
0.0271606445
-0.0091552734
-0.0353393555
0.0783081055
0.0148925781
-0.0527343750
0.0686035156
-0.0251464844
0.0532836914
0.0782470703
-0.0344238281
0.0242309570
-0.0076904297
0.0129394531
0.0610351562
0.0560913086
0.0601196289
-0.0303955078
0.0487670898
0.0032958984
0.0792236328
-0.0585327148
-0.0292968750
0.0582275391
0.0705566406
0.0382690430
0.0645141602
-0.0355224609
0.0607299805
-0.0341796875
-0.0681152344
-0.0264282227
-0.0285644531
-0.0153808594
-0.0421752930
0.0253906250
-0.0191650391
-0.0267333984
0.0760498047
-0.0476074219
-0.0377197266
-0.0164184570
0.0498046875
0.0091552734
0.0260009766
-0.0011596680
-0.0548095703
0.0015869141
-0.0314331055
0.0007324219
-0.0037231445
0.0253295898
0.0137329102
-0.0110473633
0.0276489258
0.0120849609
0.0032348633
-0.0152587891
0.0189819336
0.0056152344
0.0200805664
-0.0076293945
0.0223388672
-0.0169067383
-0.0010986328
0.0173339844
-0.0206298828
-0.0532836914
0.0719604492
-0.0042724609
-0.0604858398
-0.0507202148
-0.0859985352
-0.0666503906
0.1239624023
0.0058593750
0.0690917969
0.1013793945
0.0029296875
0.0040283203
-0.0682983398
