0.0158691406
-0.0100708008
0.0274047852
-0.0253906250
-0.0078125000
0.0319213867
-0.0275878906
-0.0233764648
-0.0021972656
-0.0296630859
-0.0164794922
-0.0017089844
0.0050659180
0.0291137695
-0.0132446289
-0.0232543945
0.0715942383
-0.0720825195
0.0014038086
0.1002197266
0.0190429688
-0.0078125000
0.0133666992
-0.0819091797
-0.0873413086
-0.0354614258
0.0477905273
0.0335693359
-0.0432739258
0.0856323242
-0.0458984375
-0.0665283203
-0.0534667969
-0.0295410156
-0.0043334961
0.0313110352
0.0245971680
-0.0225219727
0.0276489258
-0.0310668945
-0.0481567383
-0.0426635742
-0.0202026367
-0.0387573242
0.0318603516
-0.0403442383
-0.0044555664
0.0501098633
-0.1670532227
0.1940307617
0.2804565430
-0.3240966797
0.2447509766
-0.2264404297
-0.1900634766
0.1710815430
-0.1752929688
-0.2152099609
-0.2689208984
-0.1743164062
0.2673339844
0.2519531250
-0.2156982422
0.2039184570
-0.0241699219
-0.0175170898
-0.0020141602
0.0036010742
-0.0017089844
0.0180664062
-0.0113525391
0.0152587891
0.0276489258
-0.0316162109
0.0161132812
0.0151367188
0.0152587891
-0.0054931641
0.0003051758
0.0293579102
-0.1320190430
-0.2692260742
0.0721435547
0.2130737305
-0.1962890625
0.2856445312
-0.1874389648
0.2202148438
0.2598876953
-0.2009887695
0.2863159180
-0.2010498047
0.2487792969
0.1495361328
0.3071899414
0.4460449219
0.0337524414
-0.0162963867
0.0229492188
0.0339355469
-0.0060424805
-0.0075073242
0.0034179688
0.0294799805
0.0016479492
-0.0185546875
-0.0004272461
0.0098876953
0.0374145508
-0.0512695312
-0.0137329102
-0.0293579102
-0.0695190430
-0.1417236328
0.0621948242
-0.0028686523
-0.1618652344
0.1334228516
-0.1550292969
-0.1179199219
-0.0261840820
0.1297607422
-0.0519409180
0.1008911133
0.0256958008
-0.1687622070
-0.1176757812
-0.1018676758
0.0200805664
-0.0119628906
-0.0189819336
0.0136108398
0.0214843750
-0.0142211914
-0.0122680664
-0.0159912109
-0.0124511719
-0.0190429688
0.0452880859
-0.0098876953
0.0141601562
0.0118408203
0.0109252930
0.0028076172
0.0986938477
0.0321655273
-0.0499877930
0.1099243164
-0.0001220703
-0.0277099609
-0.0669555664
-0.0603027344
-0.0267944336
0.0835571289
-0.0867309570
0.0495605469
0.1203002930
-0.0193481445
0.0073242188
-0.0404663086
