0.0029907227
0.0033569336
0.0212402344
-0.0239868164
0.0012207031
0.0066528320
0.0046386719
-0.0297241211
-0.0033569336
-0.0260009766
-0.0140380859
0.0089111328
-0.0032348633
0.0265502930
-0.0064697266
-0.0207519531
-0.0593261719
0.0687866211
0.0399169922
-0.0912475586
0.0157470703
0.0734252930
-0.0281982422
0.0763549805
0.0872802734
-0.0247802734
0.0427856445
0.0029907227
0.0258178711
-0.0666503906
-0.0553588867
-0.0233154297
-0.2689819336
-0.1079101562
-0.1458740234
0.0321044922
0.0329589844
-0.2097167969
0.2110595703
-0.1275024414
-0.2080688477
-0.2226562500
-0.0971069336
-0.1514892578
0.1090087891
-0.1060791016
0.1191406250
0.2780151367
-0.0223999023
0.0570678711
0.1178588867
-0.0958251953
0.0802001953
-0.0621948242
-0.0236816406
0.0751342773
-0.0466308594
-0.0511474609
-0.0666503906
-0.0908203125
0.0889892578
0.0418701172
-0.0326538086
0.0512695312
-0.0288696289
0.0113525391
-0.0192871094
-0.0092773438
0.0037841797
-0.0329589844
-0.0007934570
0.0530395508
0.0264282227
-0.0167236328
-0.0056152344
-0.0028686523
-0.0142211914
0.0083618164
0.0157470703
-0.0130004883
-0.0759277344
-0.2042846680
-0.0202636719
0.1668090820
-0.1068725586
0.1625366211
-0.1267089844
0.1583862305
0.1600341797
-0.0764770508
0.1718139648
-0.2127685547
0.2015991211
0.1524047852
0.2100830078
0.2614135742
-0.0001220703
-0.0054321289
0.0153808594
0.0118408203
0.0020751953
-0.0126953125
-0.0023803711
0.0062866211
0.0005493164
-0.0028686523
0.0143432617
-0.0122070312
0.0049438477
-0.0114135742
-0.0043334961
0.0000610352
-0.1785888672
-0.1778564453
0.0482788086
-0.0903320312
-0.1824951172
0.1119995117
-0.2059936523
-0.0526123047
-0.0383300781
0.1840820312
-0.0783081055
0.2214965820
0.0792846680
-0.2404785156
-0.0771484375
-0.1235351562
-0.0026855469
0.0156250000
0.0090332031
-0.0046997070
0.0069580078
-0.0093994141
-0.0025634766
0.0051879883
-0.0305175781
0.0090942383
-0.0008544922
0.0019531250
0.0111694336
-0.0195922852
0.0228271484
0.0321655273
0.1649169922
0.0462036133
-0.2780151367
0.2686157227
-0.0623779297
-0.3431396484
-0.2238769531
-0.2913818359
-0.2868652344
0.2872314453
-0.0151977539
0.3248901367
0.2982177734
0.0524902344
-0.0187988281
-0.3404541016
