-0.0502319336
-0.0518188477
0.0328979492
-0.0623168945
0.0276489258
-0.0479736328
-0.0604248047
0.0173950195
0.0065307617
-0.0560302734
0.1040649414
0.0471191406
-0.0377197266
-0.1149291992
0.0624389648
0.0554199219
-0.3370361328
0.3055419922
0.1444091797
-0.3499755859
-0.0057983398
0.2667846680
-0.0462646484
0.3134155273
0.3458251953
-0.0114135742
0.1765136719
0.0583496094
0.1492919922
-0.3395385742
-0.0769042969
-0.0498046875
-0.1203002930
-0.0554809570
-0.1104736328
0.0288696289
0.0444335938
-0.1334228516
0.0716552734
-0.0091552734
-0.1007080078
-0.0957641602
-0.0402221680
-0.0437011719
0.0623779297
-0.0173339844
0.0177001953
0.1091918945
-0.0288696289
0.0511474609
0.0492553711
-0.0584106445
0.0334472656
-0.0581054688
-0.0468750000
0.0224609375
-0.0329589844
-0.0607299805
-0.0598754883
-0.0811157227
0.1151733398
0.0500488281
-0.0281982422
0.0781860352
-0.1189575195
0.0559692383
-0.0648803711
-0.0036010742
-0.0645141602
-0.0824584961
0.0678100586
0.0554809570
0.0716552734
-0.0888061523
0.0008544922
-0.0873413086
0.0379028320
0.1099243164
-0.0090942383
0.0408325195
-0.0327148438
-0.0131835938
0.0283203125
0.0181884766
-0.0108032227
0.0375976562
-0.0209350586
0.0467529297
0.0310668945
0.0214843750
0.0025634766
-0.0141601562
0.0193481445
0.0179443359
0.0336303711
0.0117187500
0.0521240234
-0.0211181641
-0.0018310547
-0.0343627930
0.0239868164
-0.0032958984
-0.0315551758
-0.0131835938
0.0076904297
-0.0096435547
0.0312500000
0.0317993164
-0.0162353516
0.0125732422
0.0249633789
0.0400390625
-0.1785888672
-0.2080688477
0.0104980469
-0.0134277344
-0.1782836914
0.2091064453
-0.1704101562
-0.1697998047
0.0320434570
0.1552124023
-0.0321044922
0.2110595703
0.1077880859
-0.1824340820
-0.0579223633
-0.1057739258
-0.1066284180
0.0644531250
0.0048828125
0.0377197266
-0.1057128906
0.0231933594
0.0026855469
0.0764770508
-0.1342773438
0.0285034180
0.0985717773
0.1430664062
0.0547485352
-0.0794067383
0.0304565430
0.1172485352
0.0322265625
-0.0326538086
-0.0206298828
0.0379638672
-0.0572509766
-0.0073852539
0.0034790039
-0.0156860352
0.0009155273
-0.0020141602
-0.0285644531
0.0122070312
0.0092773438
-0.0252685547
-0.0004882812
-0.0300292969
