-0.0251464844
-0.0451660156
0.0560913086
-0.0007324219
0.0281372070
-0.0161132812
-0.0125732422
-0.0061035156
-0.0056762695
-0.0135498047
0.0506591797
0.0126342773
-0.0015258789
0.0155639648
-0.0200195312
0.0189208984
0.0728149414
-0.0897827148
0.0183105469
0.1251831055
0.0208740234
-0.0215454102
-0.0206909180
-0.1228637695
-0.1326904297
-0.0310668945
-0.0011596680
0.0144042969
-0.0189208984
0.1102905273
0.0133666992
-0.0474853516
-0.2235717773
-0.1349487305
-0.1342163086
-0.0292968750
0.0229492188
-0.2108154297
0.1579589844
-0.0766601562
-0.1339721680
-0.1386108398
-0.0535888672
-0.1263427734
0.0522460938
-0.0405883789
0.0348510742
0.1817626953
-0.1330566406
0.1717529297
0.2780151367
-0.2457275391
0.2872924805
-0.2194824219
-0.2086791992
0.1874389648
-0.1189575195
-0.1865234375
-0.2039794922
-0.1620483398
0.2457275391
0.2380981445
-0.2180175781
0.2109375000
-0.0230102539
0.0032958984
-0.0053710938
-0.0257568359
-0.0225830078
-0.0064086914
0.0013427734
-0.0023803711
0.0207519531
-0.0097045898
0.0244140625
0.0178833008
0.0437622070
0.0048828125
0.0268554688
0.0187988281
-0.1697998047
-0.2145996094
0.1201171875
0.1658935547
-0.2157592773
0.3261718750
-0.2360839844
0.1895141602
0.3124389648
-0.1549072266
0.2593994141
-0.1863403320
0.2280883789
0.1971435547
0.3082885742
0.4303588867
0.0535278320
0.0357666016
0.0283203125
0.0227050781
-0.0163574219
-0.0300903320
0.0147705078
0.0130004883
0.0025024414
0.0033569336
0.0014648438
-0.0022583008
0.0103759766
-0.0214843750
0.0072631836
-0.0330810547
-0.0430908203
-0.0884399414
-0.0101318359
-0.0409545898
-0.0669555664
0.0652465820
-0.1017456055
-0.0564575195
0.0003051758
0.1046142578
-0.0237426758
0.0626831055
0.0231933594
-0.0792236328
-0.0555419922
-0.0558471680
0.0146484375
-0.0187377930
0.0267944336
0.0386352539
0.0127563477
0.0444946289
-0.0394897461
0.0124511719
-0.0115966797
0.0212402344
0.0130004883
0.0166625977
0.0513305664
-0.0191040039
0.0393676758
0.0040283203
0.0568237305
0.0200805664
-0.1080932617
0.0819702148
-0.0382080078
-0.0732421875
-0.0577392578
-0.1297607422
-0.0925292969
0.0880126953
-0.0404052734
0.0542602539
0.0740966797
-0.0363159180
-0.0281982422
-0.0619506836
