-0.0270996094
-0.0410766602
0.0307006836
-0.0616455078
0.0510253906
-0.0513916016
-0.0645141602
0.0375366211
0.0187988281
-0.0280761719
0.0700073242
-0.0162353516
-0.0404663086
-0.0083618164
0.0285644531
0.0508422852
-0.0068359375
-0.0088500977
0.0449218750
-0.0080566406
0.0236206055
0.0170898438
0.0193481445
-0.0033569336
0.0195922852
0.0153808594
0.0524291992
0.0035400391
-0.0081176758
-0.0265502930
-0.0455932617
0.0071411133
-0.3471679688
-0.0947875977
-0.2767944336
-0.1433105469
-0.0086059570
-0.3002319336
0.3234252930
-0.0471801758
-0.3322753906
-0.2702026367
-0.2093505859
-0.0708007812
0.0419311523
-0.1735229492
0.1018676758
0.2924804688
-0.1703491211
0.1063232422
0.1482543945
-0.1878051758
0.0825195312
-0.1751098633
-0.1161499023
0.1571655273
-0.1300048828
-0.1344604492
-0.1663818359
-0.0925903320
0.1685180664
0.1541748047
-0.1378173828
0.1337280273
0.0050659180
-0.0414428711
0.0098266602
0.0427246094
-0.0473022461
-0.0057983398
-0.0037841797
-0.0120849609
0.0261840820
0.0203247070
-0.0401611328
-0.0136108398
0.0029296875
-0.0092163086
0.0156860352
0.0291137695
-0.0044555664
-0.0612182617
-0.0228881836
0.0353393555
-0.0163574219
0.0324096680
0.0168457031
0.0905761719
0.0355224609
-0.0404052734
0.0030517578
0.0147094727
0.0521850586
-0.0076904297
0.0220336914
0.0189208984
0.0227050781
-0.0306396484
0.0139160156
-0.0131835938
-0.0087890625
-0.0108032227
-0.0364990234
-0.0093383789
0.0288696289
0.0068359375
0.0326538086
-0.0002441406
-0.0184936523
0.0286254883
0.0235595703
0.0493164062
-0.2595214844
-0.2373657227
0.0745239258
-0.0430908203
-0.2241210938
0.2309570312
-0.1902465820
-0.1652832031
0.0504760742
0.2427978516
-0.1124877930
0.2686157227
0.0808105469
-0.2183837891
-0.1215209961
-0.1583862305
0.0151367188
0.0093383789
0.0144653320
0.0168457031
0.0062255859
0.0073852539
0.0151367188
-0.0161743164
0.0009155273
-0.0227050781
-0.0024414062
-0.0078125000
0.0085449219
0.0116577148
-0.0049438477
0.0026855469
0.0024414062
0.0214233398
-0.0208129883
0.0130004883
-0.0215454102
-0.0056762695
-0.0012207031
-0.0080566406
-0.0084838867
-0.0010986328
-0.0065917969
-0.0019531250
0.0071411133
0.0019531250
-0.0169677734
-0.0155029297
