-0.0175170898
-0.0217895508
0.0493774414
-0.0112915039
0.0061645508
0.0296020508
-0.0480346680
-0.0113525391
0.0274658203
-0.0379638672
0.0170288086
0.0305175781
-0.0070800781
-0.0081787109
0.0299072266
-0.0211791992
0.0551147461
-0.0701293945
-0.0187377930
0.0651245117
0.0745849609
-0.0096435547
-0.0368652344
-0.0667114258
-0.0679321289
-0.0609741211
0.0150756836
0.0236816406
-0.0868530273
0.0643920898
-0.0067138672
-0.1068725586
-0.2197265625
-0.0542602539
-0.1010131836
0.0473632812
-0.0324707031
-0.1949462891
0.1825561523
-0.0195922852
-0.2021484375
-0.1801757812
-0.0953369141
-0.0595092773
0.0266723633
-0.1357421875
0.0600585938
0.2166137695
-0.1655273438
0.1202392578
0.2078857422
-0.2300415039
0.2832641602
-0.2299804688
-0.1807250977
0.0837402344
-0.1539916992
-0.1992187500
-0.2493286133
-0.0845947266
0.1785888672
0.2034912109
-0.1189575195
0.1510620117
-0.0092163086
0.0065917969
-0.0123901367
-0.0194702148
-0.0102539062
0.0024414062
0.0270385742
-0.0042724609
0.0205078125
-0.0089721680
-0.0106811523
0.0023803711
0.0239257812
0.0040283203
-0.0131835938
0.0146484375
-0.1138916016
-0.2658081055
0.0324707031
0.2167968750
-0.1801757812
0.2872924805
-0.1988525391
0.2122192383
0.2801513672
-0.2832641602
0.2529907227
-0.1623535156
0.2159423828
0.2387084961
0.3062133789
0.4212646484
0.0032348633
-0.0044555664
0.0022583008
0.0010986328
0.0009155273
-0.0012817383
0.0015258789
0.0067138672
-0.0140380859
-0.0058593750
0.0113525391
-0.0015258789
-0.0015258789
0.0015258789
-0.0130615234
-0.0076904297
-0.1207885742
-0.1538696289
0.0433349609
-0.0285034180
-0.1814575195
0.1466674805
-0.1733398438
-0.0972290039
0.0753173828
0.1822509766
-0.1087036133
0.1479492188
-0.0039672852
-0.1651611328
-0.0520019531
-0.1470336914
0.0265502930
-0.0071411133
-0.0056152344
-0.0083618164
0.0254516602
-0.0177612305
-0.0170898438
-0.0160522461
0.0047607422
0.0395507812
0.0319213867
0.0054321289
0.0138549805
0.0302734375
0.0093994141
0.0086669922
0.0684814453
-0.0253295898
-0.0083618164
0.0618286133
0.0120849609
0.0689086914
-0.0242309570
0.0064086914
0.0097656250
-0.0079956055
-0.0841674805
-0.0363159180
0.0127563477
-0.0293579102
0.0050048828
0.0502319336
