-0.0392456055
-0.0235595703
0.0255737305
-0.0744628906
0.0015869141
-0.0445556641
-0.0622558594
-0.0071411133
0.0089721680
-0.0195312500
0.0297851562
-0.0269775391
-0.0079956055
-0.0119628906
0.0366821289
-0.0013427734
-0.0026245117
0.0023803711
-0.0002441406
0.0158081055
0.0079956055
-0.0032958984
-0.0028686523
-0.0214843750
-0.0207519531
-0.0222167969
0.0150756836
-0.0083007812
0.0066528320
0.0270996094
-0.0069580078
-0.0296630859
-0.1265869141
-0.1057128906
-0.0391845703
-0.0194702148
0.0352172852
-0.0822753906
0.1052246094
-0.0485839844
-0.0773315430
-0.1503906250
-0.0699462891
-0.0668334961
0.0061035156
-0.0723266602
0.0101318359
0.1682128906
-0.0277709961
0.0606079102
0.1675415039
-0.1435546875
0.1126708984
-0.0445556641
-0.1121215820
0.1218872070
-0.1188964844
-0.0745849609
-0.0980224609
-0.0845336914
0.0522460938
0.0869140625
-0.1071777344
0.0890502930
-0.3160400391
-0.1021728516
-0.3062744141
0.0593261719
-0.0589599609
-0.3264160156
0.3319702148
0.3284912109
0.3518676758
-0.3135375977
-0.0527343750
-0.2764892578
0.0526123047
0.2879028320
-0.0233764648
-0.1164550781
-0.0480957031
-0.0479125977
0.0350341797
0.0214233398
-0.0785522461
0.0890502930
-0.0213623047
0.0747070312
0.1387939453
-0.0864257812
0.0495605469
-0.0811157227
0.0768432617
0.0670776367
0.1098632812
0.1047363281
-0.0211181641
-0.0106201172
-0.0088500977
-0.0281982422
0.0084228516
-0.0140380859
-0.0094604492
0.0004272461
0.0293579102
0.0070800781
0.0067138672
-0.0033569336
-0.0100097656
0.0059204102
-0.0222778320
0.0116577148
-0.1571044922
-0.2205200195
0.0224609375
-0.0828857422
-0.1522827148
0.1347656250
-0.1738281250
-0.0897216797
0.0496215820
0.1348266602
-0.1308593750
0.1975097656
0.0408325195
-0.2073364258
-0.1029663086
-0.0587158203
0.0084228516
-0.0267944336
0.0091552734
0.0347290039
0.0130004883
0.0128173828
-0.0270996094
0.0155029297
-0.0078125000
0.0288085938
0.0086059570
-0.0050048828
0.0253295898
-0.0469970703
0.0129394531
0.0229492188
0.0931396484
0.0002441406
-0.0681762695
0.1213989258
-0.0665283203
-0.0472412109
-0.0746459961
-0.0722045898
-0.0670776367
0.0894165039
-0.0484008789
0.0668334961
0.0728759766
-0.0264892578
0.0343017578
-0.0864868164
