-0.0267333984
-0.0355834961
0.0624389648
-0.0224609375
0.0088500977
0.0588378906
-0.0358886719
-0.0369873047
-0.0071411133
-0.0637817383
0.0189819336
-0.0023803711
-0.0299682617
-0.0007934570
-0.0070800781
0.0117187500
0.1012573242
-0.1023559570
0.0194702148
0.1073608398
0.0270996094
-0.0422363281
0.0325317383
-0.1146850586
-0.0916748047
-0.0529785156
0.0063476562
0.0007934570
-0.0985717773
0.0942382812
-0.0479736328
-0.0750122070
-0.1854248047
-0.0553588867
-0.1002807617
-0.0012207031
-0.0216674805
-0.1661376953
0.1218872070
-0.0557861328
-0.1274414062
-0.1300659180
-0.0797729492
-0.0944213867
0.0292358398
-0.0770874023
0.0264892578
0.1422729492
-0.1845092773
0.1622314453
0.2772827148
-0.2573852539
0.2591552734
-0.2571411133
-0.2160034180
0.1204833984
-0.1873168945
-0.1981201172
-0.2561035156
-0.2357177734
0.2238159180
0.2155761719
-0.1923217773
0.1787109375
0.0037841797
0.0046386719
0.0056762695
-0.0094604492
-0.0156860352
-0.0041503906
-0.0054321289
0.0100097656
0.0138549805
-0.0062866211
0.0098876953
0.0223388672
0.0078125000
0.0025634766
0.0159301758
-0.0056152344
-0.1310424805
-0.2750854492
0.0629882812
0.2214965820
-0.1726684570
0.2853393555
-0.1979980469
0.2050781250
0.2999877930
-0.1996459961
0.2564086914
-0.1821289062
0.2559814453
0.2088012695
0.2866210938
0.4365234375
0.0260009766
0.0100097656
0.0164184570
0.0147094727
-0.0059204102
-0.0043945312
-0.0113525391
0.0070800781
0.0071411133
-0.0106811523
0.0272216797
0.0056762695
0.0101928711
0.0013427734
0.0059814453
-0.0187988281
-0.0416870117
-0.0761718750
0.0310668945
-0.0234375000
-0.0927124023
0.0722656250
-0.0921020508
-0.0745239258
0.0253295898
0.0767211914
0.0136108398
0.0607910156
-0.0068359375
-0.0815429688
-0.0292968750
-0.0551147461
-0.0591430664
0.0788574219
0.0247802734
0.0085449219
-0.0863647461
0.0337524414
-0.0147094727
0.0949096680
-0.0831298828
0.0042724609
0.0234985352
0.1020507812
0.0296020508
-0.0416259766
0.0211791992
0.1023559570
0.0349731445
-0.0174560547
-0.0147094727
0.0500488281
0.0045776367
0.0357055664
-0.0119018555
-0.0203857422
-0.0038452148
0.0257568359
-0.0540161133
-0.0257568359
0.0153808594
-0.0041503906
-0.0236206055
0.0083007812
