-0.2343139648
-0.2863769531
0.1871337891
-0.2844848633
0.2587890625
-0.2416381836
-0.2085571289
0.1011352539
0.2042846680
-0.2197265625
0.3434448242
0.2581787109
-0.2519531250
-0.2305297852
0.0513916016
0.3173828125
-0.0028686523
-0.0097045898
0.0127563477
0.0118408203
0.0241088867
0.0263671875
-0.0117187500
-0.0092163086
-0.0164184570
-0.0213623047
0.0159912109
0.0162353516
0.0072021484
0.0161132812
0.0151367188
-0.0017700195
-0.0635375977
-0.0454711914
-0.0323486328
0.0165405273
0.0054931641
-0.0662231445
0.0543823242
-0.0380249023
-0.0807495117
-0.0275878906
-0.0075683594
-0.0557861328
0.0440673828
0.0464477539
0.0403442383
0.0283203125
-0.0546875000
0.0825195312
0.0985717773
-0.1224365234
0.0988159180
-0.0906372070
-0.0369262695
0.0900878906
-0.0435180664
-0.0825805664
-0.0915527344
-0.0527954102
0.0952148438
0.0998535156
-0.0796508789
0.1244506836
0.0162353516
0.0129394531
0.0184936523
-0.0289916992
0.0574951172
0.0302124023
-0.0194091797
-0.0139160156
-0.0061035156
0.0161132812
0.0051269531
0.0218505859
0.0106201172
-0.0183715820
0.0189208984
0.0329589844
-0.0393676758
-0.0624389648
0.0424194336
0.0374755859
-0.0180053711
0.0882568359
-0.0433959961
0.1000366211
0.0520019531
-0.0609741211
0.0914306641
-0.0550537109
0.0582885742
0.0277709961
0.0903930664
0.0783081055
-0.0020751953
0.0172119141
0.0109252930
0.0340576172
-0.0314331055
-0.0057373047
0.0259399414
0.0327758789
-0.0044555664
0.0079345703
-0.0117797852
0.0335083008
-0.0016479492
-0.0294799805
0.0081787109
-0.0214843750
-0.1820068359
-0.2411499023
0.0880126953
-0.0883178711
-0.2201538086
0.2067871094
-0.2470703125
-0.1722412109
-0.0053710938
0.2274169922
-0.1126708984
0.2380371094
0.0864257812
-0.2577514648
-0.1044311523
-0.1541137695
-0.0285034180
0.0122070312
0.0232543945
0.0090942383
0.0049438477
0.0064086914
-0.0344238281
0.0121459961
-0.0259399414
0.0286865234
0.0376586914
0.0109863281
0.0458374023
-0.0115356445
-0.0023803711
0.0165405273
0.0753173828
-0.0007324219
-0.1333007812
0.1201782227
-0.0689697266
-0.1227416992
-0.0938110352
-0.1957397461
-0.1643676758
0.1337280273
-0.0133056641
0.1599121094
0.1495971680
-0.0035400391
0.0301513672
-0.1369628906
