-0.0173339844
0.0217285156
0.0804443359
-0.0484619141
0.0567016602
0.0139770508
-0.0474853516
-0.0043334961
0.0211791992
-0.0735473633
0.0275878906
-0.0203247070
-0.0223388672
-0.0584106445
-0.0217285156
-0.0245971680
-0.0039062500
0.0130004883
-0.0231933594
0.0050048828
0.0177001953
0.0165405273
-0.0077514648
0.0081176758
-0.0047607422
0.0020751953
0.0054931641
-0.0092773438
0.0295410156
0.0078125000
0.0024414062
-0.0242919922
-0.1044311523
-0.1066894531
0.0143432617
0.0594482422
0.0160522461
-0.0935668945
0.0480957031
-0.0308837891
-0.1151123047
-0.1118774414
-0.0844726562
-0.0280761719
0.0907592773
-0.0469360352
0.0554199219
0.1524658203
-0.1483764648
0.1198120117
0.1836547852
-0.0903930664
0.2233276367
-0.1576538086
-0.1087036133
0.1394653320
-0.1660766602
-0.1193237305
-0.1345825195
-0.0877075195
0.1701049805
0.2032470703
-0.1508789062
0.1854248047
-0.0333251953
0.0185546875
-0.0186767578
0.0213623047
-0.0120239258
-0.0162353516
0.0619506836
0.0157470703
0.0276489258
0.0130004883
0.0075683594
-0.0364990234
-0.0016479492
0.0313110352
-0.0160522461
-0.0268554688
-0.0688476562
-0.1362304688
0.0109252930
0.1086425781
-0.0582275391
0.1087036133
-0.0523071289
0.1467895508
0.1287231445
-0.0509033203
0.0884399414
-0.0435791016
0.1353149414
0.0574340820
0.1302490234
0.1040039062
0.0165405273
0.0004882812
0.0462646484
-0.0067138672
0.0228271484
-0.0048217773
-0.0083007812
-0.0031127930
0.0228881836
0.0096435547
0.0024414062
0.0142211914
0.0264892578
-0.0079345703
0.0159912109
-0.0160522461
-0.2883911133
-0.3269042969
0.1510620117
-0.1422729492
-0.2819824219
0.1976318359
-0.2828979492
-0.2049560547
0.0595092773
0.2604980469
-0.1336669922
0.3231811523
0.1783447266
-0.3054809570
-0.2058105469
-0.2690429688
-0.0057373047
0.0408325195
0.0559082031
0.0099487305
-0.0313720703
0.0345458984
-0.0531616211
0.0040893555
-0.0164794922
0.0155639648
0.0425415039
0.0059204102
0.0082397461
0.0157470703
0.0183715820
0.0241088867
0.0371704102
-0.0177612305
-0.0361328125
0.0811157227
-0.0111694336
-0.0717163086
-0.0141601562
-0.0625000000
-0.0598144531
0.0345458984
0.0275268555
0.0452270508
0.0589599609
0.0180664062
0.0075073242
-0.0467529297
