-0.0701293945
-0.0621337891
0.0047607422
-0.0739746094
0.0000000000
0.0164794922
-0.0736083984
0.0084228516
-0.0341796875
-0.0448608398
0.0682983398
0.0388793945
-0.0645751953
-0.0798339844
0.0001831055
0.0520019531
-0.3210449219
0.3030395508
0.1176757812
-0.3516845703
0.0423583984
0.2719726562
-0.0009155273
0.3468017578
0.3587036133
0.0708618164
0.0682983398
0.0607299805
0.1674194336
-0.3789672852
-0.0496215820
-0.0086059570
-0.0392456055
-0.0158691406
-0.0631103516
0.0181884766
-0.0218505859
-0.0476074219
0.0142211914
-0.0579223633
-0.0269165039
-0.0649414062
-0.0293579102
0.0057373047
0.0106201172
-0.0190429688
-0.0139770508
0.0488281250
-0.0042724609
0.0930175781
0.0905151367
-0.1248168945
0.0394287109
-0.0781250000
-0.0557250977
0.0751953125
-0.0765991211
-0.1018676758
-0.0781250000
-0.1155395508
0.1191406250
0.0994262695
-0.0778198242
0.0955810547
-0.1663818359
-0.0705566406
-0.1605224609
-0.0081176758
-0.1057128906
-0.1268310547
0.1212158203
0.1085205078
0.1950683594
-0.1881713867
-0.0040893555
-0.1947021484
0.1075439453
0.1127929688
0.0014038086
0.0355834961
-0.0440673828
-0.0646972656
0.0421142578
0.0063476562
-0.0014648438
0.0462646484
-0.0239257812
0.0462646484
0.0671386719
-0.0198364258
0.0300903320
-0.0383300781
0.0196533203
0.0488281250
0.0474243164
0.0460205078
0.0461425781
0.0095214844
0.0270385742
-0.0147094727
0.0121459961
-0.0070800781
-0.0004272461
-0.0037841797
0.0299072266
-0.0027465820
-0.0052490234
0.0034179688
0.0153198242
0.0042114258
0.0051269531
0.0100708008
-0.1713867188
-0.2288208008
0.0428466797
-0.0004882812
-0.1694946289
0.1827392578
-0.1816406250
-0.1420288086
-0.0551147461
0.1542358398
-0.1146850586
0.1943359375
0.0147705078
-0.1924438477
-0.0390625000
-0.1085815430
-0.0940551758
0.0396728516
0.0007324219
-0.0201416016
-0.0506591797
0.0462646484
-0.0097045898
0.0898437500
-0.0714111328
0.0407104492
0.0704956055
0.1043090820
0.0649414062
-0.0575561523
0.0070190430
0.0600585938
0.0007324219
0.0111083984
-0.0661010742
0.0708007812
-0.0673828125
-0.0520019531
-0.0341796875
-0.0728149414
-0.0411376953
0.0265502930
0.0139160156
0.0986938477
0.0068969727
0.0758666992
-0.0750732422
-0.1027221680
