-0.0617065430
-0.0396118164
0.0479736328
-0.0449218750
-0.0293579102
-0.0307006836
-0.0679931641
-0.0126953125
-0.0125732422
-0.0565795898
0.0224609375
0.0031127930
-0.0163574219
-0.0576782227
0.0614624023
0.0120849609
-0.0128784180
0.0017089844
-0.0072631836
0.0031738281
0.0281372070
0.0011596680
-0.0126342773
-0.0048217773
-0.0128784180
-0.0264282227
0.0258178711
0.0083007812
0.0027465820
0.0178833008
-0.0015258789
-0.0485229492
-0.1798095703
-0.1007080078
-0.0922241211
-0.0073852539
0.0293579102
-0.1337280273
0.1365966797
-0.0869750977
-0.1330566406
-0.1660156250
-0.0732421875
-0.0854492188
0.0054931641
-0.0830688477
-0.0033569336
0.2244873047
-0.0852050781
0.0949707031
0.2212524414
-0.1618041992
0.1594848633
-0.1208496094
-0.1442260742
0.1916503906
-0.1355590820
-0.1223144531
-0.1183471680
-0.1145629883
0.1455688477
0.0916748047
-0.1375732422
0.1150512695
-0.3169555664
-0.0914306641
-0.3148803711
0.0298461914
-0.0183715820
-0.3142089844
0.3501586914
0.3015747070
0.3399658203
-0.3004150391
-0.0814208984
-0.2980957031
0.0396118164
0.2931518555
-0.0347290039
-0.1361694336
-0.0409545898
-0.0585327148
0.0368041992
-0.0073852539
-0.0777587891
0.1489868164
-0.1130371094
0.0868530273
0.1497802734
-0.1016235352
0.0850830078
-0.1445922852
0.0718994141
0.0855712891
0.1469726562
0.1391601562
-0.0394287109
-0.0289306641
-0.0423583984
-0.0520629883
0.0133666992
-0.0008544922
-0.0247802734
-0.0198364258
0.0011596680
0.0093994141
0.0042114258
-0.0207519531
-0.0067138672
0.0230712891
-0.0156860352
0.0534667969
-0.1950073242
-0.2315063477
0.0445556641
-0.0982666016
-0.1982421875
0.1691284180
-0.1976928711
-0.1213989258
0.0844116211
0.2133178711
-0.1998901367
0.2097167969
0.0910644531
-0.2355346680
-0.1243896484
-0.1612548828
-0.0021362305
-0.0082397461
-0.0290527344
0.0300903320
0.0036621094
-0.0094604492
-0.0213012695
-0.0020751953
0.0059814453
0.0185546875
0.0556030273
-0.0184326172
0.0394897461
-0.0302734375
0.0166015625
0.0220336914
0.0429077148
0.0185546875
-0.0142822266
0.0908813477
-0.0526123047
-0.0327148438
-0.0823974609
-0.0004272461
-0.0496826172
0.0471191406
-0.0348510742
0.0466918945
0.0500488281
-0.0567016602
-0.0072021484
-0.0161743164
