-0.0320434570
-0.0629882812
0.0206298828
-0.0623779297
0.0258789062
0.0150756836
-0.0822143555
-0.0424194336
0.0397949219
-0.1036376953
0.0441284180
0.0095214844
-0.0431518555
-0.0321044922
-0.0073242188
0.0359497070
0.0156860352
-0.0129394531
0.0096435547
0.0128784180
0.0256347656
-0.0043945312
-0.0048828125
-0.0111083984
-0.0070190430
0.0017089844
0.0168457031
0.0054321289
0.0187377930
-0.0061645508
0.0244140625
-0.0281982422
-0.0352172852
-0.0115966797
0.0009155273
0.0472412109
-0.0195922852
-0.0133056641
0.0253906250
-0.0045776367
-0.0377197266
-0.0116577148
-0.0200805664
-0.0490112305
-0.0103149414
-0.0305786133
-0.0346679688
0.0463256836
-0.2535400391
0.1993408203
0.3220825195
-0.3024902344
0.2349243164
-0.2274169922
-0.2032470703
0.1782226562
-0.2176513672
-0.2523193359
-0.2666015625
-0.1660766602
0.2926025391
0.2592163086
-0.2163085938
0.2197875977
0.0054321289
-0.0337524414
0.0270385742
-0.0066528320
0.0231323242
0.0277709961
-0.0269775391
-0.0012817383
-0.0231933594
0.0294189453
0.0378417969
0.0292968750
0.0029907227
-0.0177612305
-0.0223999023
0.0225830078
-0.1057128906
-0.1967163086
0.0622558594
0.1071777344
-0.1560058594
0.2420654297
-0.1701049805
0.2001953125
0.2095947266
-0.1082153320
0.2062377930
-0.1703491211
0.1412963867
0.1203613281
0.2518310547
0.2749633789
0.0595703125
-0.0086059570
-0.0097045898
0.0298461914
-0.0255126953
0.0077514648
0.0140991211
0.0679321289
0.0083007812
0.0147094727
-0.0199584961
-0.0031738281
0.0358886719
-0.0177612305
0.0136718750
-0.0272827148
-0.1083374023
-0.1927490234
0.0507812500
-0.0502319336
-0.2305297852
0.0986328125
-0.1718750000
-0.1558837891
-0.0567626953
0.2486572266
-0.0089721680
0.1467285156
0.0479125977
-0.1590576172
-0.1488037109
-0.0963134766
-0.0175170898
0.0058593750
-0.0096435547
0.0308837891
0.0004882812
-0.0241699219
0.0168457031
0.0087280273
-0.0201416016
-0.0009765625
0.0095825195
-0.0173950195
0.0162353516
0.0001831055
-0.0080566406
0.0168457031
0.0485839844
0.0106201172
-0.0481567383
0.0932006836
0.0087890625
-0.0639648438
-0.0378417969
-0.0522460938
-0.0789184570
0.0747680664
-0.0198364258
0.0533447266
0.0725708008
-0.0257568359
-0.0299682617
-0.0326538086
