-0.0079345703
-0.0074462891
0.0335083008
-0.0512695312
-0.0482177734
0.0140380859
-0.0323486328
-0.0129394531
0.0090332031
-0.0404052734
0.0244750977
0.0023803711
-0.0048828125
-0.0000610352
0.0235595703
0.0363769531
0.0124511719
-0.0098876953
0.0324707031
-0.0007934570
0.0150756836
0.0065917969
-0.0163574219
-0.0162963867
-0.0349731445
-0.0117187500
0.0126342773
0.0305786133
-0.0175781250
0.0163574219
0.0081787109
-0.0439453125
-0.1353149414
-0.0825195312
-0.0597534180
0.0081787109
-0.0803222656
-0.1349487305
0.1255493164
-0.0427246094
-0.0809936523
-0.0878295898
-0.1044311523
0.0160522461
0.0328979492
-0.1273803711
0.0275268555
0.1500854492
-0.2337646484
0.2029418945
0.3305053711
-0.2810058594
0.2648315430
-0.2279663086
-0.2085571289
0.1300659180
-0.2188720703
-0.2626342773
-0.2463989258
-0.1841430664
0.2617187500
0.2439575195
-0.2030029297
0.2389526367
0.0045776367
0.0020141602
0.0415649414
-0.0546875000
0.0148315430
0.0104980469
-0.0101928711
0.0045776367
-0.0046997070
-0.0023803711
0.0248413086
0.0343017578
0.0283813477
-0.0100708008
-0.0187988281
0.0254516602
-0.1512451172
-0.2386474609
0.0886840820
0.1924438477
-0.1878662109
0.2893676758
-0.1860351562
0.1993408203
0.2772216797
-0.1502685547
0.2733154297
-0.2680053711
0.1596679688
0.2329101562
0.3201293945
0.3875732422
-0.0128173828
0.0291137695
0.0463256836
0.0311279297
-0.0277709961
-0.0040893555
0.0168457031
0.0501708984
0.0068969727
-0.0444335938
-0.0272216797
0.0021972656
0.0075683594
-0.0130615234
0.0054931641
-0.0537109375
-0.1433105469
-0.1862792969
0.0784301758
-0.1210327148
-0.1918945312
0.1968383789
-0.2076416016
-0.1472778320
0.0223999023
0.2277221680
-0.0382080078
0.1412963867
0.0568237305
-0.1616821289
-0.1498413086
-0.1802368164
0.0031127930
-0.0028076172
0.0011596680
0.0244140625
0.0165405273
-0.0307617188
0.0117187500
0.0042724609
0.0031738281
-0.0025024414
-0.0008544922
-0.0146484375
0.0025634766
-0.0012817383
0.0209350586
-0.0144653320
0.0787963867
0.0255126953
0.0212402344
0.0137939453
0.0289306641
0.0346069336
0.0025634766
0.0177001953
0.0194091797
-0.0101928711
-0.0259399414
-0.0307617188
-0.0068359375
-0.0117797852
0.0039062500
0.0351562500
