0.0093994141
0.0022583008
0.0122680664
-0.0166625977
0.0032958984
0.0001220703
0.0078125000
-0.0106201172
-0.0007324219
-0.0072021484
0.0294189453
-0.0199584961
0.0058593750
-0.0113525391
0.0173339844
0.0015869141
-0.0099487305
0.0065307617
-0.0216064453
-0.0122680664
0.0278320312
0.0270996094
-0.0004272461
0.0226440430
0.0093383789
0.0070800781
-0.0144653320
0.0112915039
0.0111694336
-0.0079956055
0.0177001953
-0.0062255859
-0.1594848633
-0.0433959961
-0.0763549805
0.0626220703
-0.0160522461
-0.1137695312
0.1138305664
-0.0057983398
-0.0917968750
-0.1494750977
-0.0278930664
-0.0504760742
0.0695800781
-0.1158447266
-0.0220336914
0.1754150391
-0.0100097656
-0.0004272461
0.0465087891
0.0401611328
0.0498046875
-0.0590820312
0.0031127930
0.0198974609
-0.0230102539
-0.0222778320
-0.0283203125
-0.0654296875
0.0492553711
0.0039062500
-0.0074462891
0.0294799805
-0.0136108398
-0.0058593750
-0.0216674805
0.0050048828
0.0239257812
0.0024414062
-0.0018920898
0.0367431641
-0.0018310547
-0.0484008789
0.0122070312
0.0150146484
0.0090942383
0.0062866211
0.0005493164
0.0074462891
0.0132446289
-0.2103271484
-0.0820922852
0.1345214844
-0.0219726562
0.1793212891
-0.0919799805
0.1791381836
0.1696777344
-0.1607055664
0.1869506836
-0.1393432617
0.2150878906
0.0623779297
0.1753540039
0.2431640625
0.0080566406
0.0053100586
0.0308837891
0.0015869141
0.0023193359
0.0042114258
-0.0049438477
0.0174560547
0.0103149414
-0.0101318359
0.0109863281
0.0006103516
0.0383300781
-0.0117797852
-0.0146484375
-0.0086059570
-0.2536010742
-0.2683105469
0.1907348633
-0.1985473633
-0.3021240234
0.2655029297
-0.2938232422
-0.2745361328
-0.0468750000
0.2871704102
-0.1082153320
0.2655029297
0.1998901367
-0.2939453125
-0.2460327148
-0.1848754883
-0.0121459961
-0.0008544922
-0.0048828125
0.0091552734
0.0037231445
-0.0015869141
0.0008544922
0.0025024414
-0.0013427734
0.0122680664
0.0432128906
0.0016479492
0.0140991211
-0.0310058594
-0.0115966797
0.0213012695
0.0972900391
0.0388183594
-0.0830078125
0.1558837891
-0.0408935547
-0.1211547852
-0.1235961914
-0.0920410156
-0.1114501953
0.1459350586
-0.0709838867
0.1358032227
0.1153564453
0.0610961914
-0.0312500000
-0.1392211914
