-0.0214233398
-0.0277709961
0.0349731445
-0.0542602539
0.0358276367
-0.0191650391
-0.0642089844
-0.0090332031
-0.0071411133
-0.0629882812
0.0264282227
0.0534667969
-0.0441284180
-0.0202026367
0.0057983398
0.0154418945
-0.0054321289
0.0026245117
0.0077514648
0.0037231445
0.0164184570
0.0099487305
0.0025024414
-0.0061035156
-0.0106201172
-0.0001220703
0.0129394531
-0.0021972656
-0.0065307617
0.0183105469
0.0056152344
-0.0162353516
-0.0479125977
-0.0548706055
0.0231323242
0.0258789062
0.0025024414
-0.0252075195
0.0473022461
-0.0452880859
-0.0121459961
-0.0397949219
0.0011596680
-0.0723876953
0.0385131836
-0.0050048828
0.0322265625
0.0518188477
-0.0416259766
0.0560302734
0.1278076172
-0.0897827148
0.1163940430
-0.0468750000
-0.0797729492
0.1694335938
-0.0924072266
-0.0380249023
-0.0598754883
-0.0750122070
0.1337890625
0.0684814453
-0.0578613281
0.1032714844
-0.0366821289
-0.0104980469
-0.0341186523
0.0187988281
0.0080566406
-0.0305786133
0.0422363281
0.0430297852
0.0397949219
-0.0725708008
0.0213012695
-0.0049438477
0.0010986328
0.0084228516
-0.0096435547
-0.0130004883
-0.0184936523
-0.1856689453
-0.0708007812
0.1358032227
-0.0579223633
0.1547241211
-0.1052246094
0.1387329102
0.1593627930
-0.0786132812
0.1627197266
-0.1928710938
0.1631469727
0.1220092773
0.1779785156
0.2097778320
0.0093994141
0.0120849609
0.0136108398
0.0034790039
-0.0181274414
-0.0077514648
0.0085449219
0.0103759766
0.0006713867
0.0100097656
-0.0039062500
0.0064086914
0.0186767578
0.0018920898
0.0014648438
0.0015258789
-0.2060546875
-0.2570800781
0.0998535156
-0.1307373047
-0.1832275391
0.1923828125
-0.2257690430
-0.1617431641
0.0471191406
0.2239379883
-0.0895385742
0.2301025391
0.1104125977
-0.2891235352
-0.0867919922
-0.1595458984
-0.0061645508
0.0236206055
0.0005493164
0.0015258789
-0.0168457031
-0.0065307617
-0.0087890625
-0.0040283203
-0.0099487305
-0.0064086914
0.0134277344
-0.0042724609
0.0053710938
-0.0116577148
0.0003662109
0.0127563477
0.2576904297
-0.0443725586
-0.2456665039
0.3394775391
-0.0292358398
-0.2634277344
-0.2988281250
-0.2633056641
-0.2431640625
0.2959594727
-0.2108154297
0.2881469727
0.3283691406
-0.0095214844
0.0346679688
-0.2685546875
