-0.1968383789
-0.2382202148
0.2542114258
-0.1537475586
0.2586059570
-0.1948852539
-0.1600952148
0.0816650391
0.1857299805
-0.2153930664
0.2917480469
0.1454467773
-0.1819458008
-0.1832275391
0.0385742188
0.2097778320
0.0397338867
-0.0311889648
0.0008544922
0.0447998047
-0.0275268555
-0.0149536133
-0.0123901367
-0.0353393555
-0.0577392578
-0.0173339844
-0.0028076172
-0.0180053711
-0.0250854492
0.0253295898
-0.0034790039
-0.0035400391
-0.3438110352
-0.1884765625
-0.2438354492
-0.0754394531
-0.0229492188
-0.3253173828
0.2983398438
-0.0624389648
-0.2877197266
-0.2196044922
-0.1143188477
-0.1217651367
0.0847778320
-0.0701904297
0.0455932617
0.2803955078
-0.1222534180
0.1221313477
0.1176757812
-0.1681518555
0.1062622070
-0.0838012695
-0.0977783203
0.1387329102
-0.1012573242
-0.0949707031
-0.1358642578
-0.0906982422
0.0587768555
0.1191406250
-0.1519165039
0.1625976562
-0.0036010742
-0.0471191406
0.0253295898
0.0209960938
-0.0145263672
0.0030517578
0.0139160156
0.0076293945
-0.0039062500
0.0095214844
-0.0026245117
-0.0111083984
0.0238037109
0.0105590820
0.0060424805
-0.0025024414
-0.1341552734
-0.1140747070
0.0770263672
0.0614013672
-0.1350097656
0.1512451172
-0.1431884766
0.1911010742
0.1954956055
-0.1083374023
0.1130371094
-0.1231079102
0.1265258789
0.1444091797
0.1607055664
0.1856689453
0.0231323242
0.0441284180
0.0336914062
0.0308227539
-0.0200195312
-0.0402832031
0.0375366211
0.0000610352
0.0143432617
0.0209350586
0.0175170898
0.0115356445
-0.0199584961
-0.0281372070
0.0137939453
-0.0247802734
-0.0458374023
-0.1026611328
0.0869750977
-0.0615844727
-0.1237182617
0.0631103516
-0.1322631836
-0.1063232422
-0.0553588867
0.1235351562
0.0471801758
0.0865478516
0.0954589844
-0.1207275391
-0.0634155273
-0.0529174805
-0.2630004883
0.2106323242
0.0194702148
0.0578002930
-0.3194580078
-0.0998535156
-0.0318603516
0.2785644531
-0.3222656250
-0.0485839844
-0.0125122070
0.2575073242
0.0417480469
-0.2086791992
0.0200195312
0.2916259766
0.0751342773
0.0054931641
-0.1101684570
0.0844116211
-0.0278930664
-0.0157470703
-0.0297241211
-0.0641479492
-0.0607910156
0.0667114258
-0.0288696289
0.0780029297
0.0536499023
-0.0408325195
0.0253906250
-0.0546264648
