-0.0173339844
-0.0513305664
0.0585327148
-0.0155029297
0.0374145508
0.0142822266
-0.0550537109
0.0391235352
0.0184936523
-0.0294799805
0.0467529297
-0.0231323242
-0.0281372070
0.0053100586
0.0109863281
0.0595092773
0.0228271484
-0.0433349609
0.0187377930
0.0274047852
-0.0283203125
0.0328979492
0.0117797852
-0.0235595703
-0.0050048828
-0.0343627930
0.0366821289
-0.0086669922
-0.0308227539
0.0220336914
0.0167236328
-0.0137939453
-0.0596313477
-0.0391235352
-0.0256958008
-0.0199584961
0.0058593750
-0.0776977539
0.0496826172
-0.0007934570
-0.0570678711
-0.0125732422
-0.0230712891
-0.0059204102
0.0339355469
-0.0554809570
-0.0222167969
0.0614624023
-0.1535644531
0.1884765625
0.2899780273
-0.2608032227
0.1513061523
-0.2286376953
-0.2212524414
0.0900268555
-0.1748046875
-0.2293701172
-0.2789306641
-0.1201171875
0.2410888672
0.2061767578
-0.1984252930
0.2215576172
0.0022583008
-0.0063476562
0.0153198242
0.0341796875
0.0094604492
-0.0014038086
-0.0083007812
-0.0037841797
0.0009765625
0.0167846680
-0.0014038086
0.0020141602
-0.0069580078
-0.0042724609
0.0196533203
-0.0013427734
-0.0968017578
-0.1697998047
0.0286865234
0.1738891602
-0.1069335938
0.2003784180
-0.1425170898
0.1679077148
0.1983642578
-0.1022949219
0.1308593750
-0.1569824219
0.1884155273
0.1667480469
0.2260131836
0.3067016602
0.0216064453
-0.0024414062
0.0638427734
0.0129394531
-0.0088500977
-0.0097656250
0.0020141602
-0.0210571289
0.0132446289
-0.0133056641
0.0146484375
-0.0388183594
-0.0120849609
0.0173950195
-0.0197143555
-0.0085449219
-0.0518188477
-0.0511474609
0.0198364258
-0.0458374023
-0.1123657227
0.0379638672
-0.0787353516
-0.0739746094
-0.0405273438
0.1054687500
-0.0222167969
0.0360107422
0.0629272461
-0.0494384766
-0.0133056641
-0.0330810547
-0.3770141602
0.3561401367
0.0068359375
0.0148315430
-0.3665161133
0.0048217773
-0.1162109375
0.3672485352
-0.3279418945
0.0850830078
0.0577392578
0.3356933594
0.1126098633
-0.1760864258
0.1268310547
0.3101196289
0.0484619141
0.0173339844
-0.0165405273
0.0590820312
-0.0195312500
-0.0099487305
-0.0223999023
-0.0087890625
-0.0074462891
-0.0019531250
-0.0253295898
-0.0017700195
0.0036010742
-0.0262451172
-0.0394897461
-0.0036010742
