-0.0265502930
-0.0415039062
0.0086669922
-0.0231933594
0.0025024414
-0.0018310547
-0.0491333008
0.0046386719
0.0277099609
-0.0473632812
0.0347900391
0.0008544922
-0.0225219727
-0.0146484375
0.0108032227
0.0520019531
-0.0058593750
-0.0054321289
0.0137939453
0.0109863281
0.0574340820
0.0012817383
-0.0162353516
-0.0286254883
-0.0130615234
0.0219116211
0.0225830078
0.0273437500
-0.0126342773
0.0011596680
-0.0161132812
0.0107421875
-0.3521118164
-0.0726318359
-0.3404541016
-0.0581054688
0.0157470703
-0.3170166016
0.3367309570
-0.0264892578
-0.3799438477
-0.2720336914
-0.2077636719
-0.0957031250
0.0039672852
-0.1259155273
0.1978759766
0.3210449219
-0.0856933594
0.1264648438
0.1738891602
-0.1856079102
0.1043701172
-0.1462402344
-0.1090087891
0.1132202148
-0.1224975586
-0.1350708008
-0.1406860352
-0.0757446289
0.1370239258
0.1711425781
-0.0435791016
0.1033325195
-0.0109863281
0.0032958984
0.0114746094
0.0349121094
-0.0028686523
-0.0077514648
0.0042114258
-0.0196533203
0.0290527344
0.0048828125
0.0089721680
-0.0269775391
0.0042724609
-0.0073852539
-0.0208740234
-0.0068359375
-0.0300903320
-0.0765991211
-0.0098876953
0.0466918945
-0.0975341797
0.1161499023
0.0156250000
0.1336669922
0.1207885742
-0.0982055664
0.0664672852
-0.0177001953
0.0604248047
0.0742797852
0.0872192383
0.0945434570
0.0162963867
-0.0317993164
0.0116577148
-0.0242919922
-0.0090942383
0.0175781250
-0.0426635742
-0.0099487305
-0.0314941406
0.0437011719
0.0133056641
0.0095825195
-0.0245361328
0.0368652344
0.0068359375
0.0457153320
-0.0282592773
-0.0101928711
0.0213012695
0.0149536133
-0.0141601562
0.0411987305
-0.0249023438
-0.0292968750
-0.0043945312
0.0385742188
-0.0221557617
0.0311889648
0.0145874023
-0.0100097656
0.0014038086
-0.0324096680
0.0052490234
0.0128784180
0.0127563477
0.0040283203
-0.0032348633
0.0106201172
0.0088500977
0.0028076172
-0.0022583008
-0.0229492188
-0.0021362305
0.0175781250
0.0173950195
-0.0039672852
0.0073852539
0.0091552734
0.0040893555
0.0249633789
-0.0227050781
0.0017089844
-0.0231323242
0.0059204102
0.0137939453
-0.0065307617
0.0035400391
0.0064086914
-0.0032958984
-0.0122070312
-0.0084838867
-0.0206909180
-0.0294189453
-0.0064697266
