0.0005493164
-0.0045166016
0.0190429688
-0.0225219727
-0.0010375977
-0.0009765625
-0.0236206055
-0.0034790039
0.0002441406
-0.0239257812
-0.0021362305
0.0073242188
-0.0061035156
-0.0086669922
0.0083618164
-0.0092163086
-0.0007934570
0.0007324219
-0.0011596680
-0.0027465820
0.0144042969
-0.0020751953
-0.0048828125
0.0018310547
0.0121459961
-0.0095214844
0.0032958984
-0.0173950195
-0.0071411133
-0.0022583008
0.0153198242
-0.0267333984
-0.1600952148
-0.0512695312
-0.0668334961
-0.0325317383
0.0200805664
-0.1298217773
0.1241455078
-0.1032104492
-0.0599975586
-0.1386108398
-0.0601806641
-0.0681152344
0.0539550781
-0.0598144531
0.0589599609
0.1655273438
-0.0048828125
0.1022949219
0.1520385742
-0.1339111328
0.1029052734
-0.1210327148
-0.0827026367
0.0880737305
-0.1137695312
-0.1135864258
-0.1124877930
-0.0776977539
0.1107177734
0.0842895508
-0.0726928711
0.0779418945
-0.0938720703
0.0733642578
-0.1270141602
0.0052490234
0.0543823242
-0.0636596680
0.1120605469
0.1193237305
0.1469726562
-0.0954589844
0.0209960938
-0.0242919922
0.0336303711
0.0410766602
-0.0063476562
-0.0327148438
-0.0704956055
-0.1602172852
-0.0222167969
0.1470947266
-0.0695800781
0.1726684570
-0.1170654297
0.1918334961
0.1898193359
-0.1173095703
0.1564331055
-0.1667480469
0.1567382812
0.1567382812
0.1856689453
0.2393798828
-0.0086669922
0.0501098633
0.0673217773
-0.0048828125
-0.0042114258
-0.0378417969
0.0269775391
0.0025024414
0.0275878906
0.0280151367
0.0196533203
0.0001220703
0.0640869141
-0.0315551758
-0.0538940430
-0.0463256836
-0.2400512695
-0.2193603516
0.0573120117
-0.0971679688
-0.1890258789
0.1488647461
-0.2211303711
-0.1307983398
0.0401611328
0.1757812500
-0.0512695312
0.2296142578
0.0571289062
-0.2375488281
-0.0725708008
-0.1658325195
0.0012207031
0.0292358398
-0.0031127930
0.0211181641
-0.0092163086
-0.0061035156
0.0164184570
0.0024414062
-0.0187377930
0.0067749023
-0.0132446289
-0.0026855469
0.0112915039
-0.0136718750
0.0219726562
0.0393066406
0.1417846680
0.0433959961
-0.2504272461
0.2838745117
-0.0582275391
-0.3159790039
-0.2612915039
-0.2933349609
-0.2875976562
0.2948608398
-0.0725708008
0.3326416016
0.3194580078
0.0905761719
-0.0117797852
-0.3331298828
