-0.0209960938
-0.0036010742
0.0421142578
-0.0520629883
0.0004272461
0.0096435547
-0.0653076172
0.0015869141
0.0026855469
-0.0299072266
0.0709838867
-0.0057373047
0.0042724609
-0.0300903320
-0.0576782227
-0.0137329102
0.0150146484
-0.0154418945
-0.0258789062
0.0668945312
0.0205688477
-0.0190429688
0.0160522461
-0.0465087891
-0.0451660156
0.0305786133
0.0300292969
-0.0188598633
0.0152587891
0.0436401367
-0.0175781250
-0.0551147461
-0.0381469727
-0.0545043945
-0.0243530273
-0.0008544922
0.0247802734
-0.0346069336
-0.0023193359
-0.0571899414
0.0111083984
-0.0610351562
-0.0250854492
-0.0401000977
0.0379028320
-0.0043945312
0.0388793945
0.0812377930
-0.0774536133
0.0480346680
0.1826782227
-0.1177978516
0.1207275391
-0.0530395508
-0.1463012695
0.1119995117
-0.0876464844
-0.0753784180
-0.0797119141
-0.0297241211
0.1240234375
0.1094970703
-0.0296630859
0.0982055664
-0.3153686523
-0.0451049805
-0.3060302734
-0.0723876953
-0.0499267578
-0.3193359375
0.3173217773
0.2131958008
0.3363037109
-0.3028564453
-0.0871582031
-0.3090209961
0.0289306641
0.3361206055
-0.0070800781
-0.1215820312
-0.0789794922
-0.0679931641
0.0356445312
0.0594482422
-0.0543823242
0.1354980469
-0.0817260742
0.0471801758
0.2078857422
-0.0570068359
0.0679931641
-0.0866088867
0.0753173828
0.1306152344
0.1201782227
0.1976318359
-0.0015869141
0.0119018555
0.0163574219
-0.0267944336
-0.0216064453
-0.0341186523
0.0175170898
0.0048217773
0.0066528320
-0.0043334961
0.0358886719
-0.0246582031
0.0288085938
-0.0100097656
-0.0183715820
-0.0259399414
-0.0840454102
-0.0826416016
0.0217285156
-0.0451049805
-0.0694580078
0.0782470703
-0.0908203125
-0.0374755859
0.0307006836
0.0684204102
-0.0718994141
0.1030883789
0.0355224609
-0.1209106445
0.0006713867
-0.1114501953
-0.0412597656
0.0540161133
0.0635986328
0.0115356445
-0.0562744141
0.0379638672
-0.0475463867
0.0196533203
-0.0415649414
0.0297851562
0.0662231445
-0.0050659180
0.0850219727
-0.0109252930
0.0184326172
0.0389404297
0.0999755859
0.0178833008
-0.0863037109
0.0921630859
-0.0319824219
-0.0681152344
-0.1193847656
-0.0908203125
-0.0951538086
0.1165161133
-0.0156860352
0.0932006836
0.0797729492
-0.0480346680
-0.0678710938
-0.0875854492
