-0.0234375000
-0.0247802734
0.0384521484
0.0122680664
-0.0254516602
0.0605468750
-0.0277709961
-0.0144042969
0.0252685547
-0.0440673828
-0.0040893555
-0.0304565430
-0.0072021484
0.0043334961
0.0500488281
0.0087890625
0.0333862305
-0.0225830078
-0.0194091797
0.0325317383
0.0224609375
-0.0128173828
-0.0216674805
-0.0251464844
-0.0309448242
0.0007934570
0.0073242188
0.0273437500
0.0099487305
0.0219726562
-0.0115356445
-0.0408935547
-0.1064453125
-0.0184326172
-0.0301513672
0.0535278320
-0.0371093750
-0.0661010742
0.0784301758
-0.0201416016
-0.0601806641
-0.0477294922
-0.0422973633
-0.0465087891
0.0361938477
-0.0335083008
-0.0227661133
0.1050415039
-0.2637329102
0.1946411133
0.3195800781
-0.2412109375
0.2634887695
-0.2545166016
-0.2390136719
0.1564941406
-0.2621459961
-0.2438354492
-0.2953491211
-0.1464233398
0.2470092773
0.2601318359
-0.2273559570
0.2138061523
0.0051269531
-0.0215454102
0.0232543945
-0.0015258789
0.0133666992
0.0148315430
-0.0179443359
0.0123901367
-0.0065917969
-0.0017089844
0.0307006836
0.0031127930
0.0405883789
0.0032348633
-0.0320434570
-0.0146484375
-0.0952758789
-0.2129516602
0.0712890625
0.1707763672
-0.1823120117
0.2232055664
-0.1804199219
0.2073974609
0.1931152344
-0.1069335938
0.1762084961
-0.1020507812
0.2506713867
0.1677246094
0.1875000000
0.2982177734
0.0346069336
0.0076293945
0.0027465820
0.0216674805
-0.0075073242
0.0149536133
0.0289306641
0.0438232422
-0.0034790039
0.0252075195
-0.0256347656
0.0078735352
0.0085449219
-0.0402832031
0.0186157227
-0.0454711914
-0.0348510742
-0.0466918945
0.0347900391
-0.0300903320
-0.0835571289
0.0435791016
-0.0522460938
-0.0429077148
-0.0975341797
0.0877075195
0.0380249023
0.0358886719
0.0133056641
-0.0380859375
-0.0661621094
-0.0359497070
0.0111083984
0.0127563477
0.0220947266
0.0257568359
0.0184936523
0.0157470703
-0.0440063477
-0.0042724609
-0.0201416016
0.0047607422
0.0093383789
-0.0081787109
0.0172729492
0.0000000000
0.0000000000
0.0003662109
0.0444946289
0.0114746094
-0.0224609375
0.0527954102
0.0130615234
0.0035400391
0.0028686523
-0.0178833008
-0.0125122070
0.0159301758
-0.0012817383
-0.0096435547
0.0250244141
0.0004882812
0.0170288086
0.0033569336
