-0.0064086914
-0.0245971680
0.0390014648
-0.0013427734
-0.0067138672
0.0084228516
-0.0004272461
-0.0263671875
0.0192260742
0.0034790039
0.0214843750
0.0134277344
-0.0067749023
0.0068969727
0.0197143555
0.0180664062
0.0097045898
-0.0195312500
0.0307006836
0.0205688477
-0.0458374023
0.0147705078
-0.0080566406
-0.0221557617
-0.0318603516
-0.0177001953
0.0646362305
-0.0342407227
-0.0353393555
0.0256958008
0.0125122070
-0.0137329102
-0.2357177734
-0.0980834961
-0.1603393555
0.0494384766
0.0027465820
-0.2112426758
0.1658325195
-0.0534057617
-0.1322631836
-0.1418457031
-0.0639648438
-0.0101318359
0.0812988281
-0.1268920898
0.0734252930
0.1743164062
-0.0925292969
0.1389160156
0.2106323242
-0.1832885742
0.1672363281
-0.1440429688
-0.1039428711
0.1173706055
-0.1312255859
-0.1444702148
-0.1759033203
-0.1326293945
0.2143554688
0.1211547852
-0.1561889648
0.1318969727
0.0169067383
-0.0042114258
0.0128784180
0.0205078125
-0.0023193359
0.0153808594
-0.0186157227
0.0035400391
0.0055541992
0.0083007812
-0.0147705078
0.0241699219
-0.0025634766
-0.0090332031
0.0009765625
-0.0058593750
-0.0839843750
-0.2101440430
0.0181884766
0.1420288086
-0.1099853516
0.2208862305
-0.1429443359
0.1293945312
0.2370605469
-0.0567626953
0.1867065430
-0.1832275391
0.2407836914
0.1532592773
0.2093505859
0.2495117188
0.0349121094
0.0377197266
0.0452270508
-0.0077514648
-0.0294799805
-0.0119628906
0.0092773438
0.0322265625
0.0197143555
0.0121459961
0.0237426758
-0.0462646484
0.0212402344
-0.0203247070
-0.0509643555
-0.0219116211
0.0056152344
-0.0309448242
0.0447998047
-0.0301513672
-0.0241699219
0.0050659180
-0.0234985352
-0.0097045898
-0.0322265625
0.0610351562
0.0657958984
-0.0068359375
0.0218505859
-0.0250244141
-0.0108032227
-0.0046997070
-0.2996826172
0.2924804688
0.0999755859
0.1121826172
-0.3043212891
0.0528564453
-0.1627807617
0.3242187500
-0.3525390625
0.2208251953
0.1170654297
0.3001098633
0.1243896484
-0.2442016602
0.1353149414
0.3602905273
0.1403808594
0.0711669922
-0.0913085938
0.1515502930
-0.0236816406
-0.0866699219
-0.0565185547
-0.0805664062
-0.0995483398
0.1183471680
-0.0148315430
0.1058349609
0.1069946289
-0.0119018555
-0.0747070312
-0.1067504883
