0.0015869141
-0.0192260742
0.0723266602
-0.0502929688
0.0620727539
0.0076293945
-0.0358276367
-0.0025634766
0.0126953125
-0.0309448242
0.0468750000
-0.0209960938
0.0082397461
0.0053710938
0.0231323242
0.0391845703
0.0219726562
-0.0116577148
-0.0007934570
0.0208740234
0.0004272461
-0.0012817383
0.0007324219
-0.0070800781
-0.0209350586
-0.0176391602
0.0006713867
-0.0106811523
-0.0168457031
0.0156860352
-0.0117797852
0.0031127930
-0.1801757812
-0.0730590820
-0.1099853516
-0.0181884766
0.0106201172
-0.1203002930
0.0944213867
-0.0291137695
-0.0886840820
-0.1068725586
-0.0523681641
-0.0471191406
0.0373535156
-0.0037841797
0.0280151367
0.1263427734
-0.1264038086
0.2114257812
0.3347167969
-0.2647705078
0.2442016602
-0.2188110352
-0.1706542969
0.2568359375
-0.1452026367
-0.1210937500
-0.1950073242
-0.2003784180
0.2575073242
0.2250976562
-0.2050781250
0.2267456055
-0.0137329102
-0.0131835938
-0.0047607422
-0.0322265625
0.0053100586
-0.0018310547
-0.0183105469
-0.0288696289
-0.0078735352
-0.0379638672
0.0281372070
0.0106201172
0.0131225586
0.0002441406
-0.0149536133
0.0633544922
-0.1737060547
-0.2513427734
-0.0053100586
0.2113037109
-0.1729736328
0.2781982422
-0.2095336914
0.2433471680
0.2982177734
-0.0936279297
0.2636108398
-0.2085571289
0.2728271484
0.1724853516
0.3057861328
0.4262084961
0.0157470703
0.0020141602
-0.0187988281
0.0116577148
-0.0006713867
-0.0003662109
-0.0025634766
0.0054931641
-0.0119018555
-0.0333862305
0.0420532227
-0.0012207031
0.0078125000
-0.0151977539
0.0316162109
-0.0330810547
-0.0068969727
-0.0955810547
0.0621337891
-0.0787353516
-0.1062622070
0.0202026367
-0.1240234375
-0.0552978516
0.0010375977
0.1027221680
0.0451049805
0.0603637695
0.0675659180
-0.0843505859
-0.0883178711
0.0111694336
-0.0633544922
0.0321044922
0.0420532227
0.1456298828
-0.0582275391
0.0123901367
-0.0293579102
0.0665893555
-0.0477905273
0.0578613281
0.0547485352
0.0566406250
0.0639648438
-0.0755615234
0.0695800781
0.0476684570
0.1366577148
0.0168457031
-0.1240844727
0.1427612305
0.0018310547
-0.1123046875
-0.0864868164
-0.1678466797
-0.1188354492
0.1340332031
0.0337524414
0.1406860352
0.1571044922
-0.0208740234
0.0057373047
-0.1176147461
