-0.0424194336
-0.0075683594
0.0670166016
0.0072021484
0.0142211914
0.0125122070
-0.0653076172
0.0752563477
0.0058593750
-0.0521850586
0.0317993164
0.0386352539
-0.0053710938
0.0245361328
0.0244140625
0.0321655273
0.0619506836
-0.0581665039
-0.0253295898
0.0782470703
0.0385742188
0.0027465820
-0.0020751953
-0.0718994141
-0.0954589844
0.0100708008
0.0295410156
0.0105590820
-0.0117797852
0.0888061523
0.0174560547
-0.0115966797
-0.1291503906
-0.0366821289
-0.0510253906
0.0709228516
0.0535278320
-0.1343383789
0.1294555664
-0.0385742188
-0.1779785156
-0.0513305664
-0.0357055664
-0.0171508789
-0.0285644531
-0.0682983398
0.0425415039
0.0517578125
-0.1764526367
0.1879272461
0.2663574219
-0.2941894531
0.2397460938
-0.2473144531
-0.2279052734
0.1553344727
-0.2391967773
-0.2332763672
-0.2432861328
-0.2075195312
0.2281494141
0.2359008789
-0.2594604492
0.2537231445
-0.0604858398
-0.0122070312
-0.0693969727
0.0032348633
-0.0123291016
-0.0549316406
0.0707397461
0.0168457031
0.0686035156
-0.0656738281
0.0357055664
-0.0915527344
0.0300903320
0.0169677734
0.0048217773
-0.0087890625
-0.0809936523
-0.1364746094
-0.0241699219
0.0576782227
-0.1487426758
0.1859741211
-0.0315551758
0.1051635742
0.1482543945
-0.0956420898
0.0586547852
-0.0651855469
0.1395263672
0.1054687500
0.1226196289
0.1765136719
0.0155639648
-0.0051269531
0.0234985352
-0.0031127930
0.0009155273
0.0087280273
-0.0047607422
0.0090942383
0.0098876953
0.0132446289
0.0144042969
0.0004882812
0.0039062500
0.0092163086
-0.0038452148
-0.0026245117
-0.0238647461
-0.0811767578
-0.0014038086
0.0588378906
-0.0669555664
0.0526733398
-0.0800170898
-0.0288085938
-0.0482788086
0.0763549805
-0.0031738281
0.0509643555
-0.0113525391
-0.0780639648
0.0182495117
-0.0296020508
-0.2445068359
0.2548217773
-0.0425415039
0.0468750000
-0.2671508789
0.0147094727
-0.0775756836
0.2985229492
-0.2260131836
0.0046997070
0.0891723633
0.2556152344
0.1365356445
-0.1267700195
0.0259399414
0.2579956055
0.0796508789
0.0065917969
-0.0423583984
0.0537719727
-0.0460815430
-0.0271606445
-0.0487060547
-0.0680541992
-0.0546875000
0.0306396484
-0.0357055664
0.0514526367
0.0474853516
-0.0166015625
-0.0624389648
-0.0419311523
