-0.0317993164
-0.0031738281
0.0402221680
-0.0023803711
-0.0098876953
0.0452880859
-0.0355224609
-0.0234375000
-0.0036621094
-0.0476074219
0.0018310547
-0.0057983398
0.0068969727
0.0137329102
0.0434570312
0.0100708008
0.0181274414
-0.0188598633
-0.0108642578
0.0051879883
0.0147094727
0.0035400391
0.0063476562
-0.0126953125
-0.0084228516
-0.0004882812
0.0079345703
0.0145263672
0.0322265625
0.0029296875
-0.0136718750
-0.0288696289
-0.1515502930
-0.0161132812
-0.1135864258
0.0272216797
-0.0075073242
-0.1517944336
0.1607666016
0.0042114258
-0.1478881836
-0.0709228516
-0.1232910156
-0.0693359375
0.0340576172
-0.0689086914
-0.0015258789
0.1484985352
-0.2154541016
0.1875610352
0.2863769531
-0.2943725586
0.2779541016
-0.2603149414
-0.2271118164
0.0903320312
-0.2247924805
-0.2779541016
-0.2976684570
-0.1593627930
0.2695312500
0.2490844727
-0.2260742188
0.2451171875
-0.0043334961
-0.0164184570
0.0086669922
0.0174560547
-0.0119018555
-0.0154418945
-0.0053710938
-0.0053710938
-0.0125122070
-0.0008544922
0.0057983398
-0.0040283203
-0.0054321289
0.0112304688
0.0028076172
0.0084838867
-0.1229858398
-0.1950073242
0.1104125977
0.1573486328
-0.1513671875
0.2487182617
-0.1778564453
0.1563720703
0.2121582031
-0.1083374023
0.2104492188
-0.1651611328
0.2178955078
0.1680908203
0.2393798828
0.3473510742
0.0026245117
0.0056762695
0.0323486328
0.0242309570
-0.0058593750
-0.0012817383
0.0078125000
0.0217285156
-0.0054931641
0.0159301758
-0.0223999023
0.0100708008
0.0031738281
-0.0049438477
-0.0137939453
-0.0000610352
-0.0235595703
-0.0228881836
0.0181274414
-0.0422973633
-0.0440673828
0.0563964844
-0.0233154297
-0.0670166016
-0.0371093750
0.0821533203
-0.0048828125
0.0195312500
0.0277709961
-0.0313720703
0.0006103516
-0.0568847656
0.0515747070
0.0048828125
-0.0020751953
-0.0048217773
0.0134277344
-0.0082397461
-0.0623168945
-0.0449218750
0.0274047852
0.0509033203
0.0452270508
-0.0291137695
0.0147094727
0.0291137695
-0.0006103516
-0.0229492188
0.0324096680
0.0127563477
-0.0300903320
0.0259399414
0.0170288086
-0.0098266602
0.0126953125
-0.0271606445
-0.0196533203
-0.0026245117
-0.0163574219
0.0176391602
0.0164184570
0.0097045898
-0.0305786133
-0.0134277344
