-0.1105346680
-0.1640625000
0.1409912109
-0.2146606445
0.0775756836
-0.1059570312
-0.1627197266
-0.0460815430
0.0703125000
-0.0932006836
0.1730346680
0.0703735352
-0.1489868164
-0.1411132812
0.0212402344
0.1546020508
0.0590209961
-0.0233154297
0.0513916016
0.0714721680
0.0650634766
-0.0046997070
0.0001220703
-0.0394897461
-0.0919189453
-0.0103149414
-0.0177612305
-0.0063476562
0.0168457031
0.0714111328
0.0288696289
-0.0350341797
-0.0026245117
-0.0162353516
-0.0084838867
0.0249023438
0.0258178711
-0.0217285156
0.0087890625
-0.0119018555
0.0042114258
-0.0269775391
0.0005493164
-0.0163574219
0.0184326172
0.0010375977
-0.0148925781
0.0295410156
-0.1062622070
0.1101684570
0.1948852539
-0.1825561523
0.1921386719
-0.1351928711
-0.1235351562
0.1934204102
-0.1098022461
-0.0820312500
-0.1803588867
-0.0950927734
0.1427001953
0.1720581055
-0.1285400391
0.1689453125
-0.0402221680
0.0034179688
-0.0167236328
-0.0273437500
0.0009155273
-0.0428466797
0.0485839844
0.0350952148
0.0504760742
-0.0453491211
0.0084838867
-0.0429687500
0.0052490234
0.0629272461
0.0300292969
0.0138549805
-0.0537719727
-0.1583251953
-0.0674438477
0.0975952148
-0.0743408203
0.1781005859
-0.0413208008
0.1155395508
0.2020874023
-0.0437622070
0.1020507812
-0.1468505859
0.1438598633
0.0609130859
0.1956176758
0.1785888672
0.1145629883
0.3259277344
0.1388549805
0.2215576172
-0.2971191406
-0.2440795898
0.3329467773
0.2877807617
0.0785522461
0.1091308594
-0.1549682617
-0.0196533203
0.1878051758
-0.3169555664
-0.2213134766
-0.3973999023
0.0145874023
-0.0508422852
-0.0118408203
0.0125122070
-0.0578002930
0.0578613281
-0.0615234375
-0.0283813477
-0.0137329102
0.0615234375
-0.0482788086
0.0618286133
0.0070190430
-0.0549316406
0.0232543945
0.0051879883
-0.0158691406
0.0284423828
0.0057373047
0.0266723633
-0.0321044922
0.0177001953
-0.0036621094
-0.0041503906
-0.0326538086
-0.0017700195
0.0194091797
0.0150146484
0.0117187500
-0.0033569336
0.0206298828
0.0334472656
0.0592041016
0.0216674805
-0.0371093750
0.1109008789
-0.0239257812
-0.0198364258
-0.0283813477
-0.0655517578
-0.0541992188
0.0286254883
-0.0350952148
0.0703125000
0.0618896484
-0.0100708008
-0.0421752930
-0.0359497070
