-0.0510864258
-0.0263061523
0.0369262695
-0.0581054688
-0.0169677734
-0.0142211914
-0.0253906250
0.0159912109
0.0229492188
-0.0205078125
0.0483398438
0.0579223633
-0.0254516602
-0.0343627930
0.0128173828
0.0001220703
-0.0064697266
0.0006713867
0.0130004883
-0.0007324219
0.0177001953
0.0219726562
0.0018310547
-0.0090332031
-0.0108642578
-0.0061035156
-0.0114135742
-0.0037841797
0.0139160156
0.0018920898
-0.0053710938
-0.0253906250
-0.0935058594
-0.0457763672
-0.0651855469
-0.0074462891
0.0372314453
-0.1056518555
0.0864868164
-0.0302734375
-0.0833740234
-0.1118774414
-0.0581054688
-0.0479125977
0.0629272461
-0.0156860352
0.0314331055
0.1162109375
-0.1920776367
0.2201538086
0.2814941406
-0.2290649414
0.2221679688
-0.2351684570
-0.1765136719
0.1831665039
-0.1700439453
-0.2070312500
-0.2291259766
-0.2120361328
0.2570800781
0.2305908203
-0.1708984375
0.2020263672
-0.0094604492
0.0325317383
0.0048828125
-0.0487060547
-0.0002441406
0.0155029297
0.0042724609
-0.0256347656
0.0178833008
0.0021362305
-0.0047607422
0.0028076172
0.0007324219
-0.0037231445
0.0078125000
0.0132446289
-0.2095336914
-0.2031860352
0.0952148438
0.1951293945
-0.1547851562
0.3042602539
-0.2462158203
0.1872558594
0.2925415039
-0.0798950195
0.2556762695
-0.2107543945
0.1642456055
0.2308959961
0.3409423828
0.4384155273
0.0296630859
0.0312500000
0.0388793945
0.0266723633
-0.0202026367
0.0035400391
0.0632934570
0.0715942383
0.0324096680
-0.0162963867
-0.0195922852
-0.0126953125
0.0350341797
-0.0435180664
-0.0796508789
-0.0490722656
-0.0211181641
-0.0479125977
-0.0214843750
-0.0158081055
-0.1017456055
0.0319824219
-0.0660400391
-0.0128784180
0.0176391602
0.0413818359
-0.0422363281
0.0335083008
-0.0281372070
-0.0398559570
-0.0010986328
-0.0391845703
0.0511474609
-0.0092163086
-0.0222778320
-0.0083007812
0.0247802734
-0.0241088867
0.0222778320
-0.0415039062
0.0438232422
0.0249633789
-0.0225219727
-0.0402221680
-0.0083007812
0.0255126953
0.0266723633
-0.0006103516
0.0839233398
0.0588378906
-0.1102905273
0.1729125977
-0.0788574219
-0.1146240234
-0.1273193359
-0.1469116211
-0.0744018555
0.1518554688
-0.0056762695
0.1422119141
0.1362304688
-0.0097045898
0.0007324219
-0.1063232422
