-0.0084838867
-0.0007934570
0.0366210938
-0.0187988281
-0.0006713867
-0.0020751953
-0.0333862305
-0.0127563477
0.0171508789
-0.0516967773
0.0097045898
0.0355834961
-0.0158081055
-0.0132446289
0.0001220703
-0.0163574219
0.0026245117
-0.0010375977
0.0086059570
0.0000610352
0.0264282227
0.0088500977
0.0062255859
0.0059814453
0.0018920898
0.0046997070
-0.0000610352
-0.0001220703
0.0254516602
0.0147094727
-0.0020141602
-0.0419311523
-0.0894165039
-0.0400390625
0.0092773438
0.0345458984
0.0189208984
-0.0734863281
0.0776367188
-0.0720825195
-0.0455932617
-0.0673217773
-0.0411987305
-0.0612182617
0.0570068359
-0.0375366211
0.0198364258
0.1185302734
-0.1040649414
0.1079101562
0.1749877930
-0.2008056641
0.1599121094
-0.1279907227
-0.1060180664
0.1607666016
-0.1863403320
-0.1369628906
-0.1314697266
-0.1616821289
0.1578979492
0.1508178711
-0.0853881836
0.1165771484
-0.0294799805
0.0070800781
-0.0098876953
0.0024414062
0.0258789062
-0.0016479492
0.0140380859
0.0383300781
0.0098266602
0.0042114258
0.0118408203
-0.0022583008
0.0234985352
0.0138549805
-0.0292968750
0.0017089844
-0.0214843750
-0.1454467773
-0.0057983398
0.1557617188
-0.0772705078
0.1363525391
-0.0438842773
0.0967407227
0.1096191406
-0.0031738281
0.1409301758
-0.1597900391
0.1441650391
0.0976562500
0.1614379883
0.1235961914
0.0066528320
0.0058593750
0.0093994141
0.0092163086
-0.0011596680
0.0017089844
0.0014038086
0.0119018555
-0.0085449219
-0.0011596680
-0.0035400391
0.0031738281
0.0056152344
-0.0087280273
0.0084228516
-0.0183105469
-0.1865234375
-0.2457885742
0.0989379883
-0.0715332031
-0.2208251953
0.1662597656
-0.2686157227
-0.1699829102
0.0394287109
0.2373657227
-0.0620727539
0.2294921875
0.0726928711
-0.3026733398
-0.1480712891
-0.1614990234
-0.0117797852
0.0100708008
-0.0042724609
0.0114746094
0.0004272461
-0.0269775391
0.0009765625
0.0081787109
-0.0023803711
-0.0032958984
-0.0079345703
0.0043945312
0.0145874023
-0.0155029297
-0.0089111328
0.0213623047
0.1119384766
0.0027465820
-0.2377319336
0.2786865234
-0.0713500977
-0.3199462891
-0.2645874023
-0.2815551758
-0.3289184570
0.3176879883
-0.0462036133
0.3271484375
0.3228759766
0.0606079102
0.0370483398
-0.3239135742
