-0.0043334961
0.0009765625
0.0180664062
-0.0167236328
-0.0025634766
-0.0124511719
-0.0226440430
0.0014648438
0.0043334961
-0.0178833008
0.0098876953
0.0038452148
-0.0069580078
-0.0077514648
0.0084228516
0.0040283203
0.0187377930
-0.0575561523
-0.0039672852
0.0633544922
0.0103149414
-0.0062255859
-0.0260620117
-0.0400390625
-0.0562744141
-0.0310058594
0.0271606445
-0.0073852539
-0.0615844727
0.0575561523
0.0155029297
0.0021972656
-0.0328369141
-0.0149536133
-0.0128173828
0.0003662109
0.0424804688
-0.0270996094
0.0189819336
-0.0362548828
0.0234985352
-0.0651245117
-0.0224609375
-0.0372314453
0.0341796875
-0.0066528320
-0.0020141602
0.0916137695
-0.0177612305
0.0927734375
0.2091674805
-0.1839599609
0.1744995117
-0.1327514648
-0.1702880859
0.1538085938
-0.1432495117
-0.1072387695
-0.1371459961
-0.1311645508
0.1879272461
0.1018676758
-0.1081542969
0.1566162109
-0.3122558594
-0.1915283203
-0.2814331055
-0.0391845703
-0.0756225586
-0.3123168945
0.2581176758
0.3094482422
0.3469238281
-0.3242187500
-0.0808715820
-0.2570800781
0.1099243164
0.2792358398
-0.0470581055
-0.1712036133
-0.0748901367
-0.0384521484
0.0402221680
0.0463867188
-0.0994873047
0.0872192383
-0.0690307617
0.0709228516
0.1083374023
0.0047607422
0.0759887695
-0.0931396484
0.1174316406
0.0866699219
0.0989379883
0.1199951172
-0.0018920898
-0.0139770508
-0.0078125000
-0.0067749023
0.0137329102
0.0083618164
-0.0134277344
-0.0107421875
0.0144042969
0.0051269531
0.0112915039
0.0167236328
0.0017089844
0.0047607422
-0.0184936523
0.0159301758
-0.1788330078
-0.1902465820
0.0317993164
-0.0928344727
-0.1599121094
0.1065673828
-0.1910400391
-0.0759887695
0.0637817383
0.1271362305
-0.0949707031
0.1960449219
0.0894165039
-0.2227783203
-0.0676269531
-0.1271362305
-0.0042724609
-0.0115356445
0.0237426758
0.0104370117
-0.0203857422
0.0079345703
-0.0408935547
0.0311889648
-0.0456542969
0.0822753906
0.0232543945
0.0535888672
0.0326538086
-0.0254516602
0.0035400391
0.0274047852
0.1626586914
0.0346069336
-0.0970458984
0.1554565430
-0.0387573242
-0.0837402344
-0.1259765625
-0.0782470703
-0.0977172852
0.1024780273
-0.0621948242
0.1221313477
0.1126098633
0.0009155273
-0.0078735352
-0.1417236328
