-0.0617675781
-0.0670166016
0.0907592773
-0.0286254883
0.0079345703
-0.0017089844
-0.0453491211
0.0096435547
0.0156860352
-0.0534057617
0.0599975586
0.0251464844
-0.0642089844
-0.0131225586
-0.0020141602
0.0541381836
0.0529174805
-0.0728149414
0.0062866211
0.0849609375
0.0121459961
-0.0213012695
0.0080566406
-0.0680541992
-0.0934448242
-0.0566406250
0.0596923828
-0.0327148438
0.0038452148
0.0700683594
0.0064086914
-0.0216064453
-0.0753784180
-0.0483398438
-0.0269775391
-0.0141601562
0.0006713867
-0.0635986328
0.0445556641
-0.0274658203
-0.0256958008
-0.0332641602
-0.0178833008
-0.0527954102
0.0092773438
-0.0385131836
-0.0383911133
0.0705566406
-0.0820312500
0.1257324219
0.1535644531
-0.1426391602
0.1165771484
-0.1063232422
-0.1456909180
0.0863647461
-0.0918579102
-0.1260375977
-0.1378173828
-0.0703125000
0.1398315430
0.1078491211
-0.1262817383
0.0897827148
-0.0163574219
0.0120239258
-0.0073242188
0.0186157227
0.0344848633
-0.0268554688
0.0194091797
0.0289916992
-0.0046997070
-0.0278930664
0.0001220703
0.0142822266
-0.0089721680
0.0000610352
0.0145263672
0.0050048828
-0.1248779297
-0.1850585938
0.0668945312
0.1570434570
-0.1602783203
0.2172851562
-0.1647949219
0.1882934570
0.2275390625
-0.0971679688
0.1703491211
-0.1823730469
0.2019042969
0.1674194336
0.2386474609
0.3175048828
-0.0267944336
0.0825195312
0.0633544922
0.0808105469
-0.0648193359
-0.0127563477
0.0691528320
0.0900268555
-0.0138549805
-0.0103149414
-0.0234985352
0.0229492188
0.0498046875
-0.0372924805
0.0063476562
-0.0674438477
-0.0531616211
-0.1082153320
0.0260620117
-0.0537109375
-0.1076049805
0.0924072266
-0.1041870117
-0.1004028320
0.0375976562
0.1140136719
-0.0274047852
0.0778808594
0.0508422852
-0.1076049805
-0.0446777344
-0.0690917969
-0.3573608398
0.2968750000
0.0001220703
-0.0413818359
-0.3561401367
-0.0729980469
-0.0563964844
0.3812866211
-0.3500976562
0.0151977539
0.0443115234
0.3602905273
0.0736083984
-0.2111206055
0.1020507812
0.3194580078
0.1958007812
0.0000000000
-0.1293945312
0.1665649414
-0.0303344727
-0.0395507812
-0.0859985352
-0.1044311523
-0.0726318359
0.0717163086
-0.1099243164
0.0838623047
0.0733642578
-0.0483398438
0.0173339844
-0.0493164062
