-0.0356445312
0.0145874023
0.0164794922
-0.0979614258
0.0418701172
-0.0181274414
-0.0332641602
-0.0093994141
0.0075073242
-0.0309448242
0.0256347656
0.0313720703
-0.0365600586
-0.0692749023
0.0541992188
0.0252075195
-0.0220947266
0.0100097656
-0.0095825195
0.0042724609
0.0062866211
0.0079956055
-0.0170898438
-0.0002441406
-0.0054931641
-0.0116577148
0.0096435547
-0.0038452148
0.0128173828
0.0028686523
0.0149536133
-0.0234985352
-0.0784301758
-0.0658569336
-0.0729370117
0.0315551758
0.0727539062
-0.0668334961
0.0555419922
-0.0763549805
0.0107421875
-0.1048583984
-0.0322265625
-0.0758666992
0.0269775391
-0.0325317383
0.0201416016
0.1129760742
-0.1098022461
0.0462036133
0.2312011719
-0.1028442383
0.1364746094
-0.0632934570
-0.1413574219
0.2377929688
-0.0971069336
-0.0710449219
-0.0982666016
-0.0814819336
0.1856689453
0.1423339844
-0.0502319336
0.0716552734
-0.3164062500
-0.1025390625
-0.2813720703
0.0205078125
-0.1082153320
-0.3186035156
0.3043823242
0.2694091797
0.3563842773
-0.3048095703
-0.1044311523
-0.3096923828
0.1301269531
0.3052978516
-0.0343627930
-0.1286621094
-0.0453491211
-0.1103515625
-0.0049438477
0.0711669922
-0.0476074219
0.0908813477
-0.0020751953
0.0971069336
0.1336669922
-0.0586547852
0.0941162109
-0.0899047852
0.0886230469
0.0528564453
0.1087646484
0.0790405273
0.0165405273
-0.0171508789
0.0115966797
-0.0169677734
0.0035400391
0.0125732422
-0.0184326172
0.0057983398
0.0036621094
-0.0147705078
-0.0101928711
0.0169677734
0.0007934570
0.0010986328
-0.0258178711
0.0100708008
-0.0170898438
-0.0510864258
-0.0143432617
-0.0000610352
-0.0231323242
0.0288696289
-0.0383300781
-0.0170898438
0.0256958008
0.0115966797
-0.0156250000
0.0860595703
-0.0000610352
-0.0748901367
0.0260009766
-0.0230102539
0.0091552734
0.0187988281
-0.0054931641
-0.0008544922
-0.0092163086
0.0207519531
-0.0545654297
0.0000000000
-0.0106201172
0.0150146484
0.0379638672
0.0125732422
0.0131225586
-0.0104370117
0.0054931641
0.0125122070
0.1596679688
-0.0205078125
-0.1251220703
0.1707763672
-0.0357055664
-0.0496215820
-0.1133422852
-0.0671386719
-0.0647583008
0.1076049805
-0.1470947266
0.1036376953
0.1295166016
-0.0345458984
0.0336303711
-0.0684204102
