-0.2450561523
-0.2837524414
0.2630615234
-0.2461547852
0.3150024414
-0.1838989258
-0.2866821289
0.0675048828
0.2129516602
-0.2879028320
0.3232421875
0.0465698242
-0.2650756836
-0.2504272461
-0.0364379883
0.2368774414
0.0217285156
-0.0364379883
0.0261840820
0.0432128906
0.0390625000
0.0113525391
-0.0344238281
-0.0471801758
-0.0439453125
-0.0208129883
0.0448608398
-0.0101318359
-0.0234375000
0.0344848633
-0.0033569336
-0.0458374023
-0.0516357422
-0.0703735352
-0.0359497070
0.0142822266
-0.0349731445
-0.0396118164
0.0429687500
-0.0371704102
-0.0452270508
-0.0426025391
-0.0104980469
-0.0631103516
0.0469970703
-0.0131835938
-0.0051879883
0.0949707031
-0.0733642578
0.1494750977
0.1992797852
-0.1632690430
0.1599731445
-0.1453247070
-0.0716552734
0.1458129883
-0.1341552734
-0.1142578125
-0.1507568359
-0.0587768555
0.1242065430
0.1700439453
-0.1434326172
0.1293945312
0.0557861328
-0.0017089844
0.0627441406
-0.0957641602
-0.0245971680
0.0540161133
-0.0366210938
0.0074462891
-0.0659790039
0.0624389648
0.0522460938
-0.0157470703
0.0263061523
-0.0429077148
0.0191040039
0.0906982422
-0.0078735352
-0.0559692383
0.0025634766
0.0775146484
-0.0641479492
0.1154785156
0.0205078125
0.1081542969
0.1238403320
-0.0432128906
0.0391845703
-0.0377807617
0.0602416992
0.0800781250
0.1122436523
0.1212158203
0.0031127930
0.0277099609
-0.0080566406
0.0494995117
-0.0606079102
-0.0301513672
0.0609130859
0.0808715820
0.0318603516
0.0016479492
-0.0215454102
-0.0045776367
-0.0001220703
-0.0480346680
0.0094604492
-0.0502929688
-0.0767211914
-0.1127929688
0.0170288086
-0.0423583984
-0.1054077148
0.0898437500
-0.1309814453
-0.0812377930
0.0657348633
0.1531982422
-0.0230712891
0.0894775391
0.0089721680
-0.1342773438
-0.0357055664
-0.0822143555
0.0031127930
-0.0020751953
0.0106811523
-0.0028686523
0.0101318359
0.0128784180
0.0068969727
-0.0092163086
0.0185546875
-0.0112915039
0.0036010742
-0.0026855469
-0.0223388672
0.0025634766
0.0331420898
0.0059814453
-0.0153198242
0.0134277344
0.0004882812
0.0222778320
0.0243530273
-0.0052490234
0.0033569336
-0.0182495117
-0.0181884766
0.0222778320
-0.0050659180
0.0082397461
0.0351562500
-0.0111694336
-0.0083618164
-0.0046997070
