-0.0128784180
-0.0021972656
0.0090332031
-0.0256347656
0.0062255859
-0.0343627930
-0.0148315430
-0.0038452148
-0.0035400391
-0.0242309570
0.0186767578
-0.0064086914
-0.0016479492
-0.0022583008
-0.0116577148
-0.0026855469
-0.0162963867
0.0090332031
0.0085449219
-0.0151977539
0.0033569336
0.0139770508
0.0100708008
0.0166015625
0.0214843750
-0.0162963867
0.0081787109
0.0001831055
0.0095825195
-0.0155029297
-0.0292358398
-0.0058593750
-0.1821899414
-0.0809936523
-0.0607299805
0.0020751953
0.0941772461
-0.1228027344
0.1052246094
-0.1546630859
-0.0964965820
-0.1464233398
-0.0416870117
-0.1152954102
0.1254272461
-0.0465087891
0.0944213867
0.1864013672
-0.0104370117
0.1013183594
0.1340942383
-0.1598510742
0.0880737305
-0.0755615234
-0.0531005859
0.1589965820
-0.0519409180
-0.1085205078
-0.0967407227
-0.1266479492
0.0817871094
0.0941162109
-0.1107788086
0.1326904297
-0.0958251953
0.0557250977
-0.0557861328
-0.0546264648
0.0089721680
-0.0595092773
0.1059570312
0.1345214844
0.0796508789
-0.0637817383
0.0844116211
-0.0097045898
0.0271606445
0.0404663086
0.0029296875
0.0494995117
-0.0610961914
-0.0797729492
0.0471801758
0.0569458008
-0.0526733398
0.0891113281
-0.0914916992
0.0517578125
0.1102294922
0.0024414062
0.0820922852
-0.1085205078
0.0895385742
0.0811157227
0.1180419922
0.1015014648
-0.0219726562
0.0234375000
0.0543823242
0.0108032227
-0.0010986328
0.0037841797
0.0294189453
0.0015869141
0.0401000977
0.0134277344
-0.0032348633
-0.0127563477
0.0411987305
-0.0258178711
-0.0322265625
-0.0217895508
-0.0453491211
-0.0515747070
-0.0033569336
-0.0095214844
-0.0460205078
0.0249023438
-0.0388793945
-0.0079956055
0.0157470703
0.0029296875
0.0006713867
0.0606689453
-0.0256958008
-0.0789794922
0.0144042969
-0.0333251953
-0.0788574219
0.0935058594
-0.0206298828
0.1220703125
-0.0661010742
0.0191040039
-0.0648803711
0.0399780273
-0.0674438477
0.0875244141
0.0880737305
0.0676269531
0.0777587891
-0.1087646484
-0.0215454102
0.1058349609
0.1671752930
0.0869750977
-0.2855834961
0.2787475586
-0.1401977539
-0.3068237305
-0.2225341797
-0.3079223633
-0.2912597656
0.2612304688
-0.0649414062
0.3090820312
0.2692260742
-0.0426025391
-0.0348510742
-0.3176879883
