-0.0108642578
0.0034790039
0.0210571289
-0.0072631836
0.0293579102
0.0238037109
-0.0200805664
0.0144653320
0.0206298828
-0.0162353516
0.0106811523
-0.0097045898
-0.0158691406
0.0122070312
0.0250854492
0.0141601562
0.0414428711
-0.0317382812
-0.0128173828
0.0256958008
0.0214233398
-0.0082397461
0.0005493164
-0.0215454102
-0.0359497070
-0.0089721680
0.0191650391
0.0102539062
-0.0065307617
0.0087890625
-0.0177612305
-0.0104980469
-0.1696777344
-0.0805664062
-0.1093139648
0.0531005859
0.0142822266
-0.1345825195
0.1159667969
-0.0659790039
-0.1394042969
-0.0936889648
-0.1052856445
-0.0474853516
0.0664672852
-0.0593872070
0.0040893555
0.1124267578
-0.2545776367
0.1859741211
0.2873535156
-0.2694702148
0.2947998047
-0.2371215820
-0.2411499023
0.1668701172
-0.2511596680
-0.2332153320
-0.2593383789
-0.1510620117
0.2296142578
0.2786254883
-0.2371215820
0.2457885742
-0.0073242188
-0.0179443359
0.0086059570
0.0020751953
-0.0211791992
-0.0054321289
0.0109863281
0.0427246094
0.0059204102
0.0037231445
0.0348510742
-0.0059204102
0.0421142578
0.0245361328
-0.0284423828
-0.0078125000
-0.1327514648
-0.2530517578
0.0465698242
0.1706542969
-0.1525878906
0.2557983398
-0.1828002930
0.1958618164
0.2712402344
-0.1232299805
0.1733398438
-0.1810302734
0.2506713867
0.1591186523
0.2000732422
0.2932739258
0.0372314453
0.0032958984
0.0078125000
0.0489501953
-0.0364379883
-0.0487670898
0.0718994141
0.0974731445
-0.0128173828
0.0128784180
-0.0407104492
0.0359497070
0.0117187500
-0.0508422852
0.0518188477
-0.0657958984
-0.0562133789
-0.0847778320
0.0105590820
-0.0309448242
-0.1239013672
0.0920410156
-0.0965576172
-0.0914916992
-0.0449218750
0.1511230469
-0.0397949219
0.0939941406
0.0418701172
-0.0999145508
-0.0571899414
-0.1029663086
0.0156250000
-0.0053710938
-0.0114135742
0.0083007812
0.0081176758
0.0177612305
-0.0380249023
-0.0002441406
-0.0375976562
0.0187377930
-0.0034179688
0.0158691406
0.0147094727
-0.0194702148
0.0105590820
0.0134887695
0.0615234375
0.0034179688
-0.0468750000
0.0810546875
-0.0260009766
-0.0330200195
-0.0135498047
-0.0459594727
-0.0352172852
0.0384521484
-0.0085449219
0.0414428711
0.0518798828
0.0040283203
-0.0346679688
-0.0166625977
