-0.0209960938
-0.0189819336
0.0327148438
-0.0322875977
0.0319213867
-0.0087280273
-0.0397949219
-0.0220947266
-0.0133666992
-0.0299072266
0.0307006836
0.0239257812
-0.0126342773
-0.0169677734
0.0425415039
0.0065307617
-0.0008544922
-0.0117187500
0.0071411133
0.0235595703
0.0116577148
0.0030517578
0.0010986328
-0.0211791992
-0.0089111328
0.0007934570
0.0258178711
-0.0014648438
0.0029907227
0.0143432617
0.0169677734
-0.0321655273
-0.1095581055
-0.0588378906
-0.0088500977
0.0008544922
0.0085449219
-0.0845947266
0.0743408203
-0.0844726562
-0.0661010742
-0.0918579102
-0.0418090820
-0.0675659180
0.0758666992
-0.0299072266
0.0436401367
0.1154174805
-0.0437622070
0.0695190430
0.1674194336
-0.1777343750
0.1480102539
-0.1250610352
-0.0673217773
0.1612548828
-0.1587524414
-0.1154785156
-0.1643066406
-0.0957031250
0.1818237305
0.1404418945
-0.0736694336
0.1133422852
-0.0548706055
0.0485839844
-0.0349121094
0.0163574219
0.0034790039
-0.0328369141
0.0442504883
0.0653686523
0.0546875000
-0.0487670898
0.0307617188
-0.0031127930
-0.0114746094
-0.0042724609
-0.0393066406
-0.0108032227
-0.0694580078
-0.1935424805
0.0051269531
0.1561279297
-0.0804443359
0.1914672852
-0.0903320312
0.1659545898
0.2097778320
-0.1577148438
0.2084960938
-0.1893310547
0.1829223633
0.1260986328
0.1981811523
0.2050170898
0.0037231445
0.0503540039
0.0244750977
0.0209960938
-0.0317382812
-0.0388793945
0.0025634766
0.0184326172
-0.0055541992
0.0368652344
0.0379638672
0.0237426758
0.0305786133
-0.0230102539
-0.0402832031
-0.0474243164
-0.1247558594
-0.1538085938
0.0274658203
-0.0474243164
-0.1264038086
0.0989379883
-0.1470336914
-0.0803833008
0.0315551758
0.1087646484
-0.0418090820
0.1453247070
0.0247192383
-0.1972045898
-0.0293579102
-0.1145629883
-0.0162963867
0.0560913086
0.0108032227
0.0471191406
-0.0294799805
-0.0188598633
-0.0918579102
-0.0141601562
-0.0078125000
0.0156250000
0.0236816406
-0.0014648438
0.0875854492
-0.0433349609
-0.0372924805
0.0300292969
0.2086181641
0.0253906250
-0.2753295898
0.2899169922
-0.0449829102
-0.3063964844
-0.2727661133
-0.3129882812
-0.3067016602
0.2804565430
-0.0964355469
0.3237915039
0.3084106445
0.0234375000
-0.0004882812
-0.3145751953
