-0.0461425781
-0.0919799805
0.0614624023
-0.0651245117
0.0442504883
-0.0099487305
-0.0507202148
-0.0024414062
0.0180053711
-0.0150146484
0.1176757812
0.0198364258
-0.0106201172
-0.0353393555
0.0101318359
0.0552368164
0.0349731445
-0.0505371094
-0.0148315430
0.0466308594
-0.0064697266
0.0003051758
0.0182495117
-0.0330810547
-0.0471191406
0.0075073242
0.0711669922
-0.0139770508
-0.0496826172
0.0237426758
-0.0489501953
-0.0297241211
-0.1636962891
-0.0923461914
-0.0581054688
-0.0172729492
0.0481567383
-0.1298217773
0.0920410156
-0.0664672852
-0.0505371094
-0.0963745117
-0.0325317383
-0.0650634766
0.0564575195
0.0040893555
0.0657348633
0.0895996094
-0.0706787109
0.1637573242
0.2473754883
-0.2448120117
0.2033081055
-0.2006225586
-0.1150512695
0.1596679688
-0.0809936523
-0.1381835938
-0.2252807617
-0.1292724609
0.2548828125
0.1981811523
-0.1805419922
0.2356567383
-0.0321655273
0.0319213867
-0.0317382812
-0.0498046875
-0.0145263672
-0.0159912109
-0.0073852539
0.0249633789
0.0382690430
-0.0195922852
0.0644531250
0.0144042969
0.0286254883
-0.0349731445
0.0297241211
0.0394897461
-0.1594238281
-0.2011718750
0.1668090820
0.1215820312
-0.1767578125
0.3276367188
-0.2626342773
0.1450805664
0.3083496094
-0.1068725586
0.2557983398
-0.2337646484
0.1427001953
0.2270507812
0.3430786133
0.4431152344
0.0090332031
0.0396728516
0.0328979492
0.0279541016
-0.0234985352
-0.0116577148
0.0270385742
0.0369262695
0.0248413086
-0.0027465820
0.0116577148
0.0183715820
0.0125732422
-0.0247802734
-0.0211791992
-0.0101928711
-0.0725708008
-0.1531372070
0.0087280273
-0.0113525391
-0.1256713867
0.0870361328
-0.1558837891
-0.0914306641
0.0234985352
0.1243896484
-0.0393066406
0.0999145508
0.0067138672
-0.1140136719
-0.0634765625
-0.0625000000
0.0018310547
0.0148315430
0.0076293945
-0.0033569336
0.0062255859
0.0116577148
-0.0228271484
0.0289306641
-0.0075683594
0.0300903320
-0.0112304688
0.0096435547
0.0314331055
-0.0008544922
0.0101318359
-0.0049438477
0.0584106445
0.0756225586
-0.0447998047
0.0433959961
-0.0122680664
-0.0711669922
-0.0435791016
-0.0845947266
-0.0714721680
0.0481567383
-0.0462646484
0.0505371094
0.0582885742
-0.0104980469
-0.0358276367
-0.0261840820
