-0.0225830078
-0.0493774414
0.0562744141
-0.0446166992
0.0535888672
0.0042114258
-0.0822143555
0.0278930664
0.0203857422
-0.0067749023
0.0358276367
-0.0129394531
-0.0898437500
-0.0150146484
0.0042114258
0.0526123047
0.0006713867
0.0231323242
0.0109252930
-0.0107421875
0.0043334961
0.0201416016
0.0051879883
-0.0103149414
-0.0011596680
0.0003662109
0.0151977539
0.0177612305
0.0311279297
-0.0015258789
0.0228271484
-0.0429077148
-0.0463256836
-0.0098876953
0.0127563477
0.0003051758
-0.0053710938
-0.0225830078
0.0396728516
-0.0219116211
-0.0157470703
-0.0048828125
-0.0473022461
-0.0225219727
0.0262451172
-0.0359497070
0.0017089844
0.0408325195
0.0075683594
0.1187744141
0.1733398438
-0.2785644531
0.1887207031
-0.1391601562
-0.1640625000
0.1261596680
-0.1638793945
-0.2322998047
-0.1906127930
-0.0130004883
0.1250000000
0.1633911133
-0.1412963867
0.1942749023
0.0462646484
0.0352783203
0.0523681641
0.0100708008
0.0065917969
0.0620117188
-0.0494384766
-0.0273437500
-0.0492553711
0.0842895508
-0.0646362305
0.0151367188
-0.0050659180
-0.0466308594
0.0016479492
0.0135498047
-0.0534667969
-0.1540527344
-0.0301513672
0.1469116211
-0.0629272461
0.1593017578
-0.0947875977
0.1318359375
0.1864013672
-0.1316528320
0.1253662109
-0.0905151367
0.2306518555
0.1562500000
0.1687622070
0.1618652344
0.0552978516
-0.0260009766
0.0743408203
-0.0364379883
-0.0040283203
0.0218505859
-0.0502929688
-0.0363159180
0.0477294922
0.0248413086
0.0193481445
0.0230102539
0.0323486328
0.0353393555
-0.0357666016
0.0173339844
-0.0225830078
-0.0236206055
0.0705566406
-0.0629882812
-0.0483398438
0.0208740234
-0.0476684570
-0.0370483398
-0.0477294922
0.0632324219
0.0023803711
0.0408325195
0.0499877930
-0.0585937500
-0.0225219727
-0.0442504883
-0.3300170898
0.2904052734
0.0764770508
0.0449829102
-0.3203125000
0.0412597656
-0.1864013672
0.3645629883
-0.3011474609
0.1337280273
0.1735839844
0.3235473633
0.0966796875
-0.2691650391
0.2277221680
0.3007812500
-0.0157470703
0.0647583008
-0.0780029297
0.1561279297
0.0260009766
-0.1808471680
-0.1387329102
-0.1746215820
-0.1494140625
0.1574707031
0.0086669922
0.1865234375
0.1867675781
0.0068969727
-0.0918579102
-0.2172851562
