-0.0350341797
-0.0437622070
0.0521850586
-0.0552978516
0.0425415039
0.0019531250
-0.0368041992
0.0244750977
-0.0237426758
-0.0513916016
0.0507812500
0.0046386719
-0.0393676758
-0.0413208008
-0.0045166016
0.0328369141
-0.0568237305
0.0192260742
-0.0277099609
-0.0540771484
-0.0103149414
0.0455322266
0.0105590820
0.0534667969
0.0604248047
0.0407714844
0.0250854492
-0.0042724609
0.0103149414
-0.0361938477
-0.0075073242
0.0014648438
-0.0634765625
-0.0504150391
-0.0349121094
0.0454101562
0.0382080078
-0.0522460938
0.0575561523
-0.0287475586
-0.1034545898
-0.0905151367
-0.0672607422
-0.0389404297
0.0313110352
-0.0305175781
0.0105590820
0.0518188477
-0.0612792969
0.1061401367
0.1282958984
-0.0914916992
0.1110839844
-0.1406860352
-0.0402832031
0.1072998047
-0.1161499023
-0.1262207031
-0.1220703125
-0.1169433594
0.0996704102
0.1870117188
-0.1392822266
0.0814208984
-0.0083007812
0.0397338867
0.0022583008
0.0379028320
-0.0076904297
0.0180664062
0.0064086914
0.0018920898
0.0143432617
0.0131225586
0.0233764648
-0.0113525391
0.0054321289
0.0000610352
-0.0028686523
0.0321044922
-0.0333862305
-0.0867309570
-0.0120849609
0.1018066406
-0.0433349609
0.0822143555
-0.0485229492
0.1159667969
0.0886840820
-0.0990600586
0.0862426758
-0.0354614258
0.1166381836
0.0031738281
0.1012573242
0.0649414062
0.0268554688
0.0081176758
0.0029296875
0.0090942383
-0.0050048828
-0.0038452148
-0.0106811523
-0.0012207031
-0.0036010742
0.0252685547
0.0135498047
0.0004882812
0.0169067383
0.0003051758
0.0010986328
-0.0022583008
-0.2728881836
-0.3113403320
0.1700439453
-0.0662231445
-0.2791137695
0.2661132812
-0.2800903320
-0.2590942383
0.0397949219
0.2625122070
-0.1381835938
0.3079833984
0.1537475586
-0.3144531250
-0.1854248047
-0.2397460938
-0.0329589844
0.0299072266
-0.0040283203
0.0330200195
-0.0385131836
0.0292968750
-0.0092773438
0.0303344727
-0.0411376953
0.0278930664
0.0194091797
0.0036010742
0.0010986328
-0.0295410156
-0.0009765625
0.0330810547
0.0377197266
0.0355224609
-0.1092529297
0.1611938477
-0.0508422852
-0.1298828125
-0.0676269531
-0.1880493164
-0.0927124023
0.1089477539
-0.0974731445
0.1280517578
0.1643066406
0.0311889648
-0.0133056641
-0.1546020508
