-0.0274047852
-0.0343627930
0.0932617188
-0.0562133789
0.0008544922
-0.0115966797
-0.0816040039
-0.0562133789
0.0161132812
-0.0709838867
0.0731201172
0.0729370117
-0.0360717773
-0.0326538086
-0.0023803711
0.0467529297
0.0158691406
-0.0115356445
0.0090332031
0.0679931641
0.0502319336
-0.0109252930
-0.0325927734
-0.0596923828
-0.0747070312
-0.0080566406
0.0361938477
0.0069580078
-0.0197753906
0.0733032227
-0.0004272461
-0.0933227539
-0.0902099609
-0.0228271484
-0.0720214844
-0.0315551758
0.0382690430
-0.0806884766
0.0789184570
-0.0668334961
-0.0796508789
-0.0443725586
-0.0424804688
-0.0333251953
0.0540161133
-0.0735473633
0.0213623047
0.1026611328
-0.1260375977
0.1174926758
0.1492309570
-0.1692504883
0.2808837891
-0.1347045898
-0.1812744141
0.1844482422
-0.1371459961
-0.1213989258
-0.1438598633
-0.1397094727
0.2351074219
0.1889038086
-0.1464843750
0.1625976562
-0.0667114258
-0.0031738281
-0.0357055664
-0.0284423828
0.0094604492
-0.0589599609
0.0773315430
0.0585937500
0.0829467773
-0.0563354492
-0.0017089844
-0.0168457031
0.0382080078
0.0784301758
0.0409545898
0.0051269531
-0.1529541016
-0.1864013672
0.1146850586
0.1732177734
-0.1821899414
0.2890014648
-0.2315673828
0.1481323242
0.3210449219
-0.1632080078
0.2399902344
-0.2101440430
0.1831054688
0.2947998047
0.3238525391
0.4239501953
0.0562744141
0.0015869141
-0.0146484375
-0.0095214844
-0.0143432617
-0.0048217773
-0.0106811523
-0.0060424805
0.0349121094
0.0017700195
0.0228271484
0.0111083984
0.0392456055
0.0108642578
-0.0467529297
0.0036621094
-0.1929931641
-0.2362670898
0.0842285156
-0.1300659180
-0.2212524414
0.1374511719
-0.2646484375
-0.0989379883
0.0101318359
0.2302246094
-0.0514526367
0.1979980469
0.0848388672
-0.2294921875
-0.0876464844
-0.1784057617
-0.0251464844
-0.0185546875
0.0635986328
0.0452270508
-0.0026245117
0.0413818359
0.0150146484
0.0251464844
-0.0075073242
0.0095825195
0.0363159180
0.0048828125
0.0149536133
0.0222167969
0.0203247070
-0.0106201172
0.1686401367
-0.0440673828
-0.1370849609
0.2665405273
0.0202636719
-0.1524047852
-0.2047729492
-0.1696166992
-0.1386718750
0.2344970703
-0.1210327148
0.1835937500
0.2580566406
0.0693359375
0.0150146484
-0.1906738281
