-0.0355224609
-0.0612182617
0.0670776367
-0.0355834961
0.0074462891
0.0084228516
-0.0565795898
0.0415039062
0.0393066406
-0.0112915039
0.0465698242
0.0115966797
-0.0445556641
-0.0182495117
-0.0130615234
0.0789794922
0.0158081055
-0.0233154297
0.0205688477
0.0115356445
-0.0155639648
0.0187377930
0.0059814453
-0.0240478516
-0.0300903320
-0.0068359375
0.0175170898
-0.0045776367
-0.0054321289
0.0160522461
0.0054321289
-0.0068359375
-0.0718994141
-0.0556030273
-0.0547485352
-0.0075073242
0.0120239258
-0.1229248047
0.0695800781
0.0040283203
-0.0959472656
-0.0526123047
-0.0035400391
-0.0276489258
0.0867919922
-0.0612792969
0.0661010742
0.0534057617
-0.0274047852
0.1082763672
0.1532592773
-0.1754150391
0.1679687500
-0.1432495117
-0.0636596680
0.1229248047
-0.1148681641
-0.1754760742
-0.1518554688
-0.1268920898
0.0955810547
0.1649169922
-0.1532592773
0.1232299805
0.0227661133
0.0160522461
0.0200805664
-0.0058593750
0.0187377930
0.0397338867
-0.0162963867
-0.0164184570
-0.0096435547
0.0394287109
0.0191650391
0.0481567383
-0.0115966797
-0.0194091797
0.0105590820
0.0224609375
-0.0703735352
-0.1804199219
0.0398559570
0.1182250977
-0.0234375000
0.1917724609
-0.1342773438
0.1813964844
0.2270507812
-0.0986938477
0.1770019531
-0.1564331055
0.1763305664
0.1127929688
0.2120361328
0.2222290039
0.0092163086
0.0191040039
0.0397949219
-0.0008544922
-0.0024414062
-0.0137329102
-0.0083618164
-0.0039672852
-0.0000610352
0.0026855469
0.0127563477
0.0073852539
0.0201416016
0.0062255859
0.0002441406
-0.0001220703
-0.0575561523
-0.1011962891
0.0642700195
-0.0486450195
-0.1027221680
0.0432739258
-0.1173706055
-0.0637207031
-0.0143432617
0.1237182617
0.0198364258
0.0919799805
0.0541381836
-0.1278076172
-0.0458984375
-0.0945434570
-0.3159179688
0.3627929688
0.0902099609
0.0910644531
-0.3675537109
0.0630493164
-0.1656494141
0.3132324219
-0.3240356445
0.1621093750
0.1105957031
0.2814941406
0.0905761719
-0.2114868164
0.0844116211
0.3577880859
0.0476074219
0.0195922852
-0.0715332031
0.1177978516
-0.0473632812
-0.0791015625
-0.0189208984
-0.1274414062
-0.1011352539
0.0480957031
-0.0006713867
0.0973510742
0.0653686523
0.0679321289
-0.0615234375
-0.1029052734
