-0.0752563477
-0.0783691406
0.1206054688
-0.1145019531
0.0932617188
-0.1070556641
-0.1455688477
-0.0178222656
0.0641479492
-0.1499023438
0.0982055664
0.0173950195
-0.0991210938
-0.0579833984
0.0568847656
0.0373535156
0.0031738281
0.0005493164
-0.0161743164
0.0422973633
0.0122070312
-0.0242919922
-0.0031127930
-0.0432128906
-0.0555419922
-0.0286254883
0.0116577148
-0.0142822266
-0.0029907227
0.0496215820
-0.0190429688
-0.0166625977
-0.0846557617
-0.0263061523
-0.0205078125
0.0014038086
0.0385131836
-0.0568237305
0.0557250977
-0.0324096680
-0.0621337891
-0.0917358398
-0.0200805664
-0.0200805664
0.0572509766
-0.0070800781
0.0207519531
0.1087036133
0.0083618164
0.0144042969
0.1332397461
-0.0977783203
0.0248413086
-0.0485229492
-0.0659790039
0.1339721680
-0.0789794922
-0.0290527344
-0.0399169922
-0.0677490234
0.0274658203
0.0313720703
-0.0310668945
0.0954589844
-0.2933959961
-0.1445312500
-0.2874145508
0.0823364258
-0.1273193359
-0.3059082031
0.2729492188
0.2838745117
0.3684692383
-0.2998046875
-0.0702514648
-0.2888793945
0.1130981445
0.3067626953
-0.0711059570
-0.1803588867
-0.0307006836
-0.0383300781
0.0586547852
0.0267333984
-0.0503540039
0.0581054688
-0.0345458984
0.0751342773
0.0747680664
-0.0380249023
0.0471191406
-0.0367431641
0.0731811523
0.0636596680
0.0542602539
0.0834350586
-0.0007934570
0.0054321289
0.0045166016
-0.0109863281
-0.0094604492
-0.0014038086
-0.0031738281
0.0086669922
0.0122680664
0.0077514648
-0.0136718750
0.0091552734
-0.0010375977
-0.0193481445
0.0006103516
-0.0015258789
-0.1309204102
-0.1961669922
-0.0092163086
-0.1091308594
-0.1256103516
0.1043701172
-0.1358032227
-0.0488281250
0.0711059570
0.0928344727
-0.0812377930
0.1886596680
0.0866088867
-0.1969604492
-0.0901489258
-0.0820312500
0.0338134766
-0.0150146484
0.0383911133
0.0192260742
0.0285644531
0.0234375000
-0.0435791016
-0.0054321289
-0.0155639648
0.0343017578
0.0671386719
-0.0126342773
0.0223388672
-0.0220336914
0.0084838867
0.0292968750
0.0680541992
0.0024414062
-0.0601806641
0.0370483398
-0.0330810547
-0.0485839844
-0.0384521484
-0.0759277344
-0.0820922852
0.0608520508
-0.0169677734
0.0908813477
0.0365600586
0.0169677734
-0.0087890625
-0.0748291016
