0.0144653320
-0.0133666992
0.0275878906
-0.0273437500
-0.0423583984
-0.0377197266
-0.0028686523
0.0170288086
-0.0249633789
0.0038452148
0.0386352539
0.0090942383
-0.0116577148
-0.0346069336
0.0216064453
-0.0073852539
-0.0134887695
0.0112915039
0.0060424805
0.0067749023
0.0219726562
0.0145263672
-0.0239257812
0.0137329102
-0.0001831055
-0.0073852539
0.0151367188
0.0074462891
0.0211181641
-0.0205078125
0.0219726562
-0.0360107422
-0.0943603516
-0.0283203125
-0.0543212891
0.0033569336
0.0223999023
-0.0712890625
0.1037597656
-0.0702514648
-0.0541992188
-0.1120605469
-0.0048828125
-0.0531616211
0.0498657227
-0.0061645508
0.0240478516
0.1009521484
-0.1085815430
0.0359497070
0.2261352539
-0.1064453125
0.1470336914
-0.0831909180
-0.1840209961
0.2320556641
-0.1465454102
-0.0653076172
-0.1289672852
-0.0960083008
0.1553344727
0.1082153320
-0.1292724609
0.1023559570
-0.2955932617
-0.1649780273
-0.2876586914
0.0476074219
-0.1329956055
-0.3015136719
0.3019409180
0.2322998047
0.3245239258
-0.2894287109
-0.1326904297
-0.3081054688
0.0605468750
0.3153686523
-0.0443115234
-0.2302246094
-0.0440673828
-0.0797119141
0.0200805664
0.0551757812
-0.0745239258
0.1023559570
-0.0560913086
0.1170654297
0.1275634766
-0.0262451172
0.0506591797
-0.0786132812
0.1347045898
0.1114501953
0.0942382812
0.1768798828
-0.0033569336
0.0066528320
0.0073852539
-0.0402221680
0.0129394531
-0.0053100586
-0.0446777344
-0.0486450195
0.0233154297
-0.0174560547
0.0611572266
0.0149536133
0.0032348633
0.0230712891
-0.0642700195
0.0280151367
-0.0894775391
-0.1007690430
0.0070190430
-0.0728149414
-0.0863647461
0.0602416992
-0.0615234375
-0.0407104492
0.0104980469
0.0755615234
-0.0919799805
0.1155395508
0.0213623047
-0.0932617188
0.0009765625
-0.0735473633
0.0015869141
0.0134887695
0.0124511719
0.0081176758
0.0082397461
-0.0091552734
-0.0197143555
-0.0003051758
-0.0040283203
0.0219726562
0.0587768555
-0.0296630859
0.0061645508
-0.0208129883
-0.0052490234
0.0169677734
0.1464233398
-0.0102539062
-0.1416015625
0.0708618164
-0.0314331055
-0.0659179688
-0.1137695312
-0.0804443359
-0.0764160156
0.0971679688
-0.0067138672
0.1350708008
0.1168212891
-0.0143432617
-0.0112915039
-0.1041259766
