-0.0270385742
-0.0460815430
0.0477905273
0.0009155273
-0.0039062500
0.0078735352
-0.0532836914
0.0062866211
-0.0073242188
-0.0260620117
0.0556030273
0.0405273438
-0.0098266602
-0.0406494141
0.0507812500
0.0437011719
0.0452880859
-0.0092773438
-0.0112915039
0.0186157227
-0.0039672852
-0.0069580078
-0.0001831055
-0.0296630859
-0.0164794922
-0.0139160156
0.0290527344
-0.0136108398
-0.0031738281
0.0235595703
-0.0075073242
-0.0068969727
-0.3470458984
-0.1614379883
-0.3064575195
-0.0155029297
-0.0465698242
-0.3233642578
0.3027954102
-0.0895385742
-0.3381347656
-0.3299560547
-0.2365722656
-0.1529541016
0.0657348633
-0.1337890625
0.1532592773
0.3461303711
-0.0938720703
0.1279907227
0.1407470703
-0.1337280273
0.1312866211
-0.1697998047
-0.0523681641
0.0782470703
-0.0940551758
-0.0830078125
-0.1751098633
-0.0575561523
0.1613159180
0.1498413086
-0.0863037109
0.1547851562
0.0028686523
0.0085449219
0.0095214844
0.0107421875
0.0095214844
-0.0041503906
0.0098876953
0.0023803711
0.0132446289
0.0098876953
0.0067749023
0.0087890625
-0.0040893555
-0.0171508789
-0.0159912109
0.0042114258
-0.0432739258
-0.1340332031
0.0023803711
0.0135498047
-0.0227661133
0.1250610352
-0.0562744141
0.1118774414
0.1024169922
-0.0612792969
0.1099853516
-0.0241699219
0.1304321289
-0.0020141602
0.1293334961
0.1913452148
0.0057983398
-0.0087280273
0.0604248047
-0.0216064453
-0.0168457031
0.0006103516
0.0052490234
0.0170898438
0.0333251953
-0.0035400391
-0.0125732422
-0.0015258789
0.0139770508
0.0062255859
-0.0457153320
-0.0169677734
-0.1238403320
-0.1583251953
0.0918579102
-0.0359497070
-0.1230468750
0.1499633789
-0.1439208984
-0.1051635742
0.0237426758
0.2141113281
0.0052490234
0.1478271484
0.0625000000
-0.1552734375
-0.0176391602
-0.1425781250
0.0823974609
-0.0333862305
0.0514526367
-0.0189819336
0.0736694336
0.0078125000
-0.0602416992
-0.0617065430
0.0726318359
-0.0189819336
-0.0341186523
-0.0346679688
0.0352783203
0.0503540039
0.0491333008
-0.0441894531
0.0203247070
0.0047607422
0.0135498047
-0.0045166016
0.0126953125
0.0512695312
0.0451049805
-0.0104370117
0.0091552734
-0.0149536133
-0.0609741211
-0.0258789062
-0.0187988281
-0.0407714844
0.0133666992
0.0325317383
