-0.0198974609
-0.0430297852
0.0709838867
-0.0621948242
0.0461425781
0.0382690430
-0.0639648438
-0.0170898438
-0.0410766602
-0.0511474609
0.0920410156
-0.0023803711
-0.0414428711
-0.0762939453
0.0027465820
0.0443725586
-0.0140380859
0.0045166016
-0.0109252930
-0.0550537109
0.0220947266
0.0291748047
0.0020751953
0.0635986328
0.0581054688
0.0332031250
0.0031738281
0.0219726562
0.0211791992
-0.0554199219
-0.0510864258
0.0156250000
-0.0429077148
-0.0390014648
-0.0280151367
-0.0266113281
-0.0151367188
-0.0496215820
0.0463256836
-0.0001831055
-0.0584716797
-0.0512084961
-0.0638427734
-0.0092773438
0.0325927734
-0.0339965820
-0.0155639648
0.0347290039
-0.0458374023
0.1177978516
0.1494140625
-0.0634155273
0.1076660156
-0.1218261719
-0.0643310547
0.0552368164
-0.0758056641
-0.0739746094
-0.1285400391
-0.1026611328
0.1239624023
0.1186523438
-0.0921630859
0.1027832031
-0.0045166016
0.0174560547
-0.0075683594
-0.0091552734
0.0159912109
0.0120849609
0.0027465820
0.0003051758
0.0015258789
-0.0134277344
0.0056762695
-0.0197143555
-0.0026855469
-0.0030517578
0.0095825195
0.0167846680
-0.0354614258
-0.1420288086
0.0288085938
0.1198120117
-0.0527954102
0.0981445312
-0.0899047852
0.1225585938
0.1364746094
-0.1040039062
0.0820312500
-0.0411376953
0.1207885742
0.0262451172
0.1058349609
0.0693969727
0.0027465820
0.0160522461
0.0322875977
-0.0084838867
-0.0144042969
-0.0077514648
-0.0021362305
0.0037841797
-0.0076904297
0.0158081055
0.0047607422
0.0173950195
0.0079345703
-0.0186767578
-0.0281982422
-0.0127563477
-0.2874755859
-0.2745361328
0.1531982422
-0.1469116211
-0.2669677734
0.3101806641
-0.2730712891
-0.2792968750
0.0675659180
0.2813720703
-0.0977172852
0.2759399414
0.1762084961
-0.2970581055
-0.2133178711
-0.2404174805
0.0112304688
0.0184936523
0.0228271484
0.0406494141
-0.0164184570
0.0582885742
-0.0236206055
-0.0075073242
0.0211791992
0.0278930664
0.0227661133
-0.0073242188
0.0047607422
-0.0087280273
0.0037841797
0.0026245117
0.0827026367
0.0458984375
-0.1203002930
0.1631469727
-0.0130004883
-0.1157226562
-0.0823364258
-0.1364746094
-0.0994873047
0.1024780273
-0.0566406250
0.1013793945
0.1759643555
0.0628051758
-0.0046997070
-0.1278686523
