-0.0188598633
0.0063476562
0.0487060547
-0.0204467773
-0.0039672852
0.0176391602
-0.0729370117
0.0363769531
0.0390625000
-0.0407104492
0.0462646484
-0.0332031250
-0.0375976562
-0.0349731445
0.0009155273
0.0046386719
-0.0310058594
-0.0062255859
0.0402221680
-0.0290527344
-0.0084838867
0.0325927734
0.0169677734
0.0155639648
0.0109252930
0.0060424805
0.0011596680
0.0153808594
-0.0214233398
-0.0105590820
-0.0208740234
-0.0261840820
-0.0877685547
0.0065307617
-0.0618286133
-0.0375366211
-0.0289306641
-0.0685424805
0.0454711914
-0.0084228516
-0.0487060547
-0.0659179688
-0.0026855469
0.0122680664
0.0170288086
-0.0327148438
-0.0402221680
0.0950927734
-0.1640625000
0.1816406250
0.3040771484
-0.2266845703
0.2081298828
-0.2302856445
-0.1731567383
0.2005615234
-0.1708374023
-0.1456298828
-0.2069091797
-0.1857910156
0.2465820312
0.2075195312
-0.2322998047
0.1921997070
-0.0091552734
0.0177612305
0.0109252930
-0.0629272461
0.0228271484
-0.0322265625
-0.0008544922
0.0139770508
0.0203857422
-0.0210571289
0.0206909180
0.0086669922
-0.0006103516
0.0055541992
0.0070800781
0.0277099609
-0.1421508789
-0.1829223633
0.1737670898
0.1448364258
-0.2097778320
0.3029174805
-0.2159423828
0.1685180664
0.2801513672
-0.0358886719
0.2393798828
-0.2249145508
0.0843505859
0.3013305664
0.3464965820
0.4613037109
-0.0022583008
-0.0065917969
0.0167846680
-0.0001831055
-0.0010375977
-0.0236206055
0.0073242188
0.0004272461
0.0186767578
-0.0083007812
0.0097045898
0.0051269531
0.0167846680
-0.0110473633
-0.0025634766
-0.0167236328
-0.1652221680
-0.1931762695
0.0430297852
-0.1606445312
-0.1914062500
0.1820068359
-0.2109985352
-0.0805053711
0.0177001953
0.1549682617
-0.0637817383
0.1564941406
0.0206298828
-0.1987304688
-0.0925292969
-0.1406860352
-0.0316162109
0.0000000000
0.0582275391
0.0369262695
-0.0004882812
0.0300292969
-0.0343627930
0.0186767578
-0.0197143555
0.0368652344
0.0687866211
0.0253295898
0.0318603516
0.0032348633
-0.0089111328
0.0056762695
0.0469360352
-0.0201416016
-0.0762939453
0.1808471680
0.0000000000
-0.0397949219
-0.1452026367
-0.1177978516
-0.0310668945
0.1422729492
-0.0769653320
0.0415039062
0.1542968750
-0.0001220703
0.0518798828
-0.0520629883
