-0.0698242188
-0.0756835938
0.1406250000
-0.0881347656
0.0942993164
-0.0867919922
-0.0764770508
-0.0008544922
0.0463256836
-0.1251220703
0.1105957031
0.0455322266
-0.0851440430
-0.0817871094
0.0593872070
0.0615234375
0.0018310547
-0.0004272461
0.0145874023
0.0036010742
0.0016479492
0.0049438477
0.0084228516
-0.0058593750
-0.0111083984
-0.0018310547
0.0199584961
-0.0263671875
-0.0223388672
0.0011596680
0.0039062500
0.0083007812
-0.1459350586
-0.1154785156
-0.0771484375
-0.0298461914
0.0996093750
-0.1431884766
0.1205444336
-0.0001220703
-0.0656738281
-0.1080932617
-0.0598144531
-0.0019531250
0.0429687500
0.0055541992
-0.0623779297
0.1109008789
-0.0301513672
0.0490112305
0.1133422852
-0.0720825195
0.0936889648
-0.0116577148
-0.0558471680
0.1713867188
-0.0141601562
-0.0198364258
-0.0500488281
-0.1197509766
0.0728149414
0.1067504883
-0.0654907227
0.0840454102
-0.2815551758
0.0203247070
-0.2355957031
0.0735473633
-0.1379394531
-0.2911376953
0.2106323242
0.2192382812
0.2843017578
-0.2903442383
0.1426391602
-0.2590332031
0.1944580078
0.2557373047
-0.1156005859
-0.1085205078
-0.1026000977
-0.1417236328
0.0627441406
0.0926513672
-0.1127319336
0.2197265625
-0.1944580078
0.1879882812
0.2612915039
0.0275268555
0.1295166016
-0.1623535156
0.1080322266
0.1416015625
0.2209472656
0.2529296875
0.0536499023
0.0149536133
-0.0201416016
0.0168457031
-0.0166625977
0.0004882812
0.0411376953
0.0151367188
0.0574340820
-0.0310058594
-0.0038452148
0.0019531250
0.0165405273
-0.0029296875
-0.0148315430
0.0085449219
-0.1179199219
-0.1773681641
0.0579223633
-0.1157836914
-0.1610107422
0.1039428711
-0.2059936523
-0.0339355469
0.0758056641
0.1036987305
0.0062866211
0.1821289062
0.0578613281
-0.2037963867
-0.1188354492
-0.0092773438
-0.0308227539
0.0821533203
0.0422973633
0.1831665039
-0.0700073242
0.0217285156
-0.0874633789
0.1028442383
-0.1252441406
0.1055908203
0.2152099609
0.0729370117
0.0916748047
-0.1155395508
0.0906982422
0.1687622070
0.2520141602
0.0463256836
-0.1623535156
0.2045288086
-0.0790405273
-0.1116943359
-0.1798706055
-0.1920776367
-0.1619262695
0.1972656250
-0.0193481445
0.1496582031
0.1950073242
-0.0340576172
-0.0477905273
-0.1146240234
