-0.1948242188
-0.1624145508
0.1871948242
-0.1951904297
0.2383422852
-0.1845703125
-0.2064819336
0.0758056641
0.2108154297
-0.2123413086
0.2734985352
0.0283813477
-0.1525268555
-0.1143188477
0.0401611328
0.1137084961
0.0064086914
0.0173339844
0.0328369141
0.0102539062
0.0371093750
0.0116577148
0.0096435547
0.0006713867
0.0067138672
-0.0267333984
0.0088500977
0.0039672852
-0.0145263672
-0.0224609375
-0.0068359375
0.0250854492
-0.0368652344
0.0061645508
-0.0239257812
0.0169067383
0.0228881836
-0.0393066406
0.0222778320
-0.0042114258
-0.0314941406
-0.0142822266
-0.0100097656
-0.0230712891
-0.0065917969
-0.0028076172
-0.0343627930
0.0350952148
-0.1456909180
0.1901855469
0.2432861328
-0.2469482422
0.1730957031
-0.1566162109
-0.1497802734
0.1428222656
-0.1066894531
-0.1539916992
-0.1431274414
-0.1175537109
0.1743774414
0.2023315430
-0.1478271484
0.1116943359
0.0031738281
-0.0004882812
-0.0113525391
-0.0216674805
0.0346069336
-0.0057373047
0.0135498047
0.0347290039
0.0307006836
-0.0059814453
0.0413818359
-0.0061645508
-0.0019531250
0.0009765625
0.0227661133
0.0234375000
-0.1105346680
-0.2033081055
0.0670776367
0.1563110352
-0.1840820312
0.2271118164
-0.0707397461
0.2036132812
0.2293090820
-0.1225585938
0.2052612305
-0.1535644531
0.1662597656
0.1502685547
0.1938476562
0.2760620117
0.0593261719
0.3201904297
0.1066284180
0.2642822266
-0.2393798828
-0.1758422852
0.2469482422
0.2514648438
0.0639648438
0.1148071289
-0.1819458008
0.1851806641
0.2323608398
-0.2838745117
-0.0985717773
-0.2346191406
0.0238037109
-0.0491333008
0.0281982422
0.0158691406
-0.0583496094
0.0443115234
-0.0774536133
-0.0432128906
0.0021972656
0.0220336914
-0.0399169922
0.0253295898
0.0193481445
-0.0670166016
-0.0235595703
-0.0283813477
-0.0656127930
0.1058959961
-0.0136108398
0.0061645508
-0.1021118164
-0.0265502930
0.0235595703
0.0939941406
-0.1145629883
0.0379028320
0.0312500000
0.1185302734
0.1072387695
-0.0766601562
0.0665283203
0.0593872070
0.0786743164
0.0057373047
-0.0529174805
0.0765380859
0.0083007812
-0.0310058594
-0.0279541016
-0.0747680664
-0.0590209961
0.0556030273
-0.0589599609
0.0349121094
0.0297851562
-0.0220947266
0.0080566406
-0.0388183594
