-0.0072631836
0.0031738281
0.0185546875
-0.0068359375
0.0134277344
0.0192871094
-0.0317993164
-0.0089111328
0.0291748047
-0.0402221680
0.0225219727
0.0093994141
0.0056152344
-0.0147705078
0.0147094727
0.0024414062
0.0108032227
-0.0317993164
0.0150146484
0.0072021484
0.0109252930
0.0024414062
0.0341796875
-0.0257568359
-0.0172729492
0.0203247070
0.0076904297
0.0120849609
0.0163574219
0.0056762695
0.0354003906
-0.0296020508
-0.0878295898
0.0179443359
-0.0469360352
-0.0045166016
-0.0172119141
-0.0971679688
0.1125488281
-0.0059814453
-0.1087036133
-0.0190429688
-0.0192260742
-0.0050048828
0.0836181641
-0.0606689453
0.0322875977
0.0437011719
-0.1362304688
0.1940917969
0.2677001953
-0.2930297852
0.2516479492
-0.2685546875
-0.2144165039
0.1301879883
-0.2333984375
-0.2915039062
-0.2905883789
-0.1564941406
0.2084350586
0.2879028320
-0.2522583008
0.2894287109
-0.0103149414
-0.0046386719
0.0004272461
0.0214843750
-0.0250854492
-0.0012207031
0.0310058594
-0.0098266602
0.0202026367
0.0160522461
0.0074462891
-0.0173339844
-0.0038452148
0.0167846680
-0.0184936523
0.0179443359
-0.1516723633
-0.1439819336
0.0674438477
0.0911865234
-0.0833740234
0.2480468750
-0.1488647461
0.1646118164
0.2044677734
-0.1196899414
0.1880493164
-0.1802978516
0.1437988281
0.1268920898
0.2373046875
0.2805786133
0.0275878906
-0.0184326172
0.0179443359
-0.0133666992
0.0001831055
0.0040283203
-0.0285034180
-0.0341796875
0.0316772461
0.0038452148
0.0359497070
0.0121459961
0.0043945312
0.0258789062
0.0051879883
0.0083007812
0.0014038086
-0.0025634766
-0.0008544922
0.0076904297
-0.0051269531
0.0112915039
-0.0065917969
-0.0067749023
-0.0148315430
0.0184326172
-0.0083618164
0.0021362305
0.0089721680
-0.0057373047
0.0057373047
-0.0051269531
-0.0178833008
0.0819091797
0.0237426758
0.0745239258
0.0028076172
0.0436401367
-0.1264648438
-0.0004272461
0.0253906250
-0.0116577148
0.1030273438
-0.0330200195
0.0509033203
0.0464477539
0.0408935547
0.0267944336
-0.0004882812
0.0036621094
-0.0043945312
0.0029296875
0.0061645508
-0.0034179688
0.0177612305
-0.0123291016
-0.0057983398
-0.0092773438
0.0017089844
0.0053100586
-0.0015258789
-0.0042114258
-0.0292968750
-0.0100708008
