-0.0560913086
-0.0471801758
0.0681762695
-0.0594482422
0.0106811523
-0.0628662109
-0.1178588867
-0.0292968750
0.0256347656
-0.1153564453
0.1158447266
-0.0270996094
-0.0487060547
-0.0795288086
0.0349731445
0.0159912109
0.0072021484
-0.0142211914
0.0167236328
-0.0101318359
0.0175170898
0.0192871094
-0.0155639648
0.0118408203
-0.0048217773
-0.0130004883
0.0349731445
0.0433349609
-0.0077514648
-0.0292358398
-0.0197753906
0.0254516602
-0.3443603516
-0.1159057617
-0.3184814453
-0.0601806641
0.0031738281
-0.3310546875
0.3607177734
-0.0198364258
-0.3366088867
-0.3085937500
-0.2597045898
-0.0709228516
0.0486450195
-0.1005859375
0.0327758789
0.3301391602
-0.0419311523
0.1231689453
0.1432495117
-0.1620483398
0.1693115234
-0.1317138672
-0.1005249023
0.1353149414
-0.1127319336
-0.1356811523
-0.0953369141
-0.1083374023
0.1539916992
0.1674194336
-0.0791625977
0.1824951172
-0.0056152344
-0.0007324219
0.0029296875
0.0087280273
-0.0100708008
0.0012207031
0.0185546875
-0.0059204102
0.0101318359
0.0156250000
0.0039062500
-0.0109252930
0.0020751953
-0.0105590820
0.0228271484
0.0208129883
-0.0526123047
-0.0839233398
0.0267333984
0.0882568359
-0.0261840820
0.0922851562
0.0036621094
0.1129150391
0.1194458008
-0.0457763672
0.0404663086
-0.0029296875
0.1053466797
0.0198364258
0.0642700195
0.0781860352
0.0130004883
0.0007324219
0.0041503906
0.0028686523
-0.0097045898
-0.0040283203
-0.0070190430
0.0120849609
0.0032958984
0.0155639648
-0.0007324219
-0.0027465820
0.0079956055
0.0059814453
0.0093383789
0.0080566406
-0.1425170898
-0.1372680664
0.0333251953
-0.1002807617
-0.1505737305
0.1075439453
-0.1313476562
-0.1214599609
0.0079345703
0.1850585938
-0.0214233398
0.1696166992
0.1340942383
-0.1901245117
-0.0169677734
-0.1071777344
0.0336303711
0.0070800781
0.0031738281
0.0042724609
0.0073242188
0.0012817383
-0.0046997070
-0.0327148438
0.0162353516
0.0244140625
0.0275878906
-0.0117187500
-0.0087890625
0.0124511719
0.0028686523
0.0087280273
0.0175781250
-0.0025024414
-0.0178222656
0.0111694336
-0.0435180664
-0.0025634766
0.0028076172
-0.0131225586
-0.0183715820
-0.0252685547
-0.0139770508
-0.0032348633
-0.0145874023
0.0247802734
-0.0332031250
0.0051269531
