-0.0052947998
-0.0037231445
0.0101318359
-0.0029449463
0.0021667480
0.0081634521
-0.0041046143
-0.0155792236
-0.0075378418
-0.0096435547
-0.0039367676
-0.0007019043
-0.0031585693
-0.0079650879
0.0076446533
0.0059967041
0.0055236816
-0.0135803223
0.0116729736
0.0074615479
-0.0000610352
-0.0049743652
0.0228729248
-0.0101623535
-0.0066070557
-0.0094299316
0.0116424561
0.0041046143
-0.0110321045
0.0079803467
-0.0048217773
-0.0059814453
0.0027313232
-0.0056304932
0.0179901123
-0.0006408691
-0.0017852783
0.0060272217
-0.0037384033
0.0030364990
0.0009155273
0.0046386719
-0.0030364990
0.0083770752
-0.0039367676
-0.0060272217
0.0001678467
-0.0073242188
-0.2837066650
0.1774291992
0.3363189697
-0.1926269531
0.2516174316
-0.2572479248
-0.2438507080
0.0509185791
-0.2341766357
-0.2757110596
-0.2879791260
-0.1768951416
0.2744598389
0.2151641846
-0.1642913818
0.2118530273
0.0099029541
-0.0063781738
0.0108489990
-0.0118560791
-0.0046691895
0.0061950684
-0.0204772949
-0.0172882080
-0.0019989014
-0.0003967285
-0.0083007812
0.0127716064
-0.0072937012
-0.0164337158
0.0062103271
0.0042572021
0.0162963867
-0.0092163086
0.0111083984
0.0039367676
0.0187225342
-0.0147705078
0.0013580322
-0.0233459473
-0.0238037109
-0.0065612793
-0.0009307861
0.0032501221
0.0007781982
-0.0150909424
-0.0109710693
-0.0087280273
-0.0042419434
0.0030517578
0.0075225830
-0.0001068115
-0.0016784668
0.0061950684
0.0005493164
0.0014953613
-0.0071868896
-0.0007781982
0.0010223389
0.0045013428
0.0034332275
0.0014648438
-0.0123901367
-0.0033721924
0.0007476807
0.0202178955
-0.0160064697
-0.0028533936
0.0139160156
-0.0125427246
0.0154724121
0.0072174072
0.0036773682
-0.0140838623
0.0264434814
-0.0079040527
-0.0058441162
0.0103912354
-0.0025177002
0.0177307129
-0.0082550049
0.0047912598
-0.0186920166
0.0116729736
0.0063781738
-0.0018615723
-0.0181732178
0.0066680908
0.0096130371
0.0161132812
-0.0198059082
0.0025482178
0.0222320557
0.0227508545
0.0155639648
-0.0223541260
0.0067901611
-0.0050506592
-0.0026702881
-0.0013885498
0.0045318604
0.0030059814
0.0007324219
-0.0002136230
0.0058288574
-0.0027465820
-0.0044250488
-0.0000610352
-0.0054168701
0.0073852539
-0.0053405762
0.0019531250
