0.0076293945
0.0028991699
0.0046386719
-0.0035247803
0.0148162842
0.0010681152
-0.0086822510
0.0061798096
-0.0068206787
0.0000457764
-0.0048217773
0.0053100586
-0.0089263916
0.0081176758
0.0021362305
0.0043182373
-0.0019531250
0.0018310547
0.0012359619
-0.0025634766
-0.0010833740
0.0013122559
-0.0021820068
0.0023345947
0.0027313232
0.0039367676
0.0024566650
0.0008544922
-0.0015716553
-0.0025482178
0.0034942627
0.0056304932
0.0146331787
0.0255279541
0.0215301514
0.0075531006
0.0144500732
0.0154266357
0.0037384033
-0.0082244873
0.0147857666
0.0145263672
-0.0170135498
-0.0089111328
0.0146331787
0.0258636475
-0.0165252686
-0.0132598877
-0.1721801758
0.1795806885
0.2896270752
-0.2671356201
0.3117675781
-0.2562255859
-0.2930145264
0.0821075439
-0.2459564209
-0.2412719727
-0.2174530029
-0.1879272461
0.2125396729
0.2467041016
-0.2109069824
0.2269287109
0.0097808838
0.0032043457
0.0140991211
0.0165863037
-0.0040435791
0.0097351074
-0.0103302002
-0.0132446289
-0.0077362061
0.0088043213
-0.0015716553
0.0082397461
-0.0039062500
-0.0034179688
-0.0068511963
0.0166931152
-0.0107269287
0.0017242432
-0.0210571289
0.0143127441
-0.0025482178
-0.0016021729
0.0269775391
0.0015869141
0.0358428955
-0.0003814697
0.0008544922
0.0119018555
0.0412445068
-0.0029907227
-0.0021362305
-0.0102081299
-0.0006866455
0.0006561279
0.0076446533
-0.0015106201
0.0012664795
0.0014495850
-0.0011901855
-0.0025329590
-0.0003356934
0.0079040527
0.0058746338
0.0071258545
0.0031433105
0.0064697266
-0.0074768066
-0.0016632080
0.0053558350
0.0034027100
-0.0062713623
-0.0032958984
0.0021514893
-0.0169067383
0.0046081543
0.0090026855
0.0059356689
-0.0113677979
0.0388488770
0.0021057129
0.0050506592
0.0026702881
0.0110321045
0.0119323730
-0.0022583008
-0.0022277832
0.0009613037
0.0039367676
-0.0020446777
0.0126342773
-0.0093383789
0.0034484863
0.0020446777
-0.0062713623
0.0040588379
-0.0008087158
0.0014495850
-0.0044860840
0.0114593506
-0.0012817383
-0.0082397461
0.0010528564
0.0029907227
-0.0023803711
-0.0015716553
-0.0000305176
0.0025482178
-0.0002136230
-0.0022430420
0.0008697510
0.0011901855
-0.0008087158
0.0006713867
-0.0044860840
-0.0052337646
0.0002136230
