0.0086364746
-0.0034484863
-0.0069732666
-0.0082244873
-0.0008850098
-0.0106658936
-0.0090789795
0.0150146484
-0.0034484863
-0.0048370361
0.0089263916
0.0108489990
0.0029602051
0.0029907227
0.0082855225
-0.0010375977
0.0041046143
-0.0014953613
-0.0122528076
0.0081024170
-0.0002746582
-0.0059509277
-0.0004730225
-0.0077514648
-0.0086822510
0.0011901855
0.0007934570
-0.0134887695
0.0023498535
0.0079956055
-0.0051574707
-0.0064239502
0.0028533936
0.0012207031
-0.0003509521
0.0003051758
0.0017242432
0.0016021729
-0.0049285889
-0.0017547607
-0.0021057129
-0.0020141602
-0.0019073486
-0.0009460449
0.0020751953
-0.0001373291
0.0017547607
-0.0009002686
-0.0097961426
-0.0020446777
0.0062561035
0.0093231201
-0.0056762695
0.0007934570
0.0016632080
0.0127105713
-0.0113525391
0.0070648193
0.0080718994
-0.0057678223
-0.0008087158
-0.0014953613
0.0127716064
-0.0120239258
-0.2763671875
-0.2227172852
-0.2536621094
-0.0087890625
-0.1465454102
-0.2902679443
0.2753448486
0.2117767334
0.3058013916
-0.2881011963
-0.1875762939
-0.3332214355
0.0766448975
0.3373870850
-0.0882720947
-0.2158966064
-0.0038452148
0.0047454834
-0.0028686523
-0.0050659180
0.0063171387
0.0105133057
-0.0090789795
0.0103454590
0.0115509033
-0.0087280273
-0.0059814453
0.0041961670
0.0031433105
0.0023498535
0.0055694580
0.0018463135
0.0046691895
-0.0241394043
-0.0006561279
-0.0186004639
0.0257415771
-0.0043029785
-0.0216979980
-0.0227508545
-0.0071105957
-0.0081024170
0.0151672363
0.0080108643
-0.0181884766
0.0145111084
0.0109405518
0.0284271240
0.0017242432
0.0012207031
-0.0021514893
0.0011901855
0.0033874512
-0.0057525635
0.0053863525
0.0039215088
0.0015716553
-0.0024261475
-0.0021362305
-0.0006561279
-0.0018768311
0.0019836426
0.0022277832
-0.0013122559
-0.0029602051
0.0024871826
-0.0062255859
0.0073852539
-0.0029296875
-0.0028839111
-0.0023956299
0.0008087158
-0.0004730225
0.0037536621
0.0000610352
0.0014190674
0.0051116943
0.0027313232
0.0007476807
0.0004577637
0.0040283203
0.0048065186
-0.0051879883
0.0021667480
0.0026092529
-0.0048522949
-0.0017395020
-0.0065002441
-0.0079040527
0.0048980713
0.0108642578
0.0046081543
0.0037689209
-0.0090484619
-0.0010070801
-0.0032806396
