0.0049133301
0.0059051514
-0.0053863525
0.0007019043
-0.0017089844
0.0063781738
0.0031585693
-0.0027923584
-0.0006866455
0.0025329590
-0.0028228760
0.0005340576
0.0007476807
0.0010833740
-0.0043792725
-0.0021667480
-0.0203247070
0.0204772949
0.0160522461
-0.0209350586
0.0053558350
0.0169830322
-0.0048065186
0.0219421387
0.0225219727
-0.0096740723
0.0107269287
0.0069580078
0.0071258545
-0.0218505859
-0.0069122314
-0.0069427490
0.0028991699
0.0060424805
0.0266418457
-0.0124664307
-0.0035552979
0.0051879883
-0.0095672607
0.0107421875
0.0366516113
0.0036315918
-0.0077667236
0.0398254395
0.0001068115
-0.0223236084
-0.0286407471
0.0077667236
-0.0022735596
-0.0006866455
0.0017700195
-0.0093231201
-0.0009765625
0.0120697021
0.0062408447
-0.0060272217
-0.0020904541
-0.0253753662
-0.0130767822
0.0043792725
-0.0188903809
0.0055847168
-0.0065917969
0.0236511230
0.0032501221
-0.0033111572
0.0002593994
-0.0023345947
0.0046081543
0.0036010742
0.0009155273
-0.0009765625
-0.0022583008
0.0024871826
-0.0018463135
0.0007019043
-0.0028686523
-0.0031127930
0.0027618408
0.0017242432
0.0045318604
-0.0058288574
0.0017852783
0.0112457275
0.0185546875
-0.0080413818
0.0121917725
0.0045623779
-0.0004577637
-0.0017547607
0.0033264160
0.0073852539
0.0042572021
0.0087432861
-0.0064392090
-0.0075225830
-0.0020599365
0.0047760010
0.0150299072
-0.0055541992
0.0068969727
-0.0113372803
-0.0035247803
-0.0015869141
0.0157775879
-0.0114135742
0.0091552734
-0.0108489990
0.0117797852
-0.0025939941
-0.0050201416
-0.0083618164
-0.0009765625
0.0014953613
0.0039062500
0.0020904541
0.0079803467
0.0007781982
0.0011749268
0.0011596680
-0.0009918213
0.0034332275
0.0024719238
-0.0005645752
-0.0000152588
0.0019378662
-0.0081024170
-0.0023956299
-0.3451995850
0.3397674561
0.0353240967
0.0630035400
-0.3983001709
-0.0350799561
-0.0865325928
0.3115539551
-0.3511199951
0.1296234131
-0.0124053955
0.2593536377
-0.0087585449
-0.1972045898
0.0562591553
0.3336486816
-0.0258178711
0.0083923340
0.0169677734
-0.0202331543
0.0141143799
0.0246582031
0.0306854248
0.0090789795
0.0282287598
-0.0280914307
0.0050201416
-0.0137939453
-0.0278320312
0.0084686279
0.0163574219
0.0081176758
