0.0028533936
0.0108184814
-0.0104522705
0.0001068115
0.0083160400
-0.0002441406
-0.0034637451
-0.0044708252
-0.0210113525
-0.0088500977
-0.0154113770
0.0062103271
0.0068664551
0.0031127930
-0.0071105957
-0.0108642578
-0.0003356934
0.0019226074
-0.0041656494
0.0029296875
0.0055999756
0.0008850098
-0.0037078857
-0.0012969971
-0.0028533936
0.0034179688
0.0003204346
0.0018920898
0.0036773682
0.0040283203
0.0073394775
-0.0112609863
-0.0122070312
0.0009613037
0.0016174316
0.0115661621
0.0130310059
-0.0135650635
0.0062408447
-0.0034027100
-0.0091705322
-0.0207824707
-0.0025939941
-0.0054626465
0.0167846680
-0.0015563965
0.0051727295
0.0173797607
0.0109405518
-0.0084991455
-0.0109405518
-0.0042572021
-0.0028533936
-0.0116882324
0.0034484863
0.0055999756
-0.0121917725
0.0002441406
-0.0028381348
0.0002746582
-0.0108489990
-0.0001831055
0.0065460205
-0.0073547363
0.0049438477
-0.0081481934
0.0064239502
0.0080718994
-0.0153961182
0.0073089600
-0.0046539307
0.0010070801
0.0004577637
0.0057983398
-0.0029296875
0.0013732910
0.0124053955
-0.0030364990
-0.0025482178
0.0067138672
-0.0013885498
0.0017089844
0.0108489990
0.0044555664
0.0123596191
0.0027008057
-0.0003051758
-0.0021514893
-0.0006561279
0.0073547363
-0.0000610352
-0.0040283203
0.0016021729
0.0073242188
0.0023193359
0.0057830811
0.0051422119
0.0004882812
-0.0042419434
-0.0102691650
0.0011749268
-0.0064544678
0.0019531250
0.0019073486
-0.0039672852
0.0114288330
0.0122833252
0.0106353760
0.0053710938
0.0030670166
0.0010070801
-0.0000457764
0.0149841309
0.0261688232
-0.0151672363
0.0109710693
0.0085754395
-0.0143585205
0.0223083496
0.0023345947
-0.0297546387
-0.0162353516
0.0318450928
-0.0154266357
0.0088653564
0.0178070068
0.0189056396
0.0113983154
0.0010375977
-0.0037536621
-0.0063476562
-0.0168914795
0.0049896240
-0.0021057129
0.0116271973
-0.0084838867
0.0095825195
-0.0248107910
-0.0142974854
-0.0038604736
-0.0101013184
0.0052795410
-0.0038909912
-0.0072784424
0.0832672119
0.0139160156
-0.2414398193
0.2548675537
-0.0892944336
-0.3209838867
-0.2681579590
-0.2558441162
-0.3102874756
0.3308105469
-0.0328216553
0.3203735352
0.3244934082
0.1159973145
0.0043182373
-0.3219299316
