0.0055999756
0.0021057129
0.0010375977
-0.0008850098
0.0035858154
0.0016937256
-0.0067749023
-0.0021057129
-0.0094451904
0.0029296875
-0.0007629395
-0.0053710938
-0.0050506592
0.0026245117
0.0082702637
-0.0001068115
0.0014801025
0.0070648193
-0.0137786865
0.0056762695
0.0050201416
0.0003662109
-0.0251312256
-0.0060882568
-0.0064392090
0.0022888184
-0.0234527588
-0.0074920654
0.0097961426
0.0068359375
0.0127563477
0.0163574219
-0.3151855469
-0.0262451172
-0.1740722656
0.0255279541
0.0855407715
-0.2550506592
0.2766723633
-0.0710601807
-0.3904113770
-0.3402709961
-0.1761932373
-0.2306671143
0.0555419922
-0.1157073975
0.2344360352
0.3139038086
-0.0348815918
-0.0009155273
-0.0167999268
-0.0205230713
0.0060424805
-0.0018310547
-0.0001220703
0.0224456787
-0.0065460205
0.0045928955
-0.0130462646
0.0011444092
0.0090637207
0.0464935303
-0.0122833252
0.0168914795
-0.0201873779
-0.0058288574
-0.0141296387
0.0083007812
-0.0019531250
-0.0249176025
0.0112304688
0.0198516846
0.0227050781
-0.0253448486
0.0045166016
-0.0112609863
0.0122833252
0.0118865967
0.0266265869
0.0007019043
0.0014190674
-0.0008850098
-0.0003814697
-0.0001678467
0.0016479492
0.0003051758
0.0042114258
0.0006408691
0.0035858154
0.0025329590
-0.0050201416
0.0010070801
0.0002441406
0.0012512207
-0.0014038086
-0.0025177002
0.0087432861
0.0009307861
-0.0002136230
-0.0008697510
-0.0028076172
0.0031433105
0.0013580322
0.0020904541
0.0040435791
-0.0000610352
-0.0006408691
-0.0006713867
0.0004425049
-0.0031585693
-0.0025024414
-0.0006713867
0.0195312500
0.0188751221
0.0425872803
0.0575714111
0.0317993164
-0.0182037354
0.0242614746
0.0103302002
0.0024108887
-0.0373077393
0.0198822021
0.0092468262
0.0223236084
-0.0041809082
0.0059509277
0.0068054199
-0.0196228027
0.0130462646
0.0014190674
-0.0089111328
0.0025939941
0.0208282471
-0.0201263428
0.0080108643
0.0149383545
-0.0179595947
0.0258483887
0.0016784668
-0.0068511963
0.0181884766
-0.0130767822
-0.0073547363
-0.0282135010
0.0176544189
0.0097503662
-0.0015258789
-0.0047454834
-0.0011291504
0.0146484375
-0.0000457764
0.0051116943
-0.0105895996
-0.0037994385
-0.0004119873
0.0034332275
0.0120391846
-0.0092773438
-0.0139007568
