-0.0052337646
-0.0080871582
0.0224761963
0.0148315430
0.0194396973
0.0263824463
0.0051422119
0.0048522949
0.0105895996
-0.0041656494
0.0247192383
0.0130157471
-0.0032196045
-0.0007934570
0.0086975098
-0.0083770752
-0.0016479492
0.0034637451
-0.0040740967
0.0003356934
0.0009155273
0.0010986328
-0.0063934326
0.0006713867
-0.0000915527
0.0008392334
0.0014343262
-0.0011291504
0.0023651123
0.0008850098
-0.0010070801
-0.0000610352
0.0009155273
-0.0042419434
-0.0025329590
-0.0021057129
-0.0000915527
0.0010375977
-0.0004882812
-0.0001068115
0.0057525635
0.0011596680
0.0054473877
0.0022583008
-0.0015411377
0.0011596680
-0.0010375977
-0.0053100586
0.0025482178
0.0088348389
0.0137023926
-0.0038909912
-0.0069122314
-0.0042877197
0.0064086914
0.0094604492
-0.0168457031
-0.0126647949
-0.0205993652
0.0091400146
0.0106506348
-0.0018157959
-0.0239257812
0.0232238770
0.0126495361
-0.0125274658
0.0171051025
0.0047607422
-0.0001220703
0.0088348389
-0.0181884766
-0.0077362061
-0.0021820068
0.0072174072
-0.0002746582
0.0143585205
0.0038604736
-0.0037841797
0.0042877197
0.0019073486
-0.0035247803
-0.0007324219
0.0142059326
-0.0129852295
-0.0090942383
0.0131683350
-0.0077819824
0.0116424561
-0.0047149658
0.0077819824
-0.0068817139
-0.0075836182
0.0087738037
-0.0083618164
-0.0032653809
0.0076141357
-0.0004730225
0.0148010254
0.0093841553
0.0126953125
-0.0053710938
-0.0056610107
-0.0039062500
-0.0039215088
0.0017547607
0.0029144287
0.0020599365
0.0076904297
0.0134887695
-0.0000915527
-0.0129547119
-0.0015563965
-0.0050354004
-0.0051879883
0.0190124512
-0.0081634521
-0.0150451660
0.0051422119
-0.0065155029
-0.0194244385
-0.0050811768
0.0124816895
-0.0184020996
0.0010223389
0.0197143555
-0.0022583008
-0.0098266602
-0.0062561035
-0.3428802490
0.2555847168
-0.0468139648
-0.0759735107
-0.3128662109
-0.1387634277
0.1087646484
0.3429870605
-0.3471069336
-0.1037597656
-0.1138458252
0.3375854492
0.0262756348
-0.1837005615
0.0065307617
0.2530212402
0.0110931396
-0.0004577637
-0.0120544434
0.0014190674
0.0053863525
-0.0053558350
-0.0040435791
-0.0080718994
-0.0008392334
0.0004425049
0.0037994385
0.0047912598
-0.0046386719
-0.0040740967
-0.0048828125
-0.0027160645
