0.0032806396
0.0080413818
-0.0144500732
0.0094451904
-0.0254669189
0.0082244873
0.0091400146
0.0105133057
-0.0086212158
0.0008697510
-0.0122375488
0.0134887695
0.0093994141
0.0029907227
-0.0289916992
-0.0038146973
-0.2729949951
0.2521362305
0.1950531006
-0.3283843994
0.0307922363
0.2611083984
-0.0175933838
0.3164672852
0.3282165527
0.0323028564
0.0698089600
0.1269073486
0.0777587891
-0.3456726074
-0.0051879883
0.0433807373
0.0035705566
-0.0032958984
-0.0041046143
0.0023193359
-0.0063934326
-0.0014648438
0.0068969727
-0.0085754395
0.0002288818
0.0003204346
0.0082855225
-0.0005950928
-0.0043182373
-0.0073852539
-0.0091552734
-0.0022888184
-0.0475616455
-0.0008239746
-0.0239257812
-0.0130310059
0.0126647949
0.0126495361
-0.0108489990
-0.0019989014
-0.0004272461
0.0032958984
-0.0093841553
-0.0067138672
0.0155487061
0.0337524414
-0.0077056885
0.0145111084
-0.0100402832
-0.0100250244
-0.0182189941
0.0148620605
-0.0068817139
-0.0022277832
0.0125579834
-0.0054779053
0.0174102783
-0.0229187012
-0.0031433105
-0.0248718262
-0.0012359619
-0.0139617920
0.0066375732
0.0324707031
-0.0066833496
-0.0099029541
0.0236053467
-0.0006866455
0.0068359375
0.0144653320
0.0056762695
-0.0004882812
0.0164947510
-0.0025177002
0.0107269287
-0.0155792236
0.0120849609
-0.0219879150
0.0207672119
0.0079040527
0.0030517578
-0.0089874268
-0.0012207031
-0.0145416260
-0.0021972656
0.0066070557
0.0000305176
0.0079498291
-0.0065765381
0.0186157227
0.0014038086
-0.0001983643
-0.0139007568
0.0158081055
-0.0065765381
0.0060119629
0.0102539062
0.0081176758
0.0054016113
0.0070037842
0.0005187988
0.0061035156
0.0054016113
0.0046386719
-0.0178833008
-0.0061035156
0.0016479492
-0.0270080566
-0.0102539062
0.0145263672
-0.0086059570
0.0036163330
-0.0000610352
0.0014648438
-0.0085144043
-0.0104980469
0.0004272461
-0.0185546875
0.0014343262
0.0017395020
-0.0079803467
-0.0099487305
-0.0083465576
0.0050354004
0.0114898682
-0.0065612793
-0.0061340332
0.0035552979
-0.0042572021
0.0004119873
0.0052947998
-0.0093231201
0.0003662109
0.0048217773
0.0066070557
-0.0001831055
-0.0031280518
-0.0003814697
0.0082397461
-0.0029144287
-0.0040588379
-0.0067901611
-0.0004577637
0.0106353760
