0
0
0
0
0
0
0
0
0
0
0
0
0
0
0
0
0.0136260986
-0.0599517822
0.0338745117
0.0195770264
-0.178497314
0.0051574707
-0.0503540039
-0.026763916
-0.00555419922
-0.0632781982
0.196853638
0.0633239746
-0.112136841
-0.00942993164
-0.123382568
0.100112915
0.545135498
0.292190552
0.680496216
0.0934906006
0.535324097
0.559494019
-0.442733765
0.00517272949
0.777023315
0.650268555
0.167266846
0.170440674
0.153366089
0.0480651855
-0.381744385
-0.670150757
0.113891602
-0.29057312
-0.294296265
0.466812134
-0.170547485
0.389831543
-0.0369262695
-0.0170135498
0.227127075
0.489318848
0.396255493
0.367996216
0.0336914062
-0.526763916
0.291275024
-0.55947876
0.0136413574
-0.111907959
0.0437774658
0.130050659
-0.0249633789
-0.00692749023
-0.0699157715
-0.101287842
-0.0751647949
0.000595092773
-0.15322876
-0.0494537354
0.15385437
-0.00129699707
-0.187728882
-0.106964111
0.0576019287
0.237640381
0.0179443359
-0.233306885
0.133682251
0.144897461
-0.271331787
-0.165130615
0.327270508
0.262649536
-0.121337891
-0.165679932
-0.361465454
0.352508545
0.214080811
-0.134796143
0.33972168
0.136199951
0.216369629
0.0919342041
-0.259750366
-0.174041748
0.259765625
0.280105591
0.144668579
0.0254516602
-0.0712585449
0.234451294
0.143417358
-0.218856812
-0.200134277
-0.347808838
-0.236038208
-0.307006836
0.907333374
-0.17578125
-0.9090271
0.93409729
-0.559768677
-1.03225708
0.503555298
0.507583618
0.235534668
0.436203003
0.918304443
-0.41178894
-0.853149414
0.216171265
0
0
0
0
0
0
0
0
0
0
0
0
0
0
0
0
0
0
0
0
0
0
0
0
0
0
0
0
0
0
0
0
