-0.189178467
-0.264526367
0.150100708
-0.193527222
0.304946899
-0.245529175
-0.131149292
0.138549805
0.163391113
-0.0397491455
0.242202759
0.114929199
-0.152954102
-0.0989837646
-0.027130127
0.293548584
0.00244140625
-0.00016784668
0.00770568848
-0.00135803223
-0.00796508789
0.000640869141
-0.00340270996
0.000335693359
0.00535583496
-0.00509643555
0.0144195557
-0.000595092773
0.00559997559
-0.00425720215
-0.0243530273
0.00305175781
-0.00495910645
0.0149536133
0.000991821289
-0.00347900391
-0.0494995117
-0.00115966797
0.00378417969
-0.0218353271
-0.0195007324
-0.0242767334
-0.00633239746
-0.0386047363
-0.00973510742
-0.00842285156
0.0390014648
0.019241333
-0.0411529541
0.0363769531
0.0718688965
0.00804138184
-0.0233001709
-0.0318450928
-0.0525665283
0.0221862793
-0.0283508301
-0.0306091309
-0.0779724121
4.57763672e-05
0.0409393311
0.0252685547
-0.0390319824
0.0223388672
-0.00180053711
-0.0336151123
0.00117492676
-0.0444641113
-0.0413665771
0.0128326416
-0.00756835938
-0.00894165039
-0.0018157959
-0.00640869141
0.0207977295
-0.0123443604
-0.0254821777
-0.00122070312
0.0354309082
-0.0124206543
-0.00881958008
-0.0418701172
-0.0691070557
0.0556030273
0.0193786621
-0.0299682617
0.027923584
0.0651550293
-0.00471496582
-0.0378875732
0.0383911133
0.0568695068
0.0439300537
-0.0308074951
-0.0161590576
-0.00973510742
-0.0267333984
0.0895843506
0.112091064
0.0512390137
-0.0995941162
-0.0708312988
0.081817627
0.102355957
0.0226287842
0.0869750977
-0.0414581299
-0.0724945068
0.116073608
-0.069152832
-0.116043091
-0.0651550293
0.00260925293
0.00741577148
-0.0111236572
-0.00933837891
0.00733947754
-0.00276184082
0.00775146484
0.0118408203
-0.00709533691
-0.00859069824
-0.00607299805
-0.00389099121
-0.00566101074
0.00157165527
0.00704956055
0.00828552246
0.00958251953
0.00212097168
-0.0318450928
0.00277709961
0.0086517334
-0.0108337402
-0.0173950195
-0.0199279785
0.0286865234
-0.00398254395
-0.0500793457
-0.0240325928
0.00909423828
0.0412597656
0.00453186035
-0.0278015137
0.0352783203
0.0374450684
-0.041519165
0.0453491211
-0.00494384766
-0.0273132324
-0.0514678955
-0.0302429199
-0.0280303955
0.0498199463
-0.0052947998
0.0375366211
0.0471801758
-0.0144958496
-0.00379943848
-0.0342407227
