0.110748291
0.202285767
-0.25994873
0.190612793
-0.155410767
0.152999878
0.118331909
0.418563843
-0.216369629
0.154525757
-0.210388184
0.309631348
0.291183472
-0.0108184814
0.240646362
-0.187683105
0.111450195
-0.064163208
-0.104660034
0.135116577
-0.153137207
-0.0780792236
-0.0786743164
-0.126800537
-0.178192139
0.0355987549
0.0861968994
0.044418335
-0.0920257568
0.133850098
0.190658569
0.00567626953
-0.0575256348
-0.164535522
-0.072265625
0.0893707275
-0.0523223877
-0.046661377
0.0701446533
0.0589447021
-0.0747375488
-0.0401153564
0.171295166
0.0915222168
-0.0129699707
0.169754028
0.114730835
0.0378875732
0.0191497803
-0.0383605957
-0.359130859
0.567047119
-0.136230469
0.0852050781
0.404663086
-0.127304077
0.398345947
0.352600098
0.277038574
-0.136199951
-0.199310303
-0.161315918
0.103546143
-0.201461792
0
0
0
0
0
0
0
0
0
0
0
0
0
0
0
0
0.0803985596
-0.107559204
-0.063293457
0.0957183838
-0.0807342529
-0.099822998
0.22996521
0.0930786133
-0.135177612
-0.132675171
0.0929260254
0.0655670166
0.110931396
-0.313110352
-0.0559539795
-0.0932769775
0
0
0
0
0
0
0
0
0
0
0
0
0
0
0
0
-0.218948364
-0.0908966064
-0.229003906
0.373413086
-0.16557312
-0.125595093
0.0126495361
0.334197998
0.314163208
-0.27911377
0.0328521729
0.213424683
0.119232178
-0.313171387
0.515396118
-0.518615723
0
0
0
0
0
0
0
0
0
0
0
0
0
0
0
0
0.107559204
-0.0956573486
-0.163208008
0.339614868
0.136871338
-0.368499756
-0.347717285
-0.22593689
-0.292297363
0.424316406
-0.255386353
0.339828491
0.422561646
-0.00189208984
0.255722046
-0.312896729
