0.0272827148
0.0810089111
-0.123703003
0.0199584961
-0.0184631348
0.0860290527
0.0255889893
-0.0628967285
-0.0498352051
0.122680664
-0.124557495
-0.0892333984
0.104660034
0.0638885498
-0.0929718018
-0.0915222168
0.024887085
-0.00559997559
-0.0424957275
0.0382080078
-0.00184631348
-0.0224304199
-0.00714111328
-0.0287017822
-0.0389251709
0.0171508789
-0.00848388672
-0.0284881592
0.0186157227
0.0351867676
0.0182495117
-0.0250701904
0.0977478027
0.0208587646
0.113769531
0.0289001465
0.0380859375
0.0733642578
-0.0625
-0.0126342773
0.0809173584
0.0691680908
0.0316314697
-0.0283050537
0.0375213623
-0.0120849609
0.0104370117
-0.0850372314
-0.0177001953
0.0157012939
-0.00859069824
0.0121002197
-0.0285797119
0.0571136475
0.0176696777
0.0487365723
0.0198059082
0.0461120605
0.0394897461
0.0187225342
0.00814819336
0.0101623535
0.000686645508
-0.0218505859
-0.0306091309
0.0102233887
-0.0168914795
-0.0155944824
0.0318908691
-0.0268859863
0.0121765137
0.042678833
0.0314025879
-0.0412445068
0.0415344238
0.00305175781
-0.0373840332
0.0335388184
-0.00698852539
0.0512542725
0.0300750732
0.0320892334
-0.0713806152
0.00979614258
0.0377197266
-0.0788574219
0.104049683
0.01121521
-0.0631561279
-0.00885009766
-0.0354309082
0.0724029541
-0.0233917236
-0.0855865479
-0.0494537354
-0.102432251
0.108184814
0.298583984
0.273971558
0.167037964
-0.283660889
-0.187026978
0.293884277
0.272155762
0.0848846436
0.093963623
-0.15335083
0.00970458984
0.301834106
-0.313537598
-0.279327393
-0.329299927
-0.00787353516
-0.00950622559
-0.0191040039
0.0689544678
-0.00202941895
0.0032043457
0.00120544434
0.0186309814
0.0603790283
-0.0247192383
-0.0235595703
0.0234375
-0.0205383301
-0.0212860107
0.028427124
0.00065612793
-0.0569915771
0.0599822998
-0.00410461426
0.148162842
-0.0260925293
0.0795593262
-0.140274048
0.0588378906
-0.0341949463
0.148406982
0.221710205
0.0366973877
0.0553436279
-0.0782470703
0.0597991943
0.0852661133
-0.09034729
0.0155639648
0.0198822021
-0.0383300781
-0.0601806641
-0.00375366211
0.0290527344
0.0213012695
-0.00636291504
-0.00946044922
0.0522155762
-0.00633239746
-0.0122680664
-0.00346374512
-0.01512146
0.0106658936
