0.012878418
-0.0222320557
0.0199432373
0.00714111328
0.000244140625
-0.0581359863
0.0261230469
0.00543212891
0.0184326172
0.018081665
0.0403289795
0.0159912109
-0.0173797607
0.000610351562
0.00190734863
0.0411987305
0.0418701172
-0.0379486084
-0.00587463379
0.0354156494
-0.0342407227
-0.0346069336
-0.0101623535
-0.035949707
-0.0323486328
-0.0320129395
-0.00747680664
-0.0168609619
-0.000885009766
0.0326080322
-0.0429840088
-0.018447876
-0.0219573975
-0.0646514893
-0.0119171143
-0.0158843994
-0.0642852783
-0.00894165039
0.00747680664
0.0305633545
0.00396728516
-0.00498962402
-0.0385284424
0.00117492676
-0.0116577148
-0.00854492188
-0.0156402588
0.0172424316
-0.0320587158
0.0441741943
0.112915039
0.0125579834
-0.0539245605
-0.0539550781
-0.0525360107
0.063293457
0.00187683105
-0.0164642334
-0.0790100098
-0.027053833
0.0503692627
0.016784668
-0.000823974609
-0.0261230469
0.000610351562
0.0409851074
0.00901794434
-0.000518798828
0.025604248
-0.0112304688
-0.0176391602
-0.0295410156
-0.0123443604
-0.0100708008
0.0175628662
0.0151672363
-0.0301971436
0.00465393066
0.00483703613
-0.00193786621
-0.0228424072
-0.0254669189
-0.213241577
0.116607666
0.0399169922
-0.0603637695
0.03074646
0.0810852051
0.0080871582
-0.000366210938
0.0533294678
0.0996704102
0.0405578613
-0.0110015869
0.0135650635
-0.0198059082
-0.0438842773
0.0663604736
0.0590820312
0.0875854492
-0.0667877197
-0.0211181641
0.0710754395
0.0777435303
-0.000198364258
-0.0271606445
-0.0886993408
-0.00831604004
0.037612915
-0.0899658203
-0.00193786621
-0.0780334473
-0.0009765625
0.00854492188
-0.00939941406
-0.0563049316
0.0138092041
-0.0131378174
-0.00152587891
0.0130157471
-0.044921875
0.0129394531
0.0655059814
-0.00746154785
0.00450134277
0.00971984863
-0.00341796875
0.0071105957
0.0136260986
0.0235443115
0.00636291504
0.0458526611
-0.00538635254
-0.0252532959
-0.0476379395
-0.0102081299
0.0405426025
0.0664367676
0.0550689697
-0.0224456787
0.0771331787
0.0325927734
0.0587768555
-0.0110778809
-0.0152282715
0.0510101318
-0.00216674805
0.0309906006
0.0228881836
-0.017288208
-0.0208892822
-0.00967407227
-0.0143432617
0.0196533203
0.0202484131
0.0191192627
0.0330963135
-0.0236206055
-0.000289916992
-0.0221252441
