0
0
0
0
0
0
0
0
0
0
0
0
0
0
0
0
0
0
0
0
0
0
0
0
0
0
0
0
0
0
0
0
0
0
0
0
0
0
0
0
0
0
0
0
0
0
0
0
0.270751953
-0.146224976
-0.2890625
0.168869019
-0.213500977
0.21421814
0.154281616
-0.105789185
0.228668213
0.243118286
0.28237915
0.102005005
-0.198501587
-0.195907593
0.198043823
-0.188613892
0
0
0
0
0
0
0
0
0
0
0
0
0
0
0
0
0
0
0
0
0
0
0
0
0
0
0
0
0
0
0
0
-0.0148010254
-0.208648682
-0.0155334473
-0.234634399
0.189285278
0.0960083008
-0.154998779
-0.200424194
-0.057434082
-0.0299072266
0.130783081
0.277130127
-0.196060181
0.179092407
0.127426147
0.246536255
-0.119628906
-0.219299316
0.188140869
-0.125717163
-0.207550049
0.425415039
-0.210571289
-0.416397095
-0.0867462158
0.320617676
-0.0742492676
0.269714355
0.0749053955
-0.162216187
-0.160339355
0.0246276855
0
0
0
0
0
0
0
0
0
0
0
0
0
0
0
0
0
0
0
0
0
0
0
0
0
0
0
0
0
0
0
0
