0
0
0
0
0
0
0
0
0
0
0
0
0
0
0
0
0.0782775879
-0.148132324
0.186843872
0.060760498
0.15965271
-0.0167236328
0.333282471
-0.0104064941
-0.0398864746
0.0317077637
-0.185653687
-0.15385437
0.0531616211
0.0542907715
-0.0918273926
0.0822753906
-0.515441895
-1.03977966
-0.326644897
0.595413208
-0.473388672
-0.346466064
0.465118408
0.110809326
-0.442687988
-0.267105103
-0.0637512207
-0.355499268
-0.125289917
-0.179580688
0.0290527344
0.14956665
-0.0678253174
-0.211853027
-0.514694214
0.748260498
0.0330810547
0.0256347656
0.269424438
0.0198669434
0.197021484
0.642349243
0.378173828
0.0074005127
-0.072845459
-0.302902222
0.482345581
-0.26739502
0.0988311768
0.0169525146
0.0473632812
0.241714478
-0.0114593506
0.090057373
-0.0648651123
0.0526123047
-0.0808105469
0.0780334473
0.0156402588
0.131011963
-0.0997009277
-0.0812530518
0.0507965088
0.147369385
-0.0300598145
-0.0159606934
-0.0925140381
0.112106323
0.000427246094
-0.10093689
0.0960083008
0.14692688
-0.109817505
-0.347686768
0.10496521
0.198226929
0.130966187
-0.086730957
-0.0628662109
-0.0957641602
0
0
0
0
0
0
0
0
0
0
0
0
0
0
0
0
0
0
0
0
0
0
0
0
0
0
0
0
0
0
0
0
-0.0776672363
0.124755859
-0.0765075684
0.318557739
-0.0494232178
-0.0400390625
-0.00080871582
0.015411377
-0.0373687744
0.0700836182
0.0431365967
0.0239105225
0.0578460693
-0.010345459
-0.0668640137
0.0511016846
0
0
0
0
0
0
0
0
0
0
0
0
0
0
0
0
