0.0418548584
0.030380249
-0.0581207275
0.0615386963
-0.044708252
-0.020690918
0.0705718994
0.0563354492
-0.029006958
0.0901947021
-0.0609130859
0.0284118652
0.0790557861
0.0448455811
0.0184936523
-0.0176696777
0.00778198242
-0.0106201172
0.0131225586
0.00942993164
-0.0164031982
-0.00340270996
-0.00512695312
-0.0130004883
-0.00538635254
0.0211334229
0.0130310059
0.0243835449
0.0106048584
0.0110168457
-0.0136871338
0.0047454834
0.0171813965
-0.00465393066
0.0161590576
-0.00862121582
-0.0429229736
0.0180206299
-0.000854492188
0.0368652344
0.0263824463
0.0356445312
-0.0333404541
0.0250091553
-0.0184783936
-0.0241699219
-0.0264892578
-0.00863647461
0.010848999
-0.00762939453
0.0275726318
0.0252685547
-0.0199890137
-0.00436401367
-0.00494384766
0.00657653809
0.00436401367
0.00271606445
-0.0125427246
0.0156707764
-0.0036315918
-0.0162200928
0.0135955811
-0.00987243652
-0.268569946
-0.160003662
-0.261734009
0.00695800781
-0.0252838135
-0.302276611
0.253753662
0.220352173
0.331329346
-0.335327148
-0.154434204
-0.281356812
0.0910644531
0.25692749
-0.0347290039
-0.115997314
0.00604248047
0.022064209
-0.0325317383
-0.0141906738
0.0481414795
-0.0421600342
-0.0394134521
-0.0178375244
0.000625610352
0.0105285645
0.00733947754
0.0755310059
-0.0271759033
0.00323486328
-0.0170288086
-0.0386657715
0.00547790527
0.00329589844
0.0102539062
0.00860595703
-0.00961303711
0.00601196289
0.00256347656
0.00144958496
0.0131072998
0.0110168457
-0.0181732178
0.00331115723
-0.00149536133
-0.00883483887
0.00350952148
0.000518798828
0.00202941895
0.00567626953
-0.0121154785
0.00756835938
0.0110473633
3.05175781e-05
0.0156555176
0.00112915039
0.0174865723
-0.00190734863
0.00849914551
-0.010345459
-0.0108642578
0.0145568848
0.00483703613
0.00212097168
0.00801086426
-0.00102233887
-0.00738525391
0.0318908691
0.005859375
-0.0247650146
0.00863647461
-0.00555419922
0.00762939453
0.00743103027
-0.00370788574
-0.0117950439
-0.0069732666
0.0123138428
-0.000122070312
-0.00531005859
0.100967407
-0.0101623535
-0.136581421
0.205474854
0.0375213623
-0.157836914
-0.165496826
-0.152786255
-0.135681152
0.161239624
-0.0605010986
0.160766602
0.182434082
-0.0303192139
0.0366821289
-0.17729187
