0.02784729
0.0340423584
-0.0288696289
0.0255889893
-0.0444946289
0.0114746094
0.0209350586
0.0247955322
-0.0196990967
0.0350646973
-0.0474243164
0.020904541
0.0318756104
0.0262451172
0.00573730469
-0.028137207
-0.00698852539
0.0104980469
0.00741577148
-0.00708007812
0.00448608398
0.00810241699
-0.00650024414
0.00506591797
0.00715637207
-0.0185852051
-0.00556945801
0.00411987305
0.00517272949
-0.00712585449
0.00749206543
-0.0176239014
-0.00366210938
0.00285339355
-0.0169525146
0.00604248047
-0.0187988281
-0.0108184814
0.00140380859
0.0189666748
-0.00523376465
-0.00517272949
-0.0149993896
-0.00311279297
-0.0137939453
-0.013671875
-0.023651123
0.0106964111
-0.0165405273
-0.00573730469
0.0188751221
0.000686645508
-0.015335083
-0.0181732178
-0.000900268555
0.0102996826
-0.0124359131
-0.0057220459
-0.0201263428
0.0207366943
0.0110168457
-0.0202636719
-0.00483703613
-0.032043457
0.0111236572
-0.0286254883
0.0173187256
-0.0350341797
-0.0352630615
0.0187530518
-0.0124816895
-0.0231018066
-0.00375366211
0.00770568848
-0.0120697021
-0.00329589844
0.00575256348
-0.0115814209
0.00407409668
-0.0119171143
-0.0673675537
-0.290481567
-0.0453033447
0.272537231
-0.199172974
0.223434448
-0.102890015
0.255767822
0.213287354
-0.329589844
0.237701416
-0.113922119
0.237121582
0.202713013
0.204589844
0.398971558
-0.0206451416
0.025894165
0.0475616455
0.00160217285
-0.041595459
7.62939453e-05
0.0327453613
0.0603485107
-0.0032043457
0.0366363525
-0.0517578125
0.00489807129
0.0614776611
-0.0506134033
-0.056137085
-0.0290222168
0.0218200684
0.00491333008
0.0150299072
-0.0145721436
0.0107421875
-0.0240631104
-0.00183105469
0.0143890381
-0.0154876709
0.00291442871
0.0229644775
-0.0127868652
0.00204467773
0.0149841309
0.00108337402
0.0147705078
0.0547485352
-0.0292205811
0.0159454346
0.00425720215
0.0278015137
0.0143432617
0.0119781494
-0.0516204834
0.0428466797
0.0160980225
-0.022567749
-0.0555114746
0.0104522705
0.0352325439
-0.0150299072
-0.0269470215
-0.000137329102
0
-4.57763672e-05
0.000564575195
-0.00207519531
0.000534057617
-9.15527344e-05
0.00115966797
0.000183105469
-0.000427246094
0.000778198242
-0.00048828125
0.000228881836
-0.000427246094
0.000259399414
1.52587891e-05
