-0.0101165771
-0.00648498535
-0.00521850586
-0.0100708008
-0.00736999512
-0.0140075684
-0.01171875
0.0283813477
-0.00254821777
0.00332641602
-0.00308227539
-0.00981140137
-0.00361633301
-0.00752258301
0.00146484375
0.0102996826
0.0166473389
0.00825500488
-0.0650024414
0.0299682617
-0.0567779541
-0.0210266113
-0.0271606445
-0.0314178467
-0.035736084
0.0197601318
-0.00241088867
-0.0137329102
0.0218811035
0.0335540771
0.00779724121
0.0066986084
0.030960083
-0.033782959
0.0233001709
-0.00297546387
-0.00303649902
0.0203857422
-0.026184082
0.00273132324
0.0648956299
0.0265960693
-0.0245361328
0.0272216797
-0.00679016113
-0.0430603027
-0.0373382568
-0.0252227783
-0.01121521
-0.0838012695
-0.151031494
0.244949341
-0.0645904541
0.147491455
0.105987549
0.0523834229
0.10017395
0.218536377
0.156402588
0.12840271
-0.0322723389
-0.116333008
0.0738525391
-0.135452271
-0.000549316406
-0.00291442871
0.0204162598
-0.0317077637
0.00564575195
-0.000152587891
-0.0294952393
-0.0169219971
-0.0180511475
0.00184631348
0.0151672363
0.0109405518
-0.00717163086
0.0212402344
0.00659179688
0.0188903809
-0.0443725586
0.0232543945
0.0496368408
0.0110168457
-0.0827331543
0.160919189
-0.108825684
0.00444030762
0.139175415
0.0405273438
0.0527191162
-0.112960815
0.0982666016
0.0926208496
0.205810547
0.247039795
0.0212860107
0.0318450928
0.0112915039
0.0163421631
-0.0110321045
-0.030090332
0.0182189941
0.0164794922
0.0280151367
0.0134429932
-0.0107574463
-0.00201416016
-0.0162658691
-0.0195617676
0.0234222412
-0.028137207
-0.0987091064
-0.139205933
0.0462188721
0.0357513428
-0.109786987
0.081741333
-0.11088562
-0.0588684082
0.0908355713
0.0589904785
-0.1197052
0.124862671
0.032989502
-0.129455566
-0.0980377197
-0.0339355469
-0.143188477
0.128341675
0.00225830078
0.104263306
-0.109161377
0.0500640869
-0.0771331787
0.155395508
-0.112091064
0.0825805664
0.161026001
0.149871826
0.0911102295
-0.10975647
0.0794830322
0.127487183
-0.0794219971
0.010345459
-0.00975036621
-0.0581970215
-0.033203125
-0.00708007812
0.0555419922
0.00192260742
0.00135803223
-0.0332183838
0.123474121
0.00466918945
-0.0461425781
0.0407714844
-0.0543518066
-0.00233459473
