-0.124649048
-0.118179321
0.0644378662
-0.140914917
0.171981812
-0.104827881
-0.132354736
-0.0147247314
0.103103638
-0.120773315
0.106918335
0.0792236328
-0.0830078125
-0.0950775146
0.0238342285
0.118835449
0.0234527588
-0.0737304688
0.0933380127
-0.00442504883
-0.0588531494
-0.0496368408
0.057723999
-0.00653076172
0.0481414795
-0.0365905762
0.165664673
0.048248291
-0.0505828857
-0.00375366211
-0.197372437
0.0461425781
0
0
0
0
0
0
0
0
0
0
0
0
0
0
0
0
0.404800415
0.102325439
-0.305664062
0.23916626
-0.236297607
0.0623321533
0.403610229
-0.140991211
0.25541687
0.119949341
0.207717896
0.336624146
-0.200515747
0.0285797119
0.237518311
-0.309356689
0.0453643799
-0.631134033
0.00190734863
0.137664795
-0.182540894
0.0796508789
-0.105041504
0.0558319092
-0.06690979
-0.0879364014
0.00358581543
-0.0835113525
0.135864258
-0.0401763916
-0.168029785
-0.339172363
0
0
0
0
0
0
0
0
0
0
0
0
0
0
0
0
-0.109893799
-0.104248047
0.166519165
-0.313217163
0.0850982666
0.0579681396
-0.0864105225
-0.0101013184
0.5
-0.159423828
0.22833252
-0.348342896
0.174301147
0.0308074951
-0.328536987
0.0366973877
-0.127990723
-0.0791320801
-0.272201538
-0.142532349
-0.121398926
-0.138778687
-0.0579986572
0.0271759033
0.00115966797
0.100662231
-0.0703887939
0.111480713
-0.0655212402
-0.0947570801
-0.114837646
-0.0724029541
-0.680343628
0.847106934
0.157165527
1.10995483
-0.574874878
0.25112915
-0.853347778
0.446060181
-0.287033081
0.406600952
0.461166382
0.427612305
0.419769287
-0.059387207
-0.193161011
0.371932983
0
0
0
0
0
0
0
0
0
0
0
0
0
0
0
0
