-0.0137634277
0.00163269043
-0.0182495117
-0.0106048584
0.0305175781
0.00169372559
-0.0261383057
-0.0200805664
-0.0313415527
-0.00634765625
-0.0135803223
-0.0311584473
0.0155944824
0.00788879395
-0.00213623047
-0.0150299072
0.0354614258
-0.017288208
-0.0360412598
0.0425872803
-0.026550293
-0.0274963379
-0.00663757324
-0.0311889648
-0.0456695557
0.01222229
-0.0403747559
0.00149536133
0.0071105957
0.04296875
0.0401916504
-0.0022277832
0.0310516357
-0.0027923584
0.0631256104
-0.000427246094
-0.0102996826
0.0439300537
-0.0194702148
-0.00309753418
0.049041748
0.0205688477
0.0119934082
-0.0110168457
-0.00596618652
0.0161132812
-0.0543365479
-0.037979126
0.00213623047
-0.00988769531
-0.0879211426
0.105316162
-0.0482635498
0.150909424
0.0332794189
0.0407867432
0.0765533447
0.15927124
0.144638062
0.117370605
-0.001953125
0.001953125
0.0289916992
-0.103866577
0.00164794922
0.0163116455
0.00721740723
-0.0087890625
0.0216674805
-0.00341796875
-0.015045166
-0.000823974609
-0.0118103027
-0.0025177002
0.036819458
0.0173339844
0.0147399902
-0.000564575195
-0.0133361816
0.0144805908
0.0273590088
0.0997009277
-0.110351562
-0.0489654541
0.111633301
-0.129486084
0.125747681
-0.0435943604
-0.110198975
0.0372924805
-0.128494263
0.099395752
-0.0703735352
-0.161193848
-0.100738525
-0.231231689
0.0492401123
0.0162658691
0.0234375
-0.0133361816
-0.00622558594
-0.0348358154
0.0178375244
0.00741577148
0.0545349121
-0.00563049316
0.00260925293
0.00877380371
-0.0128479004
-0.0249633789
0.00587463379
-0.0344543457
-0.28276062
-0.29826355
0.127670288
-0.088180542
-0.259368896
0.211471558
-0.251571655
-0.204544067
0.155212402
0.221359253
-0.213790894
0.333206177
0.170639038
-0.338272095
-0.17388916
-0.231643677
-0.0976715088
0.0849456787
0.00547790527
0.0291290283
-0.0856323242
0.0238952637
-0.0454864502
0.087677002
-0.0570068359
0.0203552246
0.0512237549
0.0754852295
0.0271911621
-0.0601348877
0.0775604248
0.0744018555
-0.129699707
0.0538024902
0.12361145
-0.137451172
-0.0215759277
0.128143311
0.138168335
0.121368408
0.113265991
-0.141464233
0.0655059814
-0.13218689
-0.12789917
0.0437927246
-0.0813446045
0.116012573
