-0.0079498291
0.0106658936
-0.0311279297
-0.00833129883
0.0131072998
0.017791748
0.00143432617
-0.0138702393
-0.00665283203
0.0225219727
-0.0296478271
0.00956726074
0.0327453613
0.0293731689
-0.000289916992
-0.00918579102
0.0068359375
0.00424194336
-0.0291137695
0.0210418701
-0.00910949707
-0.00701904297
-0.0215301514
-0.0168762207
-0.0223846436
0.0137786865
0.0112915039
0.00169372559
0.00283813477
0.0223236084
0.0299377441
-0.00617980957
0.00444030762
-0.0156860352
0.0365753174
-0.00526428223
-0.0204315186
0.00999450684
0.0183258057
0.0103759766
0.016708374
0.0211181641
-0.0145111084
0.0155334473
-0.00598144531
-0.0477294922
-0.0294799805
-0.0155944824
-0.30305481
0.152603149
0.175994873
-0.129714966
0.219512939
-0.0631561279
-0.119537354
0.0911560059
-0.126449585
-0.180938721
-0.162780762
-0.0642547607
0.153900146
0.210617065
-0.228881836
0.2371521
0.0076751709
-0.00846862793
0.00726318359
-0.0266418457
0.0204772949
0.00746154785
-0.0059967041
-0.00387573242
0.00128173828
0.00640869141
0.0116119385
0.00840759277
-0.0209655762
-0.000213623047
0.0151824951
0.0102539062
0.0415649414
0.0791778564
-0.0522918701
-0.0395965576
0.0480041504
-0.0824279785
0.0779571533
-0.0860900879
-0.0703735352
0.0108337402
-0.104766846
0.0322723389
-0.0107574463
-0.0902557373
-0.0863647461
-0.128295898
0.0272216797
0.0235900879
0.0113372803
0.0134887695
-0.0036315918
-0.0179290771
0.014541626
0.00268554688
0.00936889648
-0.0136871338
-0.00120544434
-0.0110931396
-0.0103607178
-0.010848999
0.0182037354
-0.0283660889
-0.0367126465
-0.0294342041
-0.0137176514
0.0308380127
-0.0291900635
0.0377349854
-0.0206756592
-0.00756835938
0.0330810547
0.00628662109
-0.0561981201
0.0313568115
-0.0101776123
-0.037902832
-4.57763672e-05
-0.0465393066
-0.0570983887
0.0543518066
0.00190734863
0.0263061523
-0.0693359375
0.0226287842
-0.0121917725
0.0575561523
-0.0777587891
0.00538635254
0.0208435059
0.0489654541
0.0207366943
-0.0730895996
0.00337219238
0.0823059082
0.00552368164
-0.00634765625
-0.00144958496
-0.00662231445
-0.0152435303
0.00726318359
0.00367736816
-0.00325012207
0.000137329102
0.00219726562
-0.00775146484
-0.00234985352
-0.00601196289
0.0242462158
0.00567626953
0.00654602051
