0.0872497559
0.0934753418
-0.145797729
0.0820922852
-0.0978851318
0.0531311035
0.113632202
0.0528411865
-0.00979614258
0.191345215
-0.0775604248
-0.00492858887
0.145645142
0.11807251
-0.00231933594
-0.0827636719
-0.0162811279
0.0132141113
0.0246734619
-0.0209655762
-0.0186004639
0.0176696777
-0.0103607178
0.0213470459
0.0272216797
-0.0163574219
0.0154571533
0.015838623
0.00952148438
-0.0231170654
-0.0182952881
-0.00866699219
0.0587158203
0.0214385986
0.0437774658
0.0150756836
-0.0691070557
0.0543060303
-0.0234069824
0.00953674316
0.0519714355
0.0567779541
0.0388641357
-0.00210571289
-0.0440368652
0.00151062012
-0.0033416748
-0.0503845215
0.0264282227
0.00862121582
0.0127410889
0.00675964355
-0.0204467773
-0.0296783447
-3.05175781e-05
-0.0310668945
-0.000701904297
0.00106811523
-0.0134735107
0.00924682617
0.0208587646
-0.0197296143
-0.00582885742
-0.0224609375
0.0145721436
0.0472106934
0.0211029053
-0.0684356689
0.0578918457
0.0111541748
-0.0367126465
-0.0456237793
-0.0155181885
-0.0118713379
0.0534515381
0.0442962646
-0.0662536621
-0.0325927734
0.0408477783
0.00801086426
0.0458221436
0.0227813721
-0.121154785
0.036529541
0.0657958984
-0.0973205566
0.048828125
0.0109100342
-0.0858917236
-0.00761413574
0.00750732422
0.12387085
-0.00685119629
-0.0749664307
-0.0308685303
-0.0725708008
0.0560302734
0.297225952
0.253265381
0.234634399
-0.276382446
-0.140396118
0.264587402
0.271255493
0.0758209229
0.0882568359
-0.255950928
-0.0156707764
0.27381897
-0.323898315
-0.242431641
-0.302932739
-0.014251709
0.00643920898
-0.0223236084
-0.0236816406
0.0235900879
-0.000823974609
0.0137939453
0.0262145996
0.0102386475
-0.015914917
0.0162353516
0.00346374512
-0.0195007324
0.00273132324
-0.00392150879
0.0192871094
-0.0317840576
0.050201416
-0.0197906494
0.0516357422
-0.0403900146
-0.00776672363
0.0342712402
0.0260162354
-0.0198516846
0.0106506348
-0.0112915039
0.0123443604
0.0240631104
0.0360717773
-0.012298584
0.0151672363
0.0310058594
-0.0650482178
-0.0289764404
0.076171875
0.00653076172
-0.0331420898
-0.0661010742
-0.0435638428
-0.0305938721
0.0659179688
-0.0767059326
0.0408935547
0.0602874756
-0.117904663
0.10987854
-0.0345153809
