0.00607299805
0.012802124
-0.0250091553
0.0148010254
-0.031539917
0.0153656006
0.0178070068
-0.0140991211
-0.0224914551
0.0129394531
-0.0201873779
0.014831543
0.017791748
0.0023651123
-0.0178375244
-0.00256347656
-0.0029296875
0.00347900391
0.0113220215
-0.00468444824
0.0103759766
0.00698852539
0.000793457031
0.0037689209
0.00489807129
0.00791931152
-0.0160064697
0.00436401367
0.00973510742
-0.00500488281
0.00219726562
-1.52587891e-05
-0.0666046143
-0.046585083
-0.0810852051
0.0196838379
-0.0401000977
-0.0684814453
0.0924835205
0.0679473877
-0.0543212891
-0.0132598877
-0.0372619629
0.0154418945
-0.0469970703
-0.0830230713
-0.025604248
0.0509338379
0.00398254395
0.00379943848
-0.00975036621
0.00746154785
0.00582885742
-0.0168914795
0.0166320801
-0.00393676758
0.00451660156
0.00787353516
-0.00416564941
-0.00587463379
0.0178070068
-0.00225830078
-0.00665283203
-0.00448608398
-0.233642578
0.00480651855
-0.224014282
-0.0369873047
-0.0160675049
-0.242279053
0.272232056
0.251403809
0.287460327
-0.235702515
-0.0213623047
-0.213989258
-0.0177154541
0.228149414
0.0422058105
-0.00146484375
-0.0111236572
-0.0305480957
-0.00823974609
0.0464477539
-0.00419616699
0.00776672363
0.0375061035
0.0210266113
0.0100402832
-0.0498962402
0.0137786865
-0.0183410645
0.040145874
-0.0538330078
0.0441436768
-0.00382995605
0.00340270996
0.0236053467
0.0292816162
0.0137023926
-0.029586792
0.00297546387
0.029296875
0.0375213623
0.0220031738
0.0137023926
-0.0408782959
0.0335845947
0.0193023682
-0.0341339111
-0.0332336426
-0.026763916
0.000549316406
0.000793457031
-0.000350952148
-0.0025177002
0.00521850586
-0.00552368164
0.00340270996
0.00238037109
-0.0123596191
0.00244140625
-0.00912475586
-0.00343322754
-0.00370788574
0.00212097168
-0.0034942627
-0.00189208984
0.0246276855
-0.0205383301
-0.0310668945
0.0388031006
0.04246521
0.00321960449
-0.00233459473
-0.0363464355
0.0382232666
0.00531005859
-0.0300445557
-0.0369415283
-0.012588501
0.0610961914
-0.0320281982
-0.0458374023
0.103897095
0.00729370117
-0.0379486084
0.0657043457
-0.0219116211
-0.00827026367
-0.0605316162
-0.0280609131
-0.0166015625
0.0411834717
-0.0652770996
0.0165405273
0.0377044678
-0.0277557373
0.0183105469
-0.0126647949
