-0.0489501953
-0.0977172852
-0.0255279541
0.01222229
0.00105285645
-0.0793457031
0.00773620605
0.0370330811
-0.124359131
-0.067565918
0.0508117676
0.116012573
0.0221405029
0.00129699707
0.180587769
0.0815124512
-0.0488128662
0.0609588623
0.0625
-0.0519256592
-0.0571899414
0.0604095459
0.0121307373
0.034286499
0.0562286377
0.0340576172
0.0610198975
0.120498657
0.0155487061
-0.0548858643
-0.00756835938
0.0365600586
0.168746948
0.0628814697
0.224121094
-0.200942993
-0.0546112061
0.204833984
-0.189620972
0.113327026
0.198471069
0.189559937
-0.0229492188
0.0186767578
-0.228042603
-0.17868042
0.0610351562
-0.236938477
-0.184799194
-0.00288391113
0.0610351562
-0.123626709
-0.00849914551
0.0503234863
-0.0580444336
0.447998047
-0.229736328
0.150817871
-0.21446228
0.215240479
0.0736846924
0.420562744
-0.351989746
0.122390747
0.264083862
0.403167725
0.302093506
-0.278381348
0.637786865
0.232879639
-0.139221191
-0.379043579
-0.137420654
0.229797363
0.149551392
0.266067505
-0.495651245
-0.163772583
0.358551025
0.208358765
-0.0128631592
-0.00575256348
0.00132751465
0.000534057617
-0.00411987305
0.0214996338
-0.0376586914
0.00587463379
0.0118103027
-0.0131530762
0.0205841064
-0.017578125
0.000534057617
0.022277832
0.0179290771
0.0387115479
0
0
0
0
0
0
0
0
0
0
0
0
0
0
0
0
0
0
0
0
0
0
0
0
0
0
0
0
0
0
0
0
-0.39201355
0.323013306
-0.069229126
-0.280731201
-0.374969482
-0.158081055
0.261672974
0.253845215
-0.38482666
0.144897461
0.345703125
0.115142822
-0.40385437
-0.222396851
-0.374328613
0.413543701
-0.0120391846
-0.0812988281
-0.0871734619
0.0418243408
-0.0140991211
-0.113113403
-0.0630645752
-0.0893096924
-0.130752563
0.0925445557
0.0832214355
0.0862426758
0.0830841064
0.0765838623
-0.0677947998
-0.0957489014
