0
0
0
0
0
0
0
0
0
0
0
0
0
0
0
0
0
0
0
0
0
0
0
0
0
0
0
0
0
0
0
0
0
0
0
0
0
0
0
0
0
0
0
0
0
0
0
0
-0.105773926
0.211746216
0.184951782
-0.261871338
-0.061340332
0.0194244385
0.00497436523
0.152511597
-0.0388793945
-0.211151123
-0.245758057
-0.183792114
0.0990447998
0.214782715
-0.118530273
0.257720947
-0.0160369873
0.28086853
-0.0504608154
-0.248641968
0.48274231
-0.0187835693
0.0400238037
-0.132446289
0.0209197998
-0.0446166992
0.415786743
-0.0168304443
-0.407211304
0.0508728027
0.245025635
0.23097229
-0.0454711914
0.128997803
0.013092041
-0.0738677979
-0.0719909668
0.0176239014
-0.216842651
-0.0704650879
0.140106201
0.0159759521
-0.0857086182
-0.0264129639
-0.0564727783
0.312164307
0.00296020508
0.0243225098
0
0
0
0
0
0
0
0
0
0
0
0
0
0
0
0
-0.0894775391
-0.213287354
0.414642334
-0.097946167
-0.208679199
0.181289673
-0.267089844
-0.136032104
-0.0363311768
0.0678253174
0.20652771
0.120559692
0.177276611
-0.243499756
-0.316329956
-0.209213257
0.304794312
-0.17565918
0.0385284424
0.189483643
0.289505005
0.259338379
-0.237533569
-0.275268555
0.25440979
0.353057861
-0.124359131
-0.270385742
0.12487793
0.36541748
-0.281845093
-0.30015564
0
0
0
0
0
0
0
0
0
0
0
0
0
0
0
0
