-0.00897216797
-0.00436401367
-0.00692749023
-0.00114440918
0.021270752
0.0100708008
-0.01121521
0.0174407959
-0.0127716064
0.00158691406
0.00704956055
-0.0140686035
0.00796508789
-0.00440979004
0.00717163086
0.00132751465
0.0973510742
-0.0856323242
-0.0856323242
0.117980957
-0.0391235352
-0.0840454102
0.00668334961
-0.107849121
-0.129333496
0.0354156494
-0.0223693848
-0.0305023193
-0.0289001465
0.127731323
0.078338623
-0.00395202637
0.0689239502
0.00932312012
0.0802154541
-0.0247955322
-0.0179138184
0.0549468994
-0.0312042236
0.0352020264
0.073059082
0.0713806152
-0.00428771973
0.0309143066
-0.020614624
-0.0249786377
-0.0699157715
-0.0687408447
-0.0170593262
0.0216369629
-0.0319213867
0.134506226
-0.0760345459
0.0827484131
0.00225830078
0.0115203857
0.0359344482
0.159500122
0.131164551
0.026473999
0.00132751465
-0.0602722168
0.00451660156
-0.118927002
0.0428314209
0.0123901367
0.0485992432
-0.0473937988
0.0630187988
0.0397033691
-0.0704956055
-0.0350494385
-0.0508117676
0.0255432129
0.0271148682
0.0843963623
-0.0838928223
-0.0297546387
0.0260314941
0.0592498779
0.0798034668
0.0967102051
-0.180053711
-0.033782959
0.106826782
-0.15625
0.171188354
-0.0167236328
-0.14453125
0.0599517822
-0.153686523
0.161529541
-0.0101318359
-0.189819336
-0.159622192
-0.243499756
0.0500183105
0.0510101318
0.0144195557
0.0225067139
-0.0159606934
-0.068145752
0.0502624512
0.0139923096
0.0223999023
-0.00421142578
-0.0128936768
0.0207977295
-0.0381774902
-0.0446166992
0.0124053955
-0.0636749268
-0.306533813
-0.336990356
0.0886077881
-0.140594482
-0.286682129
0.230667114
-0.303970337
-0.184066772
0.0998382568
0.238464355
-0.141998291
0.346206665
0.150115967
-0.351593018
-0.160583496
-0.197418213
-0.143600464
0.120895386
0.00912475586
0.1534729
-0.122192383
0.061340332
-0.148162842
0.182891846
-0.147247314
0.130706787
0.185592651
0.177276611
0.117324829
-0.161392212
0.131713867
0.163070679
-0.0633544922
-0.0194244385
0.00221252441
-0.0588531494
-0.0384216309
0.0107574463
0.0478668213
0.0152282715
0.0201873779
-0.0358276367
0.085144043
-0.015838623
-0.0534973145
0.0801696777
-0.0507354736
0.0181427002
