0
0
0
0
0
0
0
0
0
0
0
0
0
0
0
0
0.0355072021
-0.0795135498
0.0413970947
0.0153961182
-0.0734558105
-0.0234832764
0.190887451
0.0150299072
-0.0399169922
0.147476196
-0.179397583
0.128463745
0.0579986572
0.00469970703
0.0529785156
-0.010345459
-0.214126587
-0.189788818
-0.219573975
0.0981140137
-0.128753662
-0.211532593
0.228057861
-0.0354156494
-0.21711731
-0.261581421
-0.0821838379
-0.153579712
-9.15527344e-05
-0.0836486816
0.25138855
0.318435669
0
0
0
0
0
0
0
0
0
0
0
0
0
0
0
0
0.219024658
-0.506378174
0.295059204
-0.0924224854
-0.384735107
0.244781494
-0.407424927
-0.112258911
-0.236724854
0.168502808
-0.157287598
0.180923462
0.35798645
-0.179870605
-0.202697754
-0.0269317627
-0.0127258301
-0.0250854492
0.159194946
0.0458831787
-0.0825805664
-0.00578308105
-0.0164031982
-0.0149688721
0.0128173828
-0.0423431396
0.0374755859
-0.0335388184
-0.025390625
0.0984802246
0.0122833252
0.0470123291
0.0307312012
0.0603790283
0.159454346
-0.00836181641
-0.110626221
-0.0739746094
0.0664215088
0.0900268555
0.388549805
0.0262145996
0.018447876
0.0757598877
0.0869140625
-0.0196380615
-0.123733521
-0.0557250977
0.152526855
0.230545044
-0.180923462
0.0475616455
0.256225586
-0.168731689
0.173126221
0.211929321
-0.09034729
-0.168319702
-0.0882720947
-0.211639404
-0.159072876
0.232543945
0.192779541
0.146575928
-0.231964111
0.166473389
-0.159469604
0.223983765
0.0536346436
-0.0743560791
-0.0343780518
0.0639190674
0.0823516846
-0.238220215
-0.0931549072
0.131362915
0.00958251953
0.278793335
-0.187637329
-0.184295654
-0.208511353
0.285003662
-0.0171661377
0.0715484619
-0.147918701
-0.129440308
-0.00770568848
-0.0698547363
-0.0961151123
0.0495758057
-0.00991821289
0.134384155
0.100540161
0.121582031
-0.0891723633
-0.168487549
