-0.0180206299
-0.00312805176
-0.00985717773
-0.00894165039
0.00643920898
-0.00608825684
-0.0142364502
-0.0129547119
-0.0110931396
-0.00637817383
-0.0134887695
-0.0139465332
0.0127868652
0.00648498535
0.00720214844
-0.00372314453
0.02684021
-0.0123596191
-0.0352783203
0.0356292725
-0.00996398926
-0.0216674805
-0.0312194824
-0.032699585
-0.0373382568
-3.05175781e-05
0.0110015869
-0.00836181641
-0.0159912109
0.0364074707
0.0222167969
0.0123901367
0.000259399414
-0.0145874023
0.00619506836
0.0118713379
-0.00152587891
-0.0145721436
0.0100402832
-0.00155639648
-0.0087890625
0.00456237793
-0.00433349609
-0.000747680664
-0.0121154785
-0.020904541
-0.00360107422
-0.00289916992
-0.43208313
0.141723633
0.170227051
-0.00764465332
0.177093506
-0.160720825
-0.163879395
0.172332764
-0.151702881
-0.0528869629
-0.219497681
-0.0625305176
0.283096313
0.214401245
-0.231262207
0.08644104
-0.00143432617
-0.0303497314
0.00619506836
-0.00080871582
-0.00381469727
-0.00384521484
-0.0142059326
-0.00645446777
-0.00801086426
-0.00131225586
-0.0165405273
0.00192260742
-0.0152282715
0.0141143799
0.00874328613
-0.00723266602
0.0514678955
0.0710144043
-0.10446167
-0.0258178711
0.0312042236
-0.100036621
0.102798462
-0.0424804688
-0.117019653
0.0347137451
-0.125610352
0.113174438
0.0226287842
-0.137268066
-0.12651062
-0.124832153
0.0305023193
0.0623779297
-9.15527344e-05
0.0456237793
-0.0310211182
-0.0498199463
0.0411834717
0.0286102295
0.0206604004
0.0129699707
-0.0296325684
-0.00482177734
0.000732421875
-0.0350036621
0.0134277344
-0.0524139404
-0.0434265137
-0.0453338623
-0.0196838379
0.0463256836
-0.0277709961
0.036026001
-0.0167541504
-0.0149230957
0.0265960693
0.00534057617
-0.0725860596
0.0546417236
0.000259399414
-0.0532531738
-0.00302124023
-0.0124206543
-0.0745849609
0.066116333
0.0101776123
0.0250701904
-0.0631103516
0.0770874023
-0.0868682861
0.0836181641
-0.0946502686
0.0613555908
0.0524749756
0.0850372314
0.0672912598
-0.104309082
0.0478363037
0.0904693604
0.0173339844
-0.0162658691
-0.0114440918
-0.00729370117
-0.0409088135
0.0162353516
0.00161743164
0.000595092773
0.000991821289
0.00183105469
0.00260925293
-0.00779724121
-0.0099029541
0.0377197266
-0.0101623535
0.0158538818
