0.0286712646
0.0465545654
-0.0600891113
0.0550231934
-0.0560150146
0.0505523682
0.0542144775
-0.0335998535
-0.0617675781
0.0689086914
-0.0709838867
-0.0159454346
0.0553588867
0.0291595459
-0.0462036133
-0.0511474609
-0.11857605
0.119354248
0.0879211426
-0.15423584
-0.0203704834
0.110397339
-0.020111084
0.140975952
0.158203125
-0.00605773926
-0.0230560303
0.0667724609
0.0936889648
-0.16053772
-0.0417633057
0.0215606689
-0.00170898438
0.000518798828
-0.00863647461
0.0105743408
-0.00456237793
-0.00486755371
0.00762939453
0.00250244141
-0.0041809082
-0.00360107422
0.00985717773
-0.0040435791
-0.00859069824
-0.00700378418
0.0040435791
0.00386047363
0.0153656006
0.00379943848
0.0130310059
-0.00798034668
-0.0172576904
-0.00994873047
0.0137481689
0.00205993652
0.00833129883
0.00790405273
-0.00521850586
-0.00944519043
0.00416564941
-0.00444030762
-0.000427246094
0.00193786621
-0.00704956055
0.0162963867
-0.00178527832
-0.0224456787
0.0094909668
-0.0137176514
9.15527344e-05
0.00659179688
0.011505127
-0.016204834
0.00868225098
0.0137481689
-0.0174560547
0.00318908691
0.0217590332
-0.00907897949
0.0696868896
0.0921936035
0.00509643555
-0.0459442139
0.0488128662
-0.106338501
0.0793762207
-0.111129761
-0.120941162
0.104598999
-0.0860443115
0.0966949463
-0.0907287598
-0.0492858887
-0.090423584
-0.101013184
-0.0352478027
0.0979309082
0.0522918701
0.0695495605
-0.0909576416
-0.0629272461
0.122116089
0.113342285
0.029876709
0.0553741455
-0.0952453613
0.0111999512
0.0177764893
-0.110778809
-0.00886535645
-0.103622437
0.02003479
0.030166626
-0.00280761719
-0.0138244629
0.0213165283
-0.0335998535
0.0173339844
0.00688171387
-0.0129699707
-0.00503540039
0.0295257568
-0.0119934082
0.010848999
0.016998291
-0.000610351562
0.0165557861
-0.00563049316
0.0151977539
-0.0592193604
0.00338745117
0.00765991211
-0.0187683105
0.0374450684
-0.012588501
0.0104064941
-0.0324554443
-0.0510101318
-0.0103607178
-0.0194244385
0.0481872559
-0.0520172119
-0.0275268555
0.141082764
0.0540008545
-0.249008179
0.270233154
-0.149398804
-0.283157349
-0.238922119
-0.261520386
-0.257492065
0.261962891
-0.101364136
0.276046753
0.271179199
-0.078338623
-0.0101928711
-0.27507019
