0.0408172607
0.017074585
-0.0114440918
0.0501708984
-0.0341033936
0.000717163086
0.0463562012
0.0364379883
-0.0139465332
0.0416564941
-0.00244140625
0.0446777344
0.0266876221
0.0310058594
0.0133514404
-0.00505065918
0.0121154785
-0.00901794434
-0.0165405273
0.0168762207
-0.0388336182
-0.0133209229
0.00866699219
-0.017364502
-0.0137481689
0.013671875
0.00698852539
-0.0102844238
0.0216064453
0.0171661377
-0.0327911377
-0.0135955811
-0.331115723
-0.182830811
-0.31942749
-0.0488891602
-0.0806121826
-0.3230896
0.30657959
-0.0118865967
-0.364379883
-0.282424927
-0.228393555
-0.161590576
0.0055847168
-0.0920715332
0.153747559
0.308837891
-0.0322265625
0.0332641602
0.0626525879
0.0467987061
-0.0348510742
-0.081817627
-0.0176391602
0.0111083984
-0.0065612793
-0.0106964111
-0.0929107666
0.0236816406
0.0519104004
0.0316314697
-0.0166931152
0.00448608398
0.0199127197
0.00332641602
0.0285949707
-0.0175933838
0.00471496582
0.0178527832
-0.0247192383
-0.0398254395
-0.0167694092
0.0165557861
0.0146942139
0.0158996582
-0.0277252197
3.05175781e-05
0.0078125
-0.0181121826
0.00386047363
0.00274658203
-0.108322144
0.00312805176
0.0330200195
-0.0218353271
-0.0055847168
0.0477752686
-0.0260009766
-0.0408477783
-0.021270752
0.11151123
-0.0123138428
-0.0262451172
-0.0428619385
-0.0270385742
-0.0120391846
0.00772094727
0.0139770508
0.00271606445
-0.00514221191
-0.00898742676
0.0057220459
0.00988769531
-0.000244140625
0.0192565918
-0.00511169434
0.01612854
0.0026550293
-0.00381469727
0.00337219238
-0.00224304199
-0.00340270996
0.00343322754
-0.00611877441
-0.0204162598
0.00685119629
-0.0013885498
0.0036315918
0.00430297852
0.00419616699
0.0030670166
0.00170898438
-0.0075378418
-0.00131225586
0.0113372803
0.00434875488
0.0032043457
0.0934906006
-0.033203125
0.00801086426
0.106842041
0.0776367188
0.0447540283
-0.103256226
-0.0715637207
0.0824890137
0.0960540771
0.0378265381
-0.0762329102
0.0896911621
0.0557098389
0.00643920898
-0.0552062988
0.0281219482
0.0054473877
-0.067489624
0.0489501953
0.0145874023
-0.0726928711
-0.0360412598
-0.0774078369
-0.0545959473
0.0512390137
0.02003479
0.0828399658
0.0458526611
-0.00477600098
0.0173797607
-0.0777587891
