0.12361145
0.126434326
-0.12361145
0.126525879
-0.113479614
0.10345459
0.1146698
-0.0206451416
-0.135467529
0.190200806
-0.116989136
-0.0144195557
0.0884399414
0.0978546143
-0.0567474365
-0.0908966064
-0.0331268311
0.0342559814
0.0169219971
-0.0374603271
-0.0256652832
0.0297698975
0.00532531738
0.0324554443
0.0387268066
0.0128326416
-0.0116577148
0.00387573242
0.0345153809
-0.0338439941
-0.0114898682
0.00495910645
-0.0116271973
-0.0157318115
0.0149841309
-0.00477600098
-0.0034942627
-0.00100708008
0.0111999512
0.0292205811
-0.0193023682
3.05175781e-05
-0.0362854004
0.000778198242
0.00581359863
-0.0331268311
-0.0142974854
-0.00331115723
-0.00788879395
0.0153961182
0.0316619873
0.00921630859
0.00149536133
-0.0208892822
-0.00701904297
-0.00511169434
0.00254821777
-0.0182647705
-0.017288208
-0.0240936279
0.0136871338
0.0068359375
-0.00328063965
0.0246276855
-0.0151062012
-0.0159606934
-0.00833129883
0.00173950195
-0.00672912598
-0.0197296143
0.00238037109
-0.00114440918
0.0126953125
-0.025100708
-0.0171966553
-0.0187988281
0.00756835938
0.0199737549
-0.00325012207
-0.00723266602
0.0135345459
0.0393829346
-0.1118927
0.0249633789
0.052520752
-0.0800170898
0.0564880371
-0.0112304688
-0.0584259033
0.0230255127
-0.0566558838
0.117324829
-0.00325012207
-0.0786437988
-0.0278625488
-0.0948638916
-0.00207519531
0.0147094727
0.00382995605
0.00102233887
-0.0141601562
-0.021270752
0.0244140625
0.0198669434
0.00296020508
0.0174255371
-0.0196380615
0.0164337158
0.00164794922
-0.0245361328
0.00584411621
-0.0243225098
-0.0924835205
-0.0717468262
0.101486206
-0.0549163818
-0.0312957764
0.133865356
-0.0876922607
-0.0591278076
0.0351867676
0.0525970459
-0.00831604004
0.117599487
0.0448455811
-0.124710083
-0.059967041
-0.0817871094
0.0897064209
-0.0131378174
-0.0414733887
0.0502929688
0.0504760742
0.0154418945
0.0141906738
-0.129623413
0.129043579
-0.0288238525
-0.0696258545
-0.135421753
0.00463867188
0.136734009
-0.0434265137
-0.082321167
0.117385864
0.0305786133
-0.13671875
0.239013672
-0.0454711914
-0.175201416
-0.206970215
-0.189468384
-0.157089233
0.200256348
-0.196929932
0.19140625
0.235641479
-0.0747833252
0.0278167725
-0.202560425
