-0.0104370117
0.0247955322
-0.0511169434
-0.00315856934
-0.0153808594
-0.00723266602
0.00849914551
-0.000991821289
-0.0247039795
0.0121307373
-0.032333374
0.00543212891
0.0239715576
-0.0253753662
-0.00250244141
-0.0154724121
-0.277816772
0.317520142
0.121551514
-0.322692871
-0.0162506104
0.256408691
-0.137191772
0.317993164
0.335891724
0.092300415
-0.0548858643
0.160766602
0.241531372
-0.339935303
-0.00373840332
0.0321655273
0.0450134277
0.00970458984
0.0785522461
-0.00115966797
0.0157470703
0.0522918701
-0.0489349365
0.0336151123
0.0504760742
0.0381469727
0.0213470459
0.0162658691
-0.020980835
-0.0431213379
-0.0216522217
-0.0533905029
-0.0572662354
0.00553894043
-0.041885376
0.0607757568
-0.0323944092
0.0573272705
0.0252075195
0.082611084
0.0145721436
0.0961608887
0.0583496094
0.0312957764
0.0267944336
-0.0009765625
-0.00152587891
-0.0770263672
0.0055847168
0.00665283203
0.0150146484
-0.0337219238
0.0184936523
0.010635376
-0.00895690918
-0.00885009766
-0.0223236084
0.0189666748
0.0314331055
0.0080871582
-0.00733947754
0.010925293
0.0325927734
0.0297241211
0.0112304688
0.0235748291
-0.0478363037
-0.00253295898
0.0319061279
-0.0472412109
0.0663604736
0.0057220459
-0.0109405518
0.0131530762
-0.0501098633
0.0234222412
0.0131072998
-0.0295715332
-0.0469970703
-0.100189209
0.0432739258
0.0260162354
0.0233306885
0.00729370117
-0.0260162354
-0.0115661621
0.0291748047
0.0209197998
0.0242004395
0.00123596191
0.00628662109
-0.0193481445
-0.00959777832
-0.0134735107
-0.0307006836
-0.0291595459
0.0036315918
0.00137329102
0.00820922852
-0.00135803223
-0.00137329102
-0.00219726562
-0.000289916992
0.0062713623
-0.000274658203
-0.00576782227
-0.00172424316
-0.00267028809
0.00762939453
0.00119018555
-0.0018157959
0.00285339355
-0.0511779785
0.0624389648
-0.00247192383
0.0755767822
-0.030960083
0.0638580322
-0.114898682
0.0501098633
-0.00547790527
0.0987548828
0.168167114
0.0375366211
0.066986084
-0.0545501709
0.0860137939
0.0679626465
-0.0596160889
-0.0151672363
0.0607910156
-0.0788116455
-0.0216522217
0.087600708
0.0679626465
0.0755310059
0.0712280273
-0.0760345459
0.062789917
-0.080581665
-0.0742340088
0.001953125
0
0.0741119385
