-0.107940674
-0.0443572998
0.00427246094
0.035736084
-0.097442627
0.0374755859
-0.0897521973
0.0745239258
-0.0476226807
-0.106613159
-0.0597686768
-0.195587158
0.0371246338
-0.0269775391
-0.0755004883
-0.0577850342
-0.0257110596
0.0173492432
-0.0110015869
-0.00411987305
0.0471954346
0.00212097168
0.0337982178
0.0112304688
-0.0177612305
0.126831055
0.0267944336
-0.0785522461
0.00262451172
0.00756835938
0.0843200684
-0.0121307373
-0.0800933838
-0.108169556
-0.254577637
-0.0552368164
-0.227905273
-0.140838623
0.244689941
0.0910339355
-0.187026978
0.0309448242
-0.0653991699
0.136291504
0.026184082
-0.193267822
0.0281982422
0.080368042
0.0715484619
0.0277557373
0.0729370117
-0.0263061523
-0.0391998291
-0.0198974609
0.0456390381
0.0487670898
0.0152740479
0.0269012451
0.00268554688
0.00875854492
0.0318603516
0.0161743164
0.0186462402
0.0104064941
0
0
0
0
0
0
0
0
0
0
0
0
0
0
0
0
0.0526123047
-0.0125427246
0.232559204
0.0316314697
-0.188232422
-0.0269012451
0.124954224
0.00170898438
0.0276794434
0.164123535
-0.0165100098
-0.0481872559
-0.00953674316
0.0909881592
-0.000640869141
-0.0168151855
0.0135345459
0.262985229
-0.244018555
0.153091431
-0.112442017
-0.357162476
0.250518799
0.122955322
0.0773468018
0.194290161
-0.270889282
0.200271606
-0.0583953857
-0.31237793
0.209091187
-0.282409668
0
0
0
0
0
0
0
0
0
0
0
0
0
0
0
0
-0.0839996338
-0.0191345215
0.0314331055
0.0421905518
0.0065612793
0.0363464355
-0.0428466797
0.0783996582
-0.0251617432
-0.0308227539
-0.0932922363
0.0159759521
-0.0376281738
-0.0397338867
0.237426758
-0.0529937744
-0.0300140381
-0.273529053
0.162521362
-0.0634307861
0.54284668
0.147644043
0.169021606
0.266799927
0.305923462
-0.108413696
0.181335449
-0.0697937012
-0.21673584
0.428131104
0.280136108
0.0909118652
