-0.0557861328
0.0764007568
0.0200042725
-0.104888916
0.224258423
0.131790161
-0.0948944092
-0.0553283691
-0.0408172607
-0.0669250488
-0.0408325195
0.144287109
-0.110153198
-0.0875549316
-0.0667419434
-0.024597168
0.0653686523
-0.104980469
-0.0360412598
0.113830566
0.197418213
-0.090637207
-0.036239624
-0.125915527
-0.137268066
0.218139648
0.0468902588
-0.0323028564
-0.0135498047
0.116043091
0.143707275
-0.0537109375
0
0
0
0
0
0
0
0
0
0
0
0
0
0
0
0
0
0
0
0
0
0
0
0
0
0
0
0
0
0
0
0
0
0
0
0
0
0
0
0
0
0
0
0
0
0
0
0
-0.128936768
-0.100585938
-0.310592651
0.293624878
0.0658111572
-0.0027923584
0.110076904
0.160049438
0.088760376
-0.107543945
0.0141296387
0.124008179
0.363586426
-0.0640106201
-0.0346984863
0.0281066895
0
0
0
0
0
0
0
0
0
0
0
0
0
0
0
0
0
0
0
0
0
0
0
0
0
0
0
0
0
0
0
0
0
0
0
0
0
0
0
0
0
0
0
0
0
0
0
0
0.00402832031
-0.181686401
-0.595123291
0.444061279
-0.39805603
-0.92678833
-0.226287842
-0.799743652
-0.736373901
0.630401611
0.165969849
1.02941895
0.666946411
-0.0897674561
0.325393677
-1.14012146
