-0.2218322754
-0.2549896240
0.1370849609
-0.2949981689
0.3362274170
-0.2780303955
-0.2026672363
0.1334686279
0.2414703369
-0.1889953613
0.3060607910
0.2069702148
-0.2278594971
-0.2109375000
-0.0335388184
0.2881164551
0.0034332275
-0.0021057129
0.0008392334
0.0042419434
0.0025024414
-0.0021362305
-0.0009155273
-0.0042114258
-0.0039672852
-0.0017395020
0.0006561279
-0.0015716553
-0.0008239746
0.0042724609
-0.0007171631
-0.0000457764
0.0016937256
-0.0006561279
0.0024566650
0.0036010742
-0.0037536621
0.0024871826
-0.0018768311
0.0032043457
0.0047302246
0.0037994385
0.0040435791
0.0054473877
0.0012207031
0.0018768311
0.0029449463
-0.0006103516
-0.0030975342
-0.0022430420
-0.0052032471
-0.0034790039
0.0037841797
0.0043487549
0.0072631836
0.0050811768
0.0045776367
-0.0043029785
-0.0047149658
-0.0035400391
-0.0034027100
0.0083007812
0.0021667480
0.0087432861
-0.0079803467
-0.0023956299
-0.0050964355
-0.0269012451
0.0097961426
-0.0052947998
-0.0016632080
0.0112609863
-0.0037231445
-0.0105285645
0.0169372559
-0.0003967285
0.0047302246
0.0025177002
0.0156250000
0.0219116211
-0.0181274414
-0.0022430420
0.0174255371
0.0015106201
-0.0014190674
0.0217895508
-0.0036468506
0.0127563477
0.0319976807
-0.0090942383
0.0113067627
-0.0098876953
0.0131683350
0.0197448730
0.0200500488
0.0214843750
0.0244445801
-0.0047607422
0.0067443848
-0.0138244629
0.0029754639
-0.0131225586
-0.0047760010
-0.0036468506
0.0092010498
0.0048522949
0.0133056641
-0.0177001953
-0.0002136230
0.0048828125
-0.0148773193
0.0012817383
0.0035247803
0.0017242432
-0.0030822754
0.0020599365
0.0008850098
-0.0055236816
0.0023345947
-0.0015716553
-0.0049438477
0.0067749023
-0.0036163330
-0.0015716553
-0.0024261475
0.0037841797
-0.0004272461
-0.0056610107
-0.0012664795
0.0037384033
-0.0016632080
-0.0007934570
-0.0102691650
0.0008697510
0.0077667236
-0.0076751709
-0.0024414062
-0.0132141113
-0.0117797852
-0.0108947754
-0.0118103027
-0.0089263916
-0.0099487305
0.0037841797
0.0047302246
-0.0115661621
0.0039978027
0.0042419434
-0.0005187988
-0.0000762939
-0.0055389404
-0.0016479492
-0.0076904297
0.0081634521
-0.0115509033
-0.0028381348
0.0080718994
0.0018310547
0.0067749023
0.0057067871
