-0.0008239746
0.0072326660
-0.0040588379
0.0011138916
0.0219268799
0.0105285645
-0.0066833496
0.0033416748
-0.0074157715
-0.0012817383
-0.0062713623
-0.0105133057
0.0010528564
0.0019073486
-0.0059509277
-0.0134582520
0.0069122314
0.0048065186
-0.0228576660
0.0140991211
-0.0133514404
-0.0093383789
0.0133361816
-0.0137939453
-0.0127868652
0.0117340088
-0.0220642090
-0.0105133057
0.0235748291
0.0135650635
-0.0020599365
-0.0065307617
0.0002136230
-0.0119781494
0.0276794434
0.0223236084
0.0094451904
0.0024108887
-0.0120849609
-0.0003662109
-0.0117797852
-0.0078735352
-0.0042266846
0.0077819824
0.0121154785
0.0012817383
0.0101928711
-0.0047454834
0.0001678467
-0.0088653564
-0.0496063232
0.0332489014
0.0097961426
0.0092010498
0.0153503418
-0.0039215088
0.0078582764
0.0090026855
0.0259857178
0.0204925537
-0.0307769775
0.0052032471
-0.0115661621
-0.0101165771
-0.0060882568
-0.0081176758
-0.0119628906
0.0015869141
-0.0039825439
-0.0045776367
0.0129547119
0.0075378418
0.0082244873
-0.0033874512
-0.0056457520
-0.0110168457
-0.0072784424
0.0046081543
0.0014495850
-0.0147552490
-0.0026550293
-0.0006408691
-0.0126190186
0.0083923340
0.0237121582
-0.0066070557
0.0070495605
0.0070343018
-0.0068054199
0.0001678467
-0.0077209473
0.0096282959
0.0019683838
-0.0027465820
-0.0015106201
-0.0135955811
0.0223388672
-0.0082550049
0.0099792480
-0.0135955811
0.0020904541
0.0012207031
0.0000915527
-0.0002441406
-0.0011749268
0.0026855469
-0.0009002686
0.0075073242
0.0051269531
-0.0031585693
-0.0081024170
-0.0009460449
-0.2921295166
-0.3512573242
0.1376495361
-0.1146240234
-0.2330169678
0.1566162109
-0.2840728760
-0.1650848389
0.0749816895
0.2554931641
-0.1457977295
0.3522796631
0.1414031982
-0.3447113037
-0.2035522461
-0.2462310791
-0.0205841064
0.0142059326
0.0058898926
-0.0136718750
-0.0127868652
-0.0053253174
-0.0214233398
0.0239868164
-0.0154418945
-0.0295867920
-0.0051727295
0.0204010010
0.0078887939
-0.0198516846
-0.0115356445
0.0069580078
-0.0005798340
-0.0057067871
0.0037841797
-0.0008697510
0.0032196045
0.0007324219
0.0077056885
-0.0039520264
-0.0013275146
-0.0042114258
0.0054779053
-0.0047149658
-0.0028228760
0.0117797852
0.0081939697
0.0044708252
