0.0142364502
0.0126037598
-0.0119628906
0.0080413818
-0.0010986328
0.0033264160
0.0070953369
0.0030517578
-0.0152435303
0.0098419189
-0.0172729492
0.0051422119
0.0122680664
0.0149536133
0.0043792725
-0.0097656250
0.0000000000
-0.0007324219
0.0040893555
-0.0002441406
0.0110626221
0.0014190674
-0.0168304443
0.0011749268
-0.0027160645
-0.0119934082
-0.0043334961
-0.0006866455
-0.0142059326
0.0004425049
0.0148773193
0.0035095215
-0.0063018799
0.0043029785
-0.0014648438
-0.0149383545
-0.0094757080
-0.0093841553
0.0030975342
0.0051727295
0.0069122314
-0.0048217773
-0.0138702393
0.0138092041
-0.0101165771
-0.0027923584
-0.0128631592
0.0125885010
-0.0109863281
0.0116119385
0.0147705078
-0.0132141113
0.0025787354
0.0176696777
-0.0084991455
-0.0061035156
0.0336456299
-0.0061340332
0.0077209473
-0.0077819824
-0.0001678467
0.0102081299
0.0062408447
-0.0120849609
0.0051422119
0.0089263916
-0.0005340576
-0.0115966797
-0.0097503662
0.0055541992
-0.0017547607
-0.0077667236
0.0035095215
0.0034942627
0.0095367432
-0.0010681152
0.0067138672
-0.0108947754
-0.0027618408
0.0021209717
-0.1336975098
-0.2674560547
-0.0464172363
0.2260742188
-0.2187500000
0.2236175537
-0.1647796631
0.2033233643
0.2990264893
-0.2557983398
0.2823638916
-0.1542053223
0.2100982666
0.1463165283
0.2668914795
0.3505401611
-0.0030822754
0.0039520264
-0.0025177002
0.0140533447
-0.0117950439
-0.0025024414
0.0062713623
0.0056457520
-0.0028839111
-0.0017852783
-0.0013580322
0.0060729980
0.0107574463
-0.0041961670
-0.0050354004
-0.0003356934
0.0026092529
-0.0006713867
0.0081634521
0.0061492920
-0.0028228760
-0.0050811768
-0.0044555664
-0.0070037842
0.0180664062
0.0121154785
0.0124511719
-0.0082397461
0.0004119873
0.0072631836
-0.0117797852
-0.0059661865
0.0035858154
-0.0017700195
0.0056915283
0.0053710938
0.0032043457
0.0021209717
0.0089569092
-0.0020294189
-0.0000762939
0.0098114014
-0.0024566650
-0.0002136230
0.0026397705
-0.0000457764
0.0061187744
-0.0006408691
-0.0004577637
-0.0025329590
0.0134582520
0.0018005371
0.0088500977
0.0072631836
-0.0008850098
0.0048065186
0.0031127930
0.0040893555
-0.0211029053
-0.0004425049
0.0041351318
-0.0070800781
0.0064849854
0.0043640137
