-0.0074768066
0.0046844482
-0.0325164795
-0.0285186768
0.0016479492
-0.0227203369
0.0007476807
0.0001068115
-0.0055541992
0.0036926270
0.0140380859
0.0188446045
-0.0064086914
-0.0379791260
0.0352783203
0.0144805908
-0.3035888672
0.3001556396
0.1284179688
-0.3318786621
0.1096343994
0.2592163086
-0.0543823242
0.3300018311
0.3522644043
0.0831909180
0.0117797852
0.0344085693
0.1864013672
-0.3472595215
-0.0190277100
0.0250396729
0.0118103027
-0.0056610107
0.0039978027
-0.0065307617
0.0010681152
0.0057983398
-0.0010681152
-0.0004577637
0.0055389404
0.0156707764
0.0000152588
-0.0035095215
-0.0067291260
-0.0139312744
-0.0062103271
-0.0168762207
0.0052490234
-0.0008392334
0.0006103516
0.0015869141
0.0037384033
0.0022735596
-0.0017395020
0.0036010742
-0.0016326904
0.0048980713
0.0077209473
0.0047149658
0.0002288818
-0.0044708252
-0.0040740967
-0.0063934326
-0.0127410889
0.0044250488
-0.0147399902
-0.0139923096
0.0033264160
-0.0109710693
0.0142974854
0.0115509033
0.0169219971
-0.0140228271
0.0010375977
-0.0130462646
0.0086975098
0.0049896240
0.0052490234
0.0022277832
0.0009002686
0.0134429932
0.0098266602
-0.0111999512
0.0210571289
0.0042572021
0.0041351318
0.0007476807
0.0054321289
0.0015106201
-0.0099792480
-0.0009765625
-0.0124816895
0.0036621094
0.0111083984
-0.0080261230
-0.0079803467
0.0043487549
0.0105895996
0.0008850098
-0.0062255859
-0.0006561279
0.0029296875
0.0035247803
0.0240325928
-0.0053558350
0.0001373291
-0.0035095215
0.0045623779
-0.0062866211
-0.0107421875
-0.0034637451
-0.0180053711
0.0002899170
-0.0340270996
0.0134735107
-0.0092620850
0.0102233887
0.0030975342
-0.0015716553
-0.0366821289
0.0014495850
0.0021057129
-0.0037841797
-0.0132293701
-0.0009307861
0.0248718262
-0.0202178955
-0.0287475586
0.0340118408
0.0177764893
-0.0225067139
-0.0339965820
0.0120544434
0.0055389404
0.0217437744
-0.0092620850
-0.0356903076
0.0178222656
0.0070648193
-0.0077972412
-0.0135040283
-0.0207977295
0.0154571533
-0.0055236816
-0.0030670166
-0.0012054443
-0.0009155273
-0.0077056885
0.0017089844
0.0018463135
0.0029907227
0.0075836182
-0.0023651123
-0.0012664795
0.0013122559
-0.0028991699
0.0092926025
-0.0069122314
-0.0021972656
