-0.0002746582
0.0021667480
-0.0001373291
-0.0100402832
0.0021209717
-0.0043640137
-0.0091705322
-0.0053558350
0.0030822754
-0.0091094971
-0.0038757324
0.0143127441
-0.0016479492
0.0029449463
-0.0001678467
-0.0012512207
-0.0009460449
0.0033721924
-0.0013580322
0.0007781982
-0.0036010742
0.0010986328
-0.0105895996
-0.0006866455
-0.0019989014
-0.0029449463
-0.0042266846
0.0017395020
0.0041656494
0.0014495850
0.0015258789
-0.0058898926
0.0040435791
0.0082244873
0.0025939941
0.0022125244
-0.0043792725
0.0026245117
-0.0054626465
0.0082855225
-0.0058593750
0.0003051758
-0.0017395020
0.0009765625
0.0034179688
0.0072479248
0.0045623779
-0.0021209717
-0.0122070312
0.0281219482
0.0293579102
0.0099487305
-0.0130310059
-0.0245056152
-0.0031280518
0.0061187744
-0.0295257568
-0.0088195801
-0.0090484619
-0.0027770996
0.0081939697
0.0022735596
-0.0218658447
-0.0067443848
-0.0018157959
-0.0162200928
-0.0011444092
-0.0182647705
-0.0037384033
-0.0029449463
-0.0115203857
0.0036773682
-0.0026092529
-0.0064086914
0.0070648193
0.0025634766
0.0156860352
-0.0038909912
-0.0030975342
-0.0098419189
-0.1595306396
-0.2544708252
0.0144042969
0.2699584961
-0.2295074463
0.2337341309
-0.1796875000
0.2206726074
0.2593078613
-0.1523284912
0.2597961426
-0.1695556641
0.1999511719
0.2316436768
0.2740020752
0.4122161865
0.0063171387
0.0058441162
0.0132446289
-0.0045776367
-0.0016632080
-0.0059967041
0.0040130615
0.0057220459
0.0086059570
-0.0021972656
0.0000915527
-0.0079040527
0.0133209229
-0.0174713135
-0.0091857910
-0.0134887695
0.0078125000
0.0047912598
0.0054931641
-0.0006561279
0.0001525879
-0.0036773682
-0.0010070801
-0.0039062500
0.0008544922
0.0011901855
0.0044708252
-0.0037384033
0.0041656494
0.0065307617
0.0014190674
0.0107421875
0.0116577148
-0.0064849854
-0.0042572021
0.0176391602
0.0076446533
0.0015258789
0.0109405518
-0.0142974854
0.0116729736
0.0075378418
-0.0090484619
-0.0127410889
-0.0192565918
0.0116577148
0.0079193115
-0.0019531250
-0.0018157959
0.0028076172
0.0008239746
0.0006713867
0.0007934570
0.0004425049
-0.0002899170
0.0010681152
0.0016784668
-0.0001678467
0.0017852783
0.0001983643
0.0001831055
-0.0002593994
-0.0012054443
-0.0007019043
