0.0068359375
0.0012664795
-0.0026855469
-0.0027313232
-0.0053710938
-0.0005950928
-0.0008239746
-0.0046691895
-0.0033569336
0.0007324219
0.0081176758
0.0144653320
-0.0011291504
0.0036621094
0.0027160645
-0.0003662109
-0.0052337646
0.0072479248
-0.0007476807
-0.0048217773
-0.0019226074
0.0057220459
0.0087585449
0.0062408447
0.0061798096
0.0102539062
-0.0023345947
0.0073394775
0.0131378174
-0.0043640137
0.0023651123
-0.0098876953
-0.0065002441
0.0037078857
-0.0005950928
0.0058593750
0.0137634277
-0.0044250488
0.0026397705
-0.0037231445
0.0122528076
-0.0051422119
0.0156097412
-0.0028228760
0.0192565918
-0.0052490234
0.0069732666
0.0080413818
0.0040893555
-0.0081787109
-0.0001525879
0.0037536621
0.0027618408
0.0016326904
-0.0075531006
0.0058441162
-0.0014343262
0.0053405762
-0.0018157959
-0.0019683838
0.0062713623
-0.0164031982
-0.0016784668
-0.0001983643
0.0120239258
-0.0197906494
0.0109558105
0.0166320801
-0.0061492920
0.0140991211
-0.0188446045
0.0029602051
-0.0057983398
0.0029602051
-0.0046844482
0.0233306885
-0.0038146973
-0.0231781006
-0.0023803711
-0.0034027100
0.0085601807
0.0022277832
-0.0006713867
-0.0010833740
0.0084686279
-0.0026702881
0.0137786865
-0.0071105957
-0.0219268799
0.0065002441
-0.0090484619
-0.0042877197
0.0077209473
-0.0081939697
-0.0149841309
0.0033721924
-0.0037384033
0.0003509521
0.0103302002
-0.0060882568
0.0047760010
-0.0073089600
0.0001068115
-0.0041046143
0.0008850098
0.0027618408
0.0092468262
-0.0033111572
0.0027465820
0.0002899170
-0.0036773682
-0.0003967285
0.0087432861
0.0200195312
-0.0199432373
-0.0038452148
-0.0010070801
-0.0003967285
0.0149536133
0.0077667236
-0.0128326416
-0.0148315430
0.0012664795
-0.0243988037
-0.0103302002
0.0188293457
0.0115509033
0.0068511963
-0.0012817383
-0.0035400391
0.0049133301
-0.0016784668
0.0042877197
-0.0070800781
0.0087585449
0.0038909912
-0.0012969971
-0.0067138672
0.0040283203
0.0074768066
-0.0069122314
-0.0017852783
-0.0019836426
-0.0003662109
0.1180419922
0.0750427246
-0.2664184570
0.2496185303
-0.1288909912
-0.3128662109
-0.2837524414
-0.2516784668
-0.3059997559
0.3294982910
0.0052642822
0.3094940186
0.3039703369
0.0519561768
0.0123596191
-0.2936553955
