-0.0011596680
0.0000610352
-0.0055084229
0.0034790039
-0.0017547607
-0.0035247803
0.0058898926
0.0189514160
-0.0066223145
0.0021667480
-0.0042877197
0.0171051025
0.0059661865
0.0020599365
0.0240478516
0.0037994385
-0.0000457764
-0.0012207031
-0.0014495850
-0.0024566650
-0.0023956299
-0.0012359619
-0.0016326904
0.0023345947
0.0030212402
-0.0001373291
0.0065460205
-0.0089874268
-0.0021209717
-0.0030975342
-0.0066986084
0.0045166016
0.0034484863
0.0020599365
0.0039825439
0.0071563721
0.0080871582
0.0019073486
-0.0011596680
0.0043029785
0.0072479248
0.0123443604
0.0018310547
0.0036010742
0.0038757324
-0.0074768066
0.0040435791
-0.0072174072
0.0021514893
-0.0022888184
-0.0005645752
0.0059967041
0.0071563721
-0.0050201416
0.0063629150
0.0088958740
0.0001220703
0.0032653809
-0.0061492920
-0.0033111572
0.0059814453
0.0041656494
0.0018463135
0.0078430176
0.0111694336
0.0014801025
0.0063629150
-0.0019989014
0.0149688721
0.0064239502
-0.0155334473
-0.0097198486
-0.0028686523
0.0009002686
-0.0045166016
0.0177459717
-0.0123748779
-0.0148468018
0.0059204102
0.0067291260
0.0038604736
0.0033264160
0.0039978027
-0.0047912598
0.0012359619
-0.0005035400
0.0025482178
-0.0048980713
0.0023040771
0.0066223145
0.0030517578
0.0034179688
-0.0054626465
0.0044708252
0.0006561279
-0.0003204346
0.0113983154
0.0041046143
-0.0026855469
0.0027770996
-0.0041351318
0.0077056885
-0.0096588135
0.0006256104
0.0129547119
0.0130157471
-0.0009613037
0.0094146729
0.0014343262
0.0051727295
-0.0115966797
0.0096130371
-0.0032348633
0.0074157715
-0.0036163330
-0.0025787354
0.0083923340
-0.0038604736
0.0099029541
-0.0008850098
-0.0040588379
-0.0028228760
0.0074615479
-0.0020751953
0.0062408447
0.0073852539
0.0111999512
0.0001831055
0.0050048828
0.0005950928
-0.0083007812
-0.0244445801
0.0007324219
0.0006408691
-0.0225677490
0.0003814697
0.0056152344
0.0047149658
0.0105743408
-0.0051269531
0.0174560547
-0.0078277588
0.0016632080
-0.0015869141
0.2179107666
-0.0929718018
-0.2530975342
0.3112792969
0.0203552246
-0.2968597412
-0.2734832764
-0.2679595947
-0.2578430176
0.2825164795
-0.1501312256
0.3057556152
0.3026733398
0.0413818359
0.0261840820
-0.3138580322
