-0.2485656738
-0.2518463135
0.2331848145
-0.2564849854
0.3379058838
-0.1682434082
-0.2903442383
0.0953369141
0.2080688477
-0.2750396729
0.2877960205
-0.0008392334
-0.2751312256
-0.2122802734
-0.0300292969
0.2151641846
0.0093231201
-0.0079193115
-0.0028381348
0.0072326660
0.0030670166
-0.0061492920
-0.0001220703
-0.0048217773
-0.0075073242
-0.0063018799
-0.0183715820
-0.0076141357
-0.0003509521
0.0078735352
-0.0002288818
-0.0039062500
0.0002441406
-0.0065307617
-0.0080871582
0.0072479248
-0.0144958496
-0.0053405762
0.0186309814
0.0061645508
-0.0037231445
0.0096740723
-0.0253601074
-0.0025787354
0.0005645752
0.0113983154
-0.0183105469
-0.0000305176
0.0033874512
0.0039367676
0.0054473877
-0.0084075928
0.0083007812
0.0064544678
-0.0122375488
0.0056457520
0.0001525879
0.0029754639
0.0079956055
0.0029907227
0.0013732910
0.0048522949
-0.0050964355
-0.0028686523
0.0026245117
0.0082397461
0.0046844482
-0.0136413574
-0.0048217773
0.0050048828
-0.0025177002
0.0011596680
-0.0072479248
0.0045318604
0.0179748535
0.0036621094
0.0043334961
-0.0019531250
0.0090484619
0.0149536133
-0.0082702637
0.0059356689
-0.0015411377
0.0034484863
-0.0081024170
-0.0034027100
0.0120697021
-0.0021667480
0.0160369873
0.0106964111
-0.0014801025
-0.0000915527
0.0057830811
0.0068969727
0.0045013428
-0.0045471191
0.0019378662
-0.0003662109
-0.0007476807
0.0001678467
-0.0001831055
-0.0010833740
-0.0012512207
0.0024261475
0.0005035400
-0.0009307861
0.0016479492
-0.0043029785
0.0036315918
0.0017852783
0.0049285889
-0.0010833740
-0.0016021729
-0.0056304932
0.0197601318
0.0063934326
0.0041198730
-0.0160217285
0.0016174316
-0.0085906982
0.0063018799
0.0048522949
-0.0030212402
0.0154113770
0.0210266113
-0.0047149658
-0.0196228027
0.0025634766
0.0070343018
-0.0002593994
-0.0092163086
0.0011596680
0.0041351318
-0.0073547363
-0.0073089600
-0.0085449219
0.0097198486
-0.0015258789
0.0002136230
-0.0094146729
0.0031433105
0.0038452148
0.0013885498
-0.0021820068
-0.0095977783
0.0060424805
0.0007629395
0.0003662109
0.0179901123
-0.0054626465
-0.0057983398
-0.0022430420
-0.0097198486
0.0108337402
0.0117645264
0.0057678223
0.0071868896
0.0028381348
-0.0123443604
-0.0030364990
