-0.0021514893
-0.0031280518
0.0023803711
-0.0027008057
0.0071563721
0.0073394775
-0.0007324219
-0.0013580322
0.0006713867
0.0019073486
0.0087738037
-0.0008392334
-0.0061798096
-0.0042572021
0.0043029785
0.0075531006
0.0030822754
-0.0101013184
0.0025024414
0.0063323975
0.0010681152
-0.0041656494
-0.0080566406
-0.0063781738
-0.0050201416
-0.0077819824
0.0177154541
-0.0060577393
-0.0170593262
0.0068969727
0.0037689209
-0.0045318604
-0.0045776367
0.0011444092
-0.0014038086
-0.0081787109
-0.0010986328
-0.0013427734
0.0077056885
0.0078277588
0.0127258301
0.0016326904
-0.0146942139
0.0114898682
0.0024414062
-0.0128784180
-0.0083312988
0.0080261230
-0.0158996582
0.0001373291
0.0031585693
0.0024108887
0.0096130371
0.0240936279
0.0164642334
0.0174713135
0.0092010498
-0.0134582520
-0.0121765137
0.0057983398
0.0080261230
0.0183410645
0.0062255859
0.0285186768
-0.0024261475
-0.0285186768
-0.0103759766
0.0085906982
0.0006256104
-0.0006713867
0.0031738281
0.0023193359
-0.0063018799
-0.0048675537
-0.0208740234
-0.0109558105
-0.0053405762
0.0030670166
0.0012512207
0.0078582764
0.0140991211
-0.0219268799
-0.0155029297
0.0159759521
0.0155944824
0.0025939941
0.0059661865
0.0012969971
0.0142669678
0.0009918213
-0.0030975342
-0.0048675537
0.0162506104
0.0027618408
0.0065460205
-0.0029296875
-0.0051879883
0.0040130615
0.0127563477
-0.0080108643
0.0029907227
-0.0071258545
-0.0087432861
-0.0023651123
0.0229797363
0.0087280273
0.0051269531
0.0082092285
0.0078582764
0.0029602051
-0.0012817383
-0.0034332275
0.0161895752
0.0145721436
0.0097656250
-0.0112304688
0.0032043457
0.0008087158
-0.0045318604
-0.0038757324
-0.0083923340
0.0084228516
-0.0012359619
-0.0064239502
-0.0065765381
0.0037231445
0.0116729736
-0.0088500977
-0.2862854004
0.2946319580
0.1307983398
0.1673889160
-0.3058013916
0.1140594482
-0.2318420410
0.2719268799
-0.2786407471
0.3199768066
0.2044677734
0.2278594971
0.1192169189
-0.2316741943
0.1809997559
0.3063659668
-0.0269927979
0.0056915283
0.0150146484
0.0016479492
0.0043029785
-0.0030975342
0.0090942383
0.0014495850
0.0043945312
-0.0097198486
-0.0079498291
0.0004272461
0.0039672852
0.0170898438
0.0085144043
-0.0107116699
