-0.0043640137
0.0060119629
-0.0247344971
-0.0130157471
-0.0329742432
-0.0001831055
0.0044097900
0.0001983643
-0.0112304688
-0.0011901855
-0.0014038086
0.0237731934
-0.0002288818
-0.0198974609
0.0223236084
0.0047760010
-0.3310394287
0.3335418701
0.1104278564
-0.3431091309
0.0553894043
0.2791290283
-0.0639953613
0.3399810791
0.3586578369
0.1180877686
0.0544586182
0.0522003174
0.1959228516
-0.3579864502
-0.0348968506
0.0072937012
0.0043487549
-0.0040893555
-0.0056457520
0.0007934570
-0.0044403076
0.0023803711
0.0031433105
-0.0083618164
0.0042877197
0.0031127930
0.0095672607
-0.0162048340
0.0046234131
0.0055694580
-0.0047607422
-0.0033111572
0.0068359375
0.0094757080
0.0240173340
-0.0293579102
0.0242309570
-0.0025634766
-0.0078430176
0.0079956055
-0.0190124512
-0.0179595947
0.0031585693
0.0147399902
0.0182800293
0.0021362305
-0.0098571777
-0.0067291260
-0.0061035156
-0.0106353760
-0.0086669922
-0.0015716553
-0.0105438232
-0.0037994385
0.0032958984
-0.0067138672
0.0062408447
-0.0122375488
-0.0075378418
-0.0191955566
0.0158843994
-0.0023956299
0.0045471191
0.0083923340
0.0021820068
0.0000000000
0.0019836426
-0.0000457764
0.0039367676
-0.0025634766
0.0041503906
0.0018005371
0.0021514893
0.0039215088
0.0012054443
-0.0007019043
-0.0053253174
0.0019226074
0.0038604736
-0.0078430176
0.0079040527
-0.0020599365
0.0150909424
-0.0058746338
0.0017700195
0.0009613037
-0.0034637451
-0.0031585693
0.0088958740
-0.0049438477
0.0090026855
-0.0169219971
-0.0041503906
0.0035247803
-0.0150146484
0.0042877197
0.0016479492
0.0004730225
-0.0055084229
0.0073547363
-0.0049438477
0.0067138672
-0.0013580322
0.0000457764
-0.0169982910
0.0019531250
-0.0038452148
-0.0070190430
-0.0045471191
0.0023498535
0.0110626221
-0.0084838867
-0.0090026855
0.0032958984
0.0081329346
-0.0073394775
-0.0033264160
0.0014190674
0.0044403076
0.0054473877
-0.0003509521
-0.0126953125
0.0024414062
0.0056915283
-0.0026397705
-0.0070343018
0.0067443848
0.0000305176
-0.0120086670
-0.0042572021
0.0033264160
-0.0031585693
-0.0027313232
0.0016632080
0.0032043457
0.0023345947
0.0063781738
-0.0047454834
-0.0027008057
-0.0001373291
-0.0033874512
-0.0079650879
0.0014190674
-0.0008087158
