-0.0017547607
-0.0069580078
0.0032806396
-0.0041961670
0.0160675049
-0.0000305176
-0.0023956299
0.0004119873
0.0029602051
0.0000152588
0.0035400391
0.0106506348
0.0038146973
0.0079193115
0.0093231201
0.0061492920
0.0024871826
-0.0024414062
0.0016174316
0.0013580322
0.0042724609
-0.0019073486
0.0016784668
-0.0017700195
-0.0010375977
-0.0062866211
-0.0010070801
0.0003051758
-0.0022277832
0.0008850098
0.0012359619
-0.0059967041
0.0010528564
-0.0082550049
0.0102539062
0.0001373291
0.0000000000
0.0065460205
-0.0009002686
0.0088806152
0.0079193115
0.0138244629
-0.0023193359
0.0095367432
-0.0007476807
-0.0147247314
-0.0055541992
-0.0082550049
-0.3040008545
0.1588897705
0.2897949219
-0.1225433350
0.2740325928
-0.2502899170
-0.2080078125
0.0730743408
-0.2030181885
-0.1923675537
-0.2601470947
-0.1921844482
0.2778472900
0.1696014404
-0.2805633545
0.2561035156
0.0220336914
-0.0057678223
0.0070495605
0.0047607422
0.0145568848
0.0135040283
-0.0165557861
-0.0335693359
-0.0205688477
0.0140380859
-0.0154113770
0.0072479248
-0.0011291504
-0.0186157227
-0.0099792480
-0.0080871582
0.0217742920
-0.0458068848
-0.0010375977
0.0450134277
0.0278167725
-0.0125579834
-0.0107727051
-0.0288848877
0.0034484863
-0.0218200684
0.0082702637
-0.0062866211
0.0416107178
0.0269470215
-0.0407562256
0.0265197754
0.0054168701
0.0151367188
-0.0019989014
0.0039825439
-0.0060729980
-0.0121307373
0.0089569092
0.0079803467
0.0012817383
0.0055236816
0.0048065186
0.0038299561
0.0014953613
0.0017852783
-0.0117797852
-0.0160980225
0.0041046143
0.0078125000
-0.0017089844
0.0054016113
0.0010528564
0.0005340576
-0.0001678467
0.0055084229
-0.0120544434
-0.0054779053
0.0068359375
-0.0081481934
-0.0019226074
0.0041961670
0.0099334717
0.0034332275
0.0081481934
-0.0237426758
-0.0048522949
0.0139770508
0.0216217041
0.0076446533
-0.0116424561
0.0108184814
-0.0034637451
-0.0003204346
-0.0133972168
0.0122680664
0.0136871338
-0.0044708252
0.0101318359
-0.0149078369
0.0008239746
0.0007324219
0.0000000000
0.0005493164
-0.0040740967
-0.0030212402
0.0010375977
-0.0027618408
-0.0023956299
0.0015106201
-0.0067443848
0.0021514893
-0.0000305176
0.0006256104
0.0018310547
0.0007781982
