-0.0045318604
-0.0000610352
-0.0117187500
-0.0056152344
-0.0110473633
0.0100555420
-0.0112152100
-0.0064697266
-0.0211334229
-0.0211486816
0.0037078857
0.0030975342
0.0039062500
-0.0140075684
0.0060882568
-0.0045928955
-0.0580139160
0.0577087402
-0.0014190674
-0.0458831787
0.0080108643
0.0389556885
0.0084686279
0.0474700928
0.0619964600
0.0389251709
0.0302581787
-0.0212707520
0.0617065430
-0.0465545654
-0.0356903076
-0.0261535645
-0.0609893799
-0.0093383789
-0.0611724854
-0.0054931641
0.0199127197
-0.0683441162
0.0730590820
-0.0161590576
-0.0595550537
-0.0435180664
-0.0338592529
-0.0072326660
-0.0054168701
-0.0538177490
0.0238037109
0.0591735840
-0.0140380859
0.0007476807
-0.0136413574
-0.0159606934
0.0019836426
-0.0057983398
-0.0042419434
-0.0072937012
-0.0001525879
-0.0046081543
-0.0121459961
-0.0133666992
0.0015869141
0.0098114014
-0.0163574219
0.0077362061
-0.0013580322
0.0010528564
0.0002593994
0.0144958496
0.0022125244
-0.0063934326
0.0012512207
0.0039672852
0.0054473877
-0.0042877197
-0.0084533691
0.0006866455
0.0089111328
0.0038299561
0.0045166016
0.0042572021
0.0007781982
-0.0053405762
-0.0030059814
0.0016021729
-0.0086975098
0.0018463135
0.0012359619
0.0027465820
0.0038452148
-0.0085144043
-0.0050964355
-0.0016632080
0.0121765137
-0.0011291504
-0.0059509277
0.0004882812
0.0014190674
0.0012207031
-0.0067749023
-0.0050659180
0.0009460449
0.0059967041
-0.0138244629
-0.0134887695
0.0257873535
0.0078430176
0.0191802979
-0.0040893555
0.0007629395
0.0142669678
-0.0184631348
0.0123138428
-0.3134460449
-0.2475128174
0.0078887939
0.0148315430
-0.2563934326
0.2779846191
-0.1989135742
-0.2375488281
0.0618133545
0.2073059082
-0.1465759277
0.2572479248
0.1432189941
-0.2555084229
-0.0565795898
-0.2254791260
-0.0126800537
0.0108795166
0.0152130127
-0.0064544678
-0.0107269287
0.0151214600
-0.0033416748
0.0102996826
-0.0103302002
0.0053558350
0.0150909424
0.0126190186
0.0108184814
-0.0063323975
-0.0027770996
0.0088043213
-0.0110778809
-0.0042724609
-0.0077056885
-0.0014495850
-0.0098876953
-0.0045928955
0.0008697510
-0.0003967285
0.0041351318
0.0016326904
-0.0095214844
0.0067443848
-0.0024261475
0.0094146729
-0.0050354004
-0.0098266602
