0.0001220703
0.0051879883
0.0014190674
-0.0033416748
0.0050811768
0.0084228516
-0.0119323730
-0.0036010742
-0.0135192871
-0.0183258057
-0.0054626465
0.0116271973
-0.0043640137
-0.0000610352
-0.0050964355
-0.0063781738
0.0076751709
-0.0054626465
-0.0072326660
0.0104217529
0.0075378418
-0.0063476562
-0.0022277832
-0.0089416504
-0.0108642578
0.0017089844
-0.0026245117
-0.0001525879
0.0044403076
0.0116271973
0.0078735352
-0.0231628418
-0.0057220459
0.0009307861
0.0014495850
0.0111694336
0.0147247314
-0.0068206787
0.0015106201
-0.0014190674
-0.0022583008
-0.0080108643
0.0048065186
-0.0006256104
0.0137176514
-0.0029907227
0.0080261230
0.0092773438
0.0015716553
-0.0071716309
-0.0315551758
-0.0063476562
-0.0076904297
0.0045013428
0.0258483887
-0.0026550293
-0.0041198730
0.0083465576
0.0084381104
-0.0118713379
-0.0085296631
0.0048522949
0.0122985840
-0.0140533447
0.0062255859
-0.0117645264
0.0056304932
0.0013122559
-0.0109252930
0.0081176758
-0.0073089600
0.0003814697
-0.0044250488
0.0069732666
-0.0018920898
0.0043945312
0.0074920654
-0.0060424805
-0.0015563965
0.0040740967
0.0093841553
0.0073699951
0.0057373047
-0.0027923584
0.0271301270
-0.0128631592
0.0095367432
-0.0151977539
-0.0130462646
0.0208282471
-0.0028991699
-0.0081634521
-0.0159301758
-0.0059204102
-0.0025787354
-0.0154266357
-0.0028228760
0.0042572021
0.0022583008
-0.0010833740
-0.0001525879
-0.0048370361
0.0056762695
0.0076293945
-0.0043792725
0.0078735352
-0.0014801025
0.0040893555
-0.0009155273
-0.0019378662
0.0070953369
-0.0045471191
0.0052490234
0.0029754639
-0.0044250488
0.0128631592
-0.0072937012
-0.0027313232
0.0027160645
-0.0101928711
0.0015716553
0.0057678223
0.0069274902
-0.0062713623
0.0023040771
0.0062561035
-0.0028228760
-0.0022888184
-0.0012054443
-0.0020599365
-0.0049438477
-0.0080718994
-0.0010375977
0.0014343262
0.0123138428
-0.0061187744
-0.0072937012
-0.0123901367
-0.0223846436
0.0010681152
-0.0036926270
-0.0054016113
-0.0081939697
0.0013580322
0.0756835938
-0.0065765381
-0.2329711914
0.2509765625
-0.1107330322
-0.3265838623
-0.2505798340
-0.2614746094
-0.3196411133
0.3235321045
-0.0395507812
0.3232879639
0.3210449219
0.0755462646
0.0380401611
-0.3172302246
