-0.0007171631
-0.0037384033
0.0108489990
0.0041809082
-0.0049743652
0.0178680420
-0.0038452148
0.0094909668
-0.0065612793
-0.0142517090
0.0091094971
0.0145568848
-0.0041503906
-0.0110778809
0.0023803711
0.0054779053
0.0077362061
0.0002136230
-0.0186614990
0.0155029297
0.0105133057
-0.0064697266
0.0011291504
-0.0146179199
-0.0138549805
0.0149230957
-0.0120086670
-0.0060729980
0.0122528076
0.0164489746
-0.0058288574
0.0116882324
0.0001831055
-0.0015716553
-0.0012054443
-0.0048522949
-0.0001831055
0.0006713867
0.0012512207
0.0031585693
0.0025787354
0.0050506592
-0.0017089844
0.0045623779
-0.0023193359
-0.0042877197
0.0007629395
-0.0024719238
0.0063171387
-0.0092926025
-0.0098876953
0.0276641846
-0.0037384033
-0.0062561035
0.0018005371
0.0015258789
-0.0081939697
0.0106506348
0.0005950928
0.0095214844
-0.0029144287
-0.0109100342
0.0009307861
-0.0070495605
0.0040130615
-0.0110931396
0.0048980713
-0.0072937012
-0.0066223145
0.0054321289
-0.0011291504
0.0012817383
0.0032348633
0.0027465820
0.0055694580
-0.0016479492
0.0098724365
0.0036010742
-0.0016784668
0.0012359619
-0.0030975342
0.0097503662
0.0043487549
-0.0046386719
0.0101013184
0.0090179443
0.0105590820
0.0073242188
0.0012512207
0.0007934570
-0.0111999512
-0.0067443848
0.0052185059
0.0160369873
-0.0026397705
0.0044555664
0.0087738037
0.0032043457
-0.0234527588
0.0029754639
0.0041046143
-0.0159454346
0.0065155029
0.0017700195
0.0007781982
0.0090942383
-0.0104217529
0.0135345459
-0.0090332031
-0.0090942383
0.0080718994
-0.0060272217
-0.2621154785
-0.2983551025
0.1160888672
-0.1824340820
-0.2552795410
0.1834411621
-0.2884521484
-0.2420043945
-0.0795745850
0.3067016602
-0.1428070068
0.3303833008
0.1641998291
-0.3139038086
-0.1913146973
-0.2351074219
-0.0037536621
-0.0031280518
-0.0124969482
-0.0104827881
0.0020751953
-0.0161437988
0.0068206787
0.0035400391
0.0010070801
-0.0213012695
-0.0148925781
0.0073547363
0.0010986328
0.0011901855
0.0003967285
-0.0072631836
-0.0122222900
0.0019073486
0.0008087158
-0.0193939209
-0.0061340332
0.0148010254
0.0119476318
0.0110931396
0.0157928467
-0.0083312988
0.0109252930
-0.0123443604
-0.0192108154
0.0148468018
-0.0029144287
0.0129852295
