0.0102386475
-0.00215148926
-0.00122070312
-0.0040435791
0.000518798828
-0.00318908691
-0.00479125977
-0.016418457
-0.00831604004
0.000640869141
0.00323486328
-0.00526428223
-0.000503540039
0.00694274902
-0.0036315918
0.00280761719
0.00473022461
-0.0079498291
0.0119018555
-0.00247192383
-0.00245666504
-0.000701904297
0.00146484375
0.00198364258
0.00141906738
-0.0126037598
-0.00143432617
0.0061340332
-0.0101776123
-0.00276184082
-0.00430297852
0.000137329102
0.0175323486
-0.0131225586
0.0340881348
-0.0119934082
-0.00961303711
0.0150604248
-0.0072479248
0.000854492188
-0.00393676758
0.0197143555
-0.00848388672
0.0118713379
-0.00605773926
0.00685119629
-0.0176696777
-0.0305938721
-0.00140380859
-0.00442504883
-0.00755310059
0.0113983154
-0.0148620605
0.00422668457
-0.00747680664
-0.00910949707
0.00428771973
0.00497436523
0.000823974609
0.00631713867
-0.00468444824
-0.00714111328
-0.00416564941
-0.00576782227
0.0142211914
-0.00227355957
0.00346374512
0.0233612061
0.00305175781
0.00981140137
-0.001953125
-0.00729370117
-0.00746154785
0.0134124756
-0.0452575684
0.00987243652
-0.0374298096
-0.00582885742
0.028427124
0.0236206055
-0.00137329102
0.00169372559
0.0214996338
-0.00859069824
-0.0101013184
0.00425720215
-0.00161743164
0.00288391113
0.00712585449
0.00242614746
-0.0100708008
0.00555419922
-0.00933837891
0.000106811523
0.0064239502
-0.00770568848
-0.00730895996
0.00289916992
-0.00227355957
0.00314331055
-0.0032043457
0.00137329102
0.0068359375
0.00552368164
0.000610351562
-0.000885009766
-0.00910949707
-0.00144958496
-0.00527954102
-0.00698852539
0.00244140625
-0.00814819336
-0.321685791
-0.279663086
0.147613525
-0.109054565
-0.241699219
0.338729858
-0.25604248
-0.219055176
0.120285034
0.196578979
-0.175598145
0.305999756
0.172195435
-0.325927734
-0.196350098
-0.204116821
0.0126190186
-0.011932373
0.00854492188
0.0112762451
0.0137634277
0.00355529785
-0.00196838379
-0.00895690918
0.00953674316
0.0153045654
-0.00311279297
-0.0032043457
0.0148773193
0.0169677734
-0.000900268555
-0.0118865967
-9.15527344e-05
-0.00199890137
-0.000228881836
0.00398254395
0.000946044922
0.00105285645
-0.00341796875
0.000854492188
0.0027923584
0.00189208984
-0.00399780273
0.00134277344
0.00283813477
-0.00144958496
0.00631713867
-0.00303649902
