-0.0003814697
0.0090179443
-0.0168914795
-0.0005340576
-0.0350036621
0.0142669678
0.0083618164
-0.0014190674
-0.0035858154
0.0001373291
-0.0043334961
0.0152435303
0.0085601807
-0.0096893311
-0.0005645752
-0.0041503906
-0.3169250488
0.3170623779
0.1583709717
-0.3496093750
0.0117950439
0.2805480957
-0.0742492676
0.3441619873
0.3635864258
0.0990600586
0.0396423340
0.1419372559
0.1997985840
-0.3667907715
-0.0348358154
-0.0042877197
0.0080108643
-0.0031280518
0.0025329590
-0.0014343262
-0.0154876709
0.0066528320
0.0000457764
-0.0053405762
0.0113677979
0.0055236816
0.0084381104
-0.0118560791
0.0025787354
0.0057067871
-0.0081024170
-0.0038299561
0.0022277832
-0.0029907227
0.0034942627
-0.0117645264
0.0103759766
0.0042572021
-0.0068817139
0.0023193359
-0.0075988770
-0.0060424805
0.0021209717
0.0089721680
0.0017700195
0.0007171631
-0.0008544922
-0.0037841797
0.0199279785
0.0113677979
0.0082855225
0.0121459961
-0.0010681152
0.0191955566
-0.0055541992
-0.0364379883
-0.0116424561
0.0144958496
0.0021820068
-0.0022430420
0.0114898682
-0.0319061279
-0.0005035400
-0.0083160400
-0.0019989014
-0.0088195801
0.0044555664
-0.0016784668
0.0117340088
0.0049133301
-0.0048675537
0.0020141602
0.0202484131
0.0017547607
0.0081329346
-0.0145263672
-0.0085144043
0.0012207031
0.0166778564
-0.0113220215
-0.0024566650
-0.0038146973
0.0113830566
-0.0048522949
0.0024871826
-0.0021514893
-0.0048217773
-0.0039825439
0.0027313232
-0.0012359619
0.0129089355
0.0015563965
0.0015563965
0.0072174072
-0.0094146729
0.0080871582
0.0096740723
-0.0008239746
0.0026245117
0.0038146973
-0.0053863525
0.0045623779
-0.0041046143
0.0010833740
-0.0049743652
0.0037841797
-0.0018768311
-0.0144653320
-0.0078125000
0.0081481934
-0.0033416748
-0.0038146973
0.0011749268
-0.0003967285
0.0101928711
0.0053558350
0.0017395020
0.0021667480
-0.0066680908
-0.0036010742
-0.0005645752
0.0051269531
-0.0007629395
-0.0027465820
0.0044403076
-0.0068206787
0.0063781738
-0.0008087158
-0.0020599365
0.0004119873
0.0013885498
-0.0010833740
0.0015411377
-0.0012969971
0.0021972656
-0.0046997070
-0.0010528564
-0.0008850098
-0.0019836426
0.0041961670
0.0002288818
-0.0076293945
0.0043945312
-0.0015106201
