0.0132751465
0.0302124023
-0.0242919922
0.0159912109
-0.0029296875
0.0018463135
0.0057983398
0.0101318359
-0.0186004639
0.0115814209
-0.0355072021
-0.0123748779
0.0388488770
0.0147399902
0.0151672363
-0.0433197021
0.0035858154
0.0001678467
0.0056610107
-0.0029296875
0.0026550293
-0.0001678467
-0.0037231445
0.0014801025
0.0010528564
-0.0236358643
-0.0093536377
0.0052947998
-0.0012664795
-0.0028686523
0.0043029785
-0.0180969238
0.0016937256
0.0051574707
-0.0019989014
-0.0010833740
-0.0186462402
0.0034790039
-0.0080261230
0.0009613037
0.0056762695
-0.0007019043
0.0003204346
0.0076293945
-0.0109558105
-0.0002746582
-0.0189666748
0.0000610352
-0.0111236572
-0.0019531250
0.0185546875
0.0000457764
-0.0123443604
-0.0269165039
-0.0005493164
-0.0124511719
-0.0127868652
-0.0072937012
-0.0122680664
0.0185089111
0.0115203857
-0.0159759521
0.0193328857
-0.0449829102
-0.0013275146
-0.0031280518
-0.0022125244
-0.0072784424
-0.0018157959
0.0008087158
0.0012054443
-0.0026855469
0.0016021729
-0.0030212402
0.0021667480
-0.0032501221
-0.0006103516
-0.0049133301
0.0039825439
-0.0005645752
-0.0939331055
-0.3186645508
-0.0523071289
0.2929687500
-0.1470642090
0.2236175537
-0.1094970703
0.2641448975
0.1909484863
-0.3246765137
0.2682495117
-0.0855102539
0.2725677490
0.1548919678
0.2013244629
0.4079437256
0.0017395020
-0.0042419434
-0.0076141357
-0.0085449219
0.0037384033
-0.0059356689
-0.0028076172
-0.0000152588
-0.0036010742
0.0101776123
0.0033874512
0.0003051758
0.0036621094
0.0039215088
-0.0048217773
0.0002593994
-0.0016326904
0.0012817383
-0.0041198730
0.0045013428
0.0044708252
-0.0008544922
0.0040588379
0.0008392334
0.0050659180
-0.0005493164
-0.0101470947
-0.0012207031
-0.0044097900
0.0028381348
0.0032043457
-0.0025787354
0.0027618408
0.0043640137
-0.0115051270
-0.0018920898
-0.0002288818
-0.0199279785
0.0019836426
-0.0014343262
0.0055389404
0.0051269531
0.0046997070
-0.0044097900
0.0132141113
0.0068969727
-0.0050354004
-0.0014190674
0.0191802979
-0.0028991699
-0.0046386719
0.0009460449
-0.0063629150
0.0134277344
-0.0007019043
0.0071411133
0.0126190186
-0.0096893311
-0.0149841309
-0.0087890625
-0.0076293945
-0.0114898682
-0.0006103516
0.0061035156
