-0.0025024414
0.0005798340
0.0038452148
-0.0025482178
0.0156555176
-0.0012359619
-0.0046691895
0.0102844238
0.0073394775
-0.0028228760
0.0020446777
-0.0011138916
0.0008239746
0.0056457520
0.0075225830
-0.0020751953
-0.0001983643
0.0017547607
-0.0012817383
-0.0003509521
0.0024261475
-0.0006866455
0.0001831055
0.0010070801
0.0020599365
0.0009460449
-0.0037384033
-0.0012664795
0.0068206787
-0.0009613037
-0.0017242432
-0.0029907227
-0.0021667480
-0.0006256104
0.0097198486
-0.0012054443
-0.0021667480
-0.0020599365
0.0026550293
0.0002746582
0.0033264160
-0.0027923584
-0.0021209717
0.0112152100
-0.0050811768
-0.0020141602
-0.0058593750
0.0055236816
0.0064392090
0.0042266846
-0.0016937256
-0.0087280273
0.0018463135
0.0083923340
0.0062713623
-0.0024261475
0.0102844238
-0.0087432861
0.0043182373
0.0084991455
0.0010375977
-0.0011749268
0.0021972656
-0.0016479492
-0.0191040039
0.0065002441
-0.0220336914
-0.0225219727
0.0234222412
-0.0200195312
0.0114288330
0.0163421631
0.0304718018
-0.0345153809
0.0406341553
-0.0041809082
-0.0222015381
-0.0008239746
0.0318298340
0.0099792480
-0.0018463135
-0.0112457275
-0.0090026855
0.0130462646
0.0064086914
-0.0079498291
-0.0015869141
0.0078430176
-0.0034484863
-0.0003204346
0.0115203857
-0.0010986328
0.0060119629
-0.0020294189
0.0008392334
0.0058898926
-0.0213012695
0.3442993164
0.0772705078
0.2457427979
-0.2382507324
-0.2722625732
0.2738800049
0.2459716797
0.0665435791
0.1071929932
-0.2566528320
-0.0952911377
0.2835845947
-0.3631744385
-0.1645660400
-0.3578491211
0.0114746094
0.0078887939
0.0099639893
0.0199890137
0.0140380859
0.0126190186
0.0095672607
-0.0086059570
0.0176239014
-0.0044097900
-0.0083618164
-0.0024261475
-0.0127716064
0.0032043457
-0.0010986328
0.0008239746
0.0030517578
0.0009307861
0.0016937256
0.0083618164
-0.0010681152
-0.0011749268
-0.0039215088
-0.0034484863
-0.0017852783
0.0009155273
-0.0047149658
-0.0051116943
0.0007629395
-0.0022583008
-0.0060424805
0.0008392334
0.0016479492
-0.0014953613
0.0074462891
0.0042419434
-0.0010833740
0.0070343018
-0.0003051758
0.0075683594
0.0058135986
-0.0005798340
-0.0131988525
-0.0064849854
0.0014953613
-0.0111694336
0.0085296631
0.0072174072
