-0.2184753418
-0.2579956055
0.1400146484
-0.2871093750
0.2836914062
-0.2384643555
-0.1969757080
0.1036682129
0.1967315674
-0.2081451416
0.3229675293
0.2713775635
-0.2354583740
-0.2328186035
0.0670623779
0.3010711670
0.0051422119
-0.0070495605
0.0009155273
0.0062103271
0.0135803223
-0.0033111572
-0.0119781494
-0.0050354004
-0.0056152344
-0.0059814453
0.0029296875
0.0009307861
-0.0093078613
0.0062408447
0.0076599121
-0.0028228760
0.0016632080
-0.0211486816
0.0040740967
-0.0012664795
-0.0015411377
-0.0028381348
-0.0021057129
0.0040588379
-0.0034332275
-0.0014495850
-0.0002899170
0.0007934570
-0.0050659180
-0.0064849854
0.0069885254
-0.0073852539
0.0012512207
-0.0021362305
-0.0115661621
-0.0089569092
0.0058593750
0.0000000000
0.0106353760
0.0016632080
0.0001373291
-0.0011291504
0.0036773682
0.0021209717
0.0017089844
0.0054321289
-0.0024719238
0.0018920898
0.0111846924
0.0184936523
0.0162048340
-0.0017242432
0.0157470703
0.0083923340
-0.0140228271
-0.0116729736
-0.0163269043
0.0077514648
-0.0008087158
0.0149383545
0.0112762451
-0.0124664307
0.0142211914
0.0272521973
-0.0090942383
0.0241546631
0.0069885254
-0.0196075439
0.0132904053
0.0035858154
0.0086517334
-0.0044708252
0.0031738281
-0.0002288818
-0.0197143555
-0.0007476807
-0.0156555176
-0.0013885498
-0.0009613037
-0.0157470703
0.0042266846
-0.0001220703
0.0058746338
0.0016632080
-0.0018768311
-0.0046386719
0.0018310547
-0.0026855469
-0.0014801025
-0.0020141602
0.0032653809
0.0052947998
-0.0056915283
-0.0028381348
-0.0018920898
0.0034790039
0.0017852783
-0.0001831055
-0.0063934326
0.0048065186
-0.0045623779
0.0091552734
-0.0000610352
-0.0076751709
-0.0044097900
0.0050964355
-0.0048370361
0.0010223389
-0.0097656250
0.0009918213
0.0048370361
-0.0044097900
0.0059661865
-0.0085449219
0.0136718750
0.0085601807
0.0095977783
0.0108795166
0.0001373291
-0.0103912354
-0.0007171631
0.0045471191
0.0048522949
-0.0065765381
-0.0024566650
-0.0066528320
-0.0246429443
-0.0067901611
-0.0015563965
0.0004730225
0.0045776367
-0.0061492920
0.0015106201
-0.0009002686
0.0050811768
-0.0046081543
-0.0050964355
-0.0008087158
-0.0039062500
-0.0008239746
-0.0021362305
0.0088653564
-0.0026397705
0.0042266846
