0.0136260986
0.0203857422
-0.0414886475
-0.0032958984
-0.0491027832
0.0014343262
0.0140380859
0.0041198730
-0.0264587402
0.0120086670
-0.0156707764
0.0239715576
0.0141448975
-0.0063934326
0.0250549316
-0.0066070557
-0.3299407959
0.3402404785
0.1087341309
-0.3444824219
0.0115814209
0.2797241211
-0.0865783691
0.3390960693
0.3571319580
0.0946502686
0.0378723145
0.0581970215
0.2153778076
-0.3585510254
-0.0436859131
-0.0280151367
0.0075836182
-0.0087585449
-0.0025177002
-0.0023651123
-0.0085449219
0.0078887939
0.0023345947
-0.0019531250
0.0105133057
0.0122070312
0.0088806152
-0.0139770508
0.0066680908
0.0062408447
-0.0113220215
-0.0110015869
0.0054473877
-0.0002593994
0.0040588379
-0.0081787109
0.0044403076
0.0039672852
-0.0003204346
-0.0003204346
-0.0060119629
-0.0052490234
0.0043640137
0.0142669678
-0.0018920898
-0.0008392334
-0.0007629395
-0.0076141357
0.0000000000
0.0006408691
-0.0007019043
0.0076904297
-0.0072631836
0.0005950928
-0.0009155273
-0.0090026855
-0.0048675537
-0.0033416748
-0.0116882324
-0.0083618164
0.0126800537
-0.0054626465
0.0015869141
0.0103759766
0.0003662109
0.0011596680
-0.0030670166
0.0000457764
0.0086059570
-0.0093688965
0.0080261230
-0.0008087158
-0.0009765625
0.0093841553
-0.0037536621
0.0009765625
-0.0062255859
-0.0049133301
-0.0010070801
-0.0223999023
0.0018463135
0.0004119873
0.0008850098
-0.0021057129
-0.0007934570
-0.0016937256
0.0016174316
0.0021362305
0.0021514893
0.0010528564
0.0026702881
-0.0049743652
-0.0004577637
-0.0010986328
-0.0017242432
-0.0000305176
0.0026855469
-0.0033721924
0.0004425049
0.0057373047
-0.0038757324
0.0080261230
-0.0039520264
-0.0005035400
-0.0077209473
0.0022430420
-0.0041351318
-0.0001068115
-0.0031738281
-0.0024566650
0.0073699951
-0.0058746338
-0.0062103271
0.0007324219
0.0030670166
-0.0034942627
-0.0008392334
-0.0058593750
0.0028381348
0.0047912598
-0.0023803711
-0.0128479004
-0.0012817383
0.0054626465
0.0026550293
-0.0063171387
0.0028228760
-0.0001831055
-0.0078277588
-0.0056762695
0.0013275146
-0.0036926270
0.0009155273
0.0013427734
0.0063323975
-0.0005950928
0.0066986084
-0.0091400146
-0.0002899170
0.0008544922
-0.0055999756
-0.0133972168
0.0029754639
-0.0032653809
