-0.0040893555
0.0135650635
-0.0188598633
-0.0111694336
0.0084991455
-0.0136718750
0.0037689209
-0.0103759766
0.0067443848
-0.0003051758
-0.0112457275
-0.0080413818
0.0045776367
-0.0131530762
0.0065917969
-0.0133056641
-0.0045623779
0.0062103271
-0.0102691650
0.0015411377
-0.0089569092
0.0026702881
-0.0012054443
-0.0007629395
-0.0025939941
0.0050354004
0.0035247803
-0.0045318604
0.0003967285
0.0029296875
0.0060882568
-0.0020294189
-0.0135803223
-0.0013427734
-0.0075073242
0.0145568848
0.0247802734
-0.0149078369
0.0088653564
-0.0040740967
-0.0108795166
-0.0198516846
0.0020599365
-0.0079040527
0.0077362061
-0.0030212402
0.0116729736
0.0207366943
-0.0028686523
-0.0055541992
0.0046386719
0.0066375732
-0.0091552734
0.0020294189
-0.0023498535
0.0133056641
-0.0026550293
-0.0030364990
-0.0049743652
0.0150756836
-0.0074920654
0.0051574707
0.0061340332
-0.0044250488
-0.2807922363
-0.1050720215
-0.2497100830
0.1412963867
-0.1572570801
-0.2958984375
0.2599487305
0.2476196289
0.2745208740
-0.2843933105
-0.0737152100
-0.3266296387
0.2750549316
0.2686157227
-0.0883941650
-0.0832061768
-0.0074157715
0.0007019043
-0.0019683838
0.0050506592
0.0045013428
0.0031280518
-0.0022277832
-0.0010833740
0.0135650635
-0.0041961670
0.0052185059
0.0042266846
-0.0077514648
0.0106353760
0.0099639893
0.0007476807
-0.0116577148
-0.0104827881
-0.0163879395
0.0032501221
0.0196838379
-0.0063323975
-0.0001373291
-0.0164794922
-0.0199737549
-0.0275115967
-0.0079345703
0.0077819824
-0.0260009766
-0.0091247559
0.0424957275
-0.0010681152
0.0162506104
0.0131072998
0.0114135742
0.0041656494
0.0173645020
-0.0083770752
0.0020904541
0.0085144043
-0.0062255859
-0.0102844238
-0.0079650879
0.0057525635
-0.0091094971
-0.0037078857
0.0121154785
0.0047607422
0.0166015625
-0.0008544922
-0.0114898682
-0.0344696045
0.0116882324
0.0083007812
0.0046691895
-0.0379333496
0.0353240967
-0.0289001465
-0.0033721924
-0.0445861816
-0.0061950684
0.0271606445
-0.0267333984
-0.0231170654
-0.0422210693
0.0027465820
0.0470886230
-0.0317535400
0.0131683350
0.0249786377
0.0498962402
0.0229034424
0.0286560059
-0.0520172119
-0.0134277344
-0.0352172852
-0.0279998779
0.0008544922
-0.0000305176
0.0219116211
