0.0050048828
0.0038604736
-0.0068817139
-0.0057830811
0.0027313232
-0.0034027100
-0.0042877197
0.0033721924
-0.0016784668
-0.0028991699
0.0094451904
0.0008544922
0.0017395020
-0.0008850098
0.0093078613
-0.0044097900
0.0037231445
-0.0013885498
-0.0003967285
0.0046844482
0.0019073486
-0.0028533936
-0.0026702881
-0.0049896240
-0.0052032471
-0.0059356689
-0.0033874512
-0.0029144287
-0.0006408691
0.0044708252
-0.0048980713
0.0059204102
-0.3421630859
-0.0797882080
-0.2548828125
-0.0756988525
-0.0456848145
-0.3110504150
0.3619689941
0.0231475830
-0.3544769287
-0.2949981689
-0.3330688477
-0.0063934326
0.0013885498
-0.1291198730
0.0535430908
0.3399658203
-0.0034332275
-0.0011291504
-0.0185241699
-0.0012207031
-0.0128326416
0.0237121582
-0.0020751953
-0.0122528076
0.0071258545
0.0138397217
0.0256195068
0.0003356934
-0.0162048340
0.0148925781
0.0100250244
-0.0129852295
-0.0046844482
0.0105743408
0.0016937256
0.0048980713
-0.0116271973
-0.0026550293
0.0082397461
0.0067443848
0.0110778809
-0.0024414062
-0.0159606934
-0.0020141602
0.0060882568
-0.0025634766
0.0059356689
-0.0037384033
-0.0022277832
0.0030975342
0.0070800781
-0.0051879883
-0.0095214844
-0.0008697510
0.0131835938
0.0104675293
0.0058898926
0.0025177002
-0.0076446533
0.0069122314
-0.0049133301
-0.0121459961
-0.0018157959
-0.0139923096
0.0105590820
-0.0151367188
-0.0002441406
-0.0216064453
0.0067138672
0.0039520264
-0.0110321045
-0.0060729980
0.0126495361
0.0017700195
0.0177001953
-0.0044555664
0.0018157959
0.0065612793
-0.0070190430
0.0095672607
0.0039825439
0.0013885498
0.0079803467
0.0176391602
0.0079498291
-0.0099639893
0.0004882812
0.0046539307
-0.0050659180
-0.0082550049
0.0213165283
0.0091400146
0.0023803711
-0.0055541992
-0.0054321289
0.0005187988
0.0017700195
0.0056152344
0.0089111328
0.0134735107
-0.0006103516
0.0041503906
0.0071868896
-0.0139617920
0.0053253174
0.0066986084
-0.0052642822
-0.0140380859
-0.0015716553
0.0117340088
-0.0034790039
-0.0044403076
0.0072784424
-0.0174713135
0.0048828125
-0.0146331787
-0.0114746094
0.0199584961
0.0189361572
0.0049133301
0.0235748291
-0.0237426758
-0.0207519531
-0.0155181885
-0.0255126953
-0.0144958496
0.0069580078
0.0138854980
