-0.0036926270
0.0027313232
-0.0282440186
-0.0132293701
-0.0343322754
0.0053558350
-0.0012054443
-0.0064392090
-0.0184783936
-0.0097351074
0.0058441162
0.0261077881
0.0028686523
-0.0170440674
0.0129852295
0.0052490234
-0.3274230957
0.3316192627
0.1214904785
-0.3395538330
-0.0026855469
0.2768402100
-0.0206909180
0.3337860107
0.3585205078
0.1112060547
0.0556793213
0.0756683350
0.2358398438
-0.3535156250
-0.0514678955
-0.0687255859
0.0021362305
-0.0099182129
-0.0112915039
-0.0013122559
-0.0108032227
0.0010528564
0.0058593750
-0.0009307861
0.0128784180
0.0073394775
0.0081024170
-0.0079345703
0.0015106201
0.0019226074
-0.0051574707
-0.0018310547
0.0099639893
-0.0035858154
0.0092620850
-0.0140075684
0.0121154785
0.0106353760
-0.0062866211
0.0019683838
-0.0051116943
-0.0091247559
0.0066528320
0.0212402344
0.0025787354
-0.0069732666
-0.0026397705
-0.0052337646
-0.0014801025
0.0044860840
-0.0046081543
0.0082244873
-0.0142211914
0.0033874512
0.0044403076
-0.0151519775
0.0062255859
-0.0080566406
-0.0048522949
-0.0158996582
0.0235290527
-0.0157012939
-0.0052795410
0.0059661865
0.0040130615
-0.0021972656
-0.0061035156
0.0001831055
0.0156097412
-0.0052642822
0.0096893311
0.0018310547
-0.0022888184
-0.0021514893
-0.0037384033
0.0002288818
-0.0066833496
-0.0110473633
-0.0012817383
-0.0204315186
-0.0008850098
0.0035552979
0.0070037842
-0.0004119873
-0.0037078857
-0.0056304932
0.0043334961
0.0038757324
0.0052337646
0.0045623779
0.0028686523
-0.0052795410
-0.0011291504
-0.0034484863
-0.0070343018
-0.0027008057
-0.0042877197
-0.0050354004
-0.0043029785
0.0160064697
-0.0105133057
0.0172729492
-0.0034332275
-0.0063934326
-0.0091552734
0.0028991699
-0.0100555420
0.0002441406
-0.0034942627
-0.0029144287
0.0063781738
-0.0063171387
-0.0016326904
-0.0013732910
0.0070495605
-0.0067596436
-0.0004425049
-0.0037536621
0.0078887939
0.0008087158
-0.0006866455
-0.0120239258
-0.0025634766
0.0009002686
-0.0031280518
-0.0061035156
0.0036621094
-0.0007476807
-0.0182037354
-0.0037689209
0.0031890869
-0.0047760010
-0.0045013428
-0.0043792725
0.0039367676
0.0000915527
0.0009460449
-0.0016326904
-0.0045623779
0.0040893555
-0.0016479492
-0.0140686035
0.0067291260
-0.0021667480
