-0.0045013428
-0.0013580322
-0.0002288818
-0.0143432617
-0.0080261230
0.0217590332
-0.0215454102
-0.0320587158
-0.0066375732
-0.0134124756
0.0209045410
-0.0075836182
-0.0031738281
-0.0088348389
0.0120391846
-0.0066833496
0.0274200439
-0.0265502930
-0.0083312988
0.0317687988
0.0145416260
-0.0235290527
-0.0087585449
-0.0300140381
-0.0330963135
0.0068359375
-0.0186309814
-0.0022125244
-0.0149841309
0.0327301025
0.0174865723
0.0200958252
-0.3227996826
-0.0555725098
-0.2321472168
-0.0671844482
-0.0103302002
-0.3024139404
0.2770538330
-0.0688476562
-0.3140106201
-0.3651733398
-0.1087188721
-0.2424926758
0.0377044678
-0.1109771729
0.1687164307
0.3665771484
0.0185241699
-0.0106506348
0.0015258789
-0.0117340088
0.0055541992
-0.0039978027
0.0078887939
0.0135650635
0.0080261230
-0.0146026611
-0.0234832764
0.0248107910
0.0023193359
-0.0080413818
-0.0022125244
0.0126800537
-0.0045623779
-0.0178222656
-0.0092315674
-0.0010070801
-0.0218811035
-0.0012207031
0.0191345215
0.0122222900
0.0025177002
0.0044708252
-0.0456848145
-0.0152893066
-0.0097503662
0.0034332275
0.0305175781
-0.0057983398
0.0071411133
-0.0070190430
-0.0069580078
0.0047302246
-0.0043487549
0.0048217773
-0.0013427734
0.0045471191
0.0122833252
-0.0169982910
-0.0015106201
0.0019378662
0.0071563721
0.0036315918
0.0056762695
-0.0007629395
-0.0053710938
-0.0063018799
-0.0009613037
-0.0063476562
0.0051727295
0.0012359619
0.0008087158
0.0009307861
0.0081939697
-0.0112915039
0.0027465820
0.0089721680
-0.0067901611
0.0003662109
0.0026245117
0.0005493164
-0.0222167969
0.0231781006
-0.0349121094
-0.0144958496
0.0129852295
0.0034637451
0.0195922852
0.0091857910
0.0289001465
-0.0121917725
-0.0263519287
-0.0243530273
-0.0047912598
0.0226287842
0.0255737305
0.0170745850
0.0135192871
-0.0078735352
0.0004272461
-0.0178527832
-0.0012207031
-0.0074310303
0.0252990723
-0.0188903809
0.0061187744
0.0110778809
-0.0182342529
-0.0107116699
-0.0158081055
0.0278778076
-0.0155487061
0.0004730225
-0.0081939697
0.0246429443
-0.0177764893
0.0172576904
-0.0094451904
-0.0241394043
-0.0195159912
-0.0100555420
-0.0143127441
0.0272369385
-0.0071258545
0.0312500000
0.0216674805
0.0069885254
-0.0055694580
-0.0342407227
