0.0057220459
0.0117187500
-0.0179748535
-0.0026550293
-0.0389862061
0.0087585449
0.0076446533
-0.0148468018
-0.0165100098
-0.0050811768
-0.0004425049
0.0168914795
-0.0075073242
-0.0172424316
0.0106506348
0.0019073486
-0.3192596436
0.3338317871
0.1309509277
-0.3486328125
0.0104827881
0.2783508301
-0.0495147705
0.3446655273
0.3636016846
0.0892028809
-0.0104522705
0.1187133789
0.2319793701
-0.3639984131
-0.0438232422
-0.0285797119
-0.0012664795
-0.0182189941
-0.0036163330
-0.0053710938
-0.0178680420
0.0012969971
0.0055236816
-0.0016632080
0.0103302002
0.0005950928
0.0068664551
-0.0149841309
0.0036010742
0.0012969971
-0.0073699951
0.0009307861
0.0095825195
-0.0066986084
0.0050048828
-0.0112915039
0.0159606934
0.0008544922
-0.0127258301
0.0043640137
-0.0127105713
-0.0080718994
0.0042572021
0.0128631592
0.0010833740
-0.0090026855
-0.0015563965
-0.0085601807
0.0105438232
0.0021514893
0.0032653809
0.0100555420
0.0041656494
0.0116119385
-0.0057678223
-0.0216064453
-0.0066680908
0.0058898926
0.0045471191
0.0000762939
0.0053863525
-0.0192108154
0.0043029785
0.0034637451
0.0005187988
0.0024414062
0.0090332031
-0.0033874512
0.0143737793
-0.0044097900
0.0046386719
-0.0048522949
0.0040283203
0.0133361816
-0.0040130615
-0.0028839111
-0.0099792480
-0.0052947998
0.0035705566
-0.0220489502
-0.0014343262
-0.0017089844
0.0114898682
-0.0014953613
-0.0031890869
0.0026550293
0.0002441406
-0.0004272461
0.0045318604
-0.0028991699
0.0114898682
-0.0004272461
-0.0003204346
0.0039215088
-0.0098419189
0.0045318604
0.0014801025
-0.0015411377
0.0050354004
0.0054168701
-0.0016937256
0.0041198730
-0.0011291504
0.0004577637
-0.0036621094
-0.0002288818
-0.0054473877
-0.0048065186
-0.0006561279
0.0024261475
-0.0046691895
-0.0023193359
-0.0032043457
-0.0044250488
0.0068817139
-0.0130767822
-0.0009155273
-0.0032501221
0.0074462891
0.0013427734
-0.0060882568
-0.0050201416
-0.0111236572
0.0051574707
-0.0072479248
-0.0141906738
0.0161437988
-0.0004882812
-0.0011291504
0.0019226074
-0.0009002686
0.0003051758
-0.0009307861
-0.0005493164
-0.0001220703
-0.0028381348
0.0019989014
-0.0004577637
-0.0034790039
0.0025329590
-0.0010986328
-0.0088195801
0.0012207031
-0.0007324219
