0.0011444092
0.0003356934
-0.0008544922
0.0000610352
-0.0015411377
0.0014190674
0.0003204346
0.0028076172
0.0022125244
0.0011444092
0.0017852783
-0.0000305176
0.0008850098
0.0001831055
0.0015869141
0.0001220703
-0.0038909912
0.0054321289
-0.0036926270
-0.0009460449
-0.0027770996
0.0023040771
-0.0012969971
0.0006561279
0.0022430420
0.0027160645
0.0010070801
-0.0011444092
0.0076141357
-0.0014648438
-0.0071868896
-0.0021362305
-0.3444061279
-0.1791992188
-0.3278198242
-0.0728607178
-0.0453186035
-0.3216552734
0.3038482666
-0.0444488525
-0.3634490967
-0.3013763428
-0.2094268799
-0.1849670410
0.0144805908
-0.0855865479
0.2112731934
0.3216552734
0.0010223389
0.0108032227
0.0042419434
0.0028228760
-0.0097656250
-0.0090637207
0.0096740723
0.0027160645
0.0065765381
0.0004730225
-0.0043029785
0.0009460449
0.0009613037
0.0072479248
-0.0013122559
0.0017852783
0.0059814453
0.0114898682
0.0065460205
-0.0090484619
0.0083923340
0.0056457520
0.0002746582
-0.0019531250
-0.0045318604
0.0122680664
0.0056915283
0.0060424805
-0.0122833252
0.0040893555
0.0003204346
0.0030364990
-0.0042877197
-0.0005950928
-0.0001983643
-0.0066375732
-0.0016784668
0.0029754639
-0.0043334961
0.0032196045
0.0000457764
0.0009613037
-0.0001525879
0.0024871826
-0.0051116943
-0.0108489990
-0.0026397705
-0.0019378662
-0.0005645752
-0.0030670166
0.0144195557
-0.0017700195
0.0012664795
0.0042419434
-0.0049896240
-0.0000457764
0.0035247803
-0.0043029785
0.0057220459
0.0103607178
0.0084838867
0.0042419434
0.0000915527
0.0036315918
0.0014495850
0.0098266602
-0.0039215088
-0.0021362305
0.0082702637
-0.0003356934
0.0089569092
0.0013427734
-0.0065460205
-0.0026550293
-0.0047302246
-0.0144195557
-0.0035247803
0.0153503418
0.0042572021
0.0062408447
0.0006256104
-0.0072631836
-0.0052185059
0.0011749268
0.0085906982
0.0053710938
-0.0059509277
0.0019989014
-0.0003814697
0.0088348389
0.0006866455
0.0092620850
0.0023193359
0.0038146973
0.0028381348
-0.0052795410
0.0125122070
-0.0050964355
-0.0001678467
0.0008392334
0.0050048828
0.0082855225
-0.0025024414
0.0058441162
0.0081787109
-0.0002441406
-0.0067901611
-0.0039978027
-0.0019531250
-0.0015563965
0.0090332031
0.0052032471
