0.0070800781
0.0035552979
-0.0055084229
0.0019073486
0.0097351074
-0.0071563721
0.0046691895
-0.0070800781
-0.0012664795
-0.0014038086
0.0019531250
-0.0108947754
0.0059204102
0.0110931396
-0.0034179688
-0.0076293945
-0.0004882812
0.0001373291
0.0017089844
-0.0009460449
0.0005645752
0.0001373291
-0.0000762939
0.0012207031
0.0006561279
-0.0010070801
0.0012664795
-0.0011749268
-0.0010986328
-0.0012664795
-0.0003356934
-0.0000762939
0.0100097656
-0.0004882812
0.0123443604
0.0173339844
-0.0008697510
-0.0024261475
-0.0148315430
-0.0019836426
0.0084533691
-0.0084991455
0.0025939941
0.0077056885
0.0018615723
-0.0074768066
0.0013885498
0.0012969971
0.0112457275
0.0004882812
0.0091552734
-0.0045776367
-0.0047149658
-0.0085449219
0.0016479492
0.0093688965
-0.0068664551
-0.0033111572
-0.0040588379
-0.0050201416
-0.0041198730
0.0018768311
0.0013275146
0.0124206543
-0.3135070801
-0.1107482910
-0.2998046875
-0.0395050049
0.0041503906
-0.3073883057
0.3270111084
0.3310852051
0.3323516846
-0.3150177002
-0.0073699951
-0.2835998535
0.0080261230
0.2953948975
0.0594940186
-0.0770111084
0.0072784424
0.0024261475
0.0108642578
-0.0117492676
-0.0084533691
-0.0081024170
0.0064086914
-0.0078277588
-0.0108947754
-0.0049133301
-0.0108032227
-0.0038146973
-0.0054931641
-0.0028381348
-0.0130920410
-0.0145874023
0.0162658691
-0.0060729980
-0.0021972656
-0.0080871582
0.0049285889
-0.0125885010
-0.0071411133
-0.0095214844
0.0168762207
-0.0032043457
0.0122528076
0.0100708008
0.0068969727
0.0001068115
0.0061492920
0.0079803467
-0.0018615723
-0.0000915527
-0.0051727295
-0.0056915283
-0.0050811768
0.0033111572
0.0017852783
-0.0039520264
-0.0028381348
0.0030517578
0.0009155273
0.0018615723
0.0001220703
-0.0031280518
-0.0019836426
-0.0064697266
-0.0023651123
0.0030364990
-0.0062713623
-0.0113220215
-0.0036010742
-0.0016632080
-0.0103607178
0.0060272217
-0.0088806152
0.0046386719
-0.0055847168
0.0074462891
0.0063781738
-0.0068817139
-0.0075073242
0.0038146973
0.0110778809
0.0047607422
-0.0228271484
0.0221405029
-0.0221557617
-0.0288085938
-0.0282440186
-0.0158233643
-0.0311279297
0.0363922119
-0.0162353516
0.0259552002
0.0307464600
-0.0233917236
0.0067749023
-0.0207977295
