0.0028228760
0.0034179688
0.0014648438
0.0004882812
-0.0060272217
-0.0030059814
0.0022888184
-0.0042877197
0.0072326660
-0.0074157715
-0.0009918213
-0.0035247803
0.0001068115
0.0007781982
-0.0039672852
-0.0023803711
-0.0015869141
-0.0064086914
-0.0009613037
-0.0003051758
0.0077056885
-0.0005493164
0.0018463135
0.0011596680
-0.0002746582
-0.0004272461
0.0060882568
-0.0130920410
-0.0162658691
0.0004272461
0.0231170654
-0.0104980469
-0.0222625732
-0.0037841797
-0.0053100586
-0.0121612549
-0.0046844482
-0.0020751953
0.0201568604
0.0226287842
0.0338134766
0.0068206787
-0.0028991699
0.0119628906
0.0071868896
0.0120086670
-0.0213470459
0.0119628906
-0.0061492920
0.0016632080
0.0326538086
0.0043029785
0.0256042480
0.0130920410
-0.0124511719
0.0119934082
-0.0208282471
-0.0077209473
0.0105895996
-0.0040740967
0.0070037842
-0.0111694336
0.0001525879
0.0190734863
-0.0041198730
-0.0094146729
-0.0094146729
0.0123901367
-0.0016632080
-0.0057983398
0.0025024414
0.0042419434
-0.0003051758
-0.0059967041
-0.0005187988
-0.0070953369
0.0051879883
0.0004272461
-0.0007476807
-0.0042877197
-0.0075836182
-0.0044860840
0.0027923584
0.0056304932
0.0060119629
0.0046691895
-0.0305633545
-0.0148925781
0.0204925537
0.0225677490
-0.0188140869
-0.0192718506
0.0021514893
0.0541229248
-0.0152587891
0.0101928711
0.0062713623
-0.0020599365
0.0006713867
-0.0088958740
0.0281677246
-0.0153808594
-0.0203552246
-0.0233459473
-0.0025329590
-0.0065002441
0.0190277100
-0.0048828125
0.0110321045
0.0104980469
-0.0093994141
0.0053405762
0.0172576904
0.0122680664
0.0100402832
-0.0193176270
0.0030517578
-0.0045623779
0.0016632080
-0.0014801025
-0.0092315674
0.0042266846
0.0053863525
-0.0103149414
0.0017700195
0.0111694336
0.0143737793
-0.0039062500
-0.3052978516
0.2489929199
0.1243743896
0.1069946289
-0.3266296387
-0.0031890869
-0.0595855713
0.3370666504
-0.3465881348
0.0949859619
0.0746002197
0.2979583740
-0.0039367676
-0.3064422607
0.1773223877
0.3218231201
-0.0174255371
0.0140075684
0.0116882324
0.0056762695
-0.0054779053
0.0065155029
0.0022888184
0.0090637207
0.0099182129
-0.0026245117
0.0048828125
-0.0066223145
0.0047760010
0.0018005371
0.0200195312
-0.0012512207
