-0.2270812988
-0.3076477051
0.2087097168
-0.2497253418
0.2496337891
-0.2577667236
-0.1977386475
0.1499176025
0.1894226074
-0.1520385742
0.2557373047
0.2246398926
-0.2713928223
-0.1402282715
-0.0370635986
0.3724212646
0.0007934570
0.0019531250
-0.0036621094
0.0020599365
0.0004577637
-0.0007781982
-0.0014953613
-0.0021209717
-0.0015411377
-0.0039978027
-0.0011444092
0.0001983643
0.0009155273
0.0018768311
-0.0012207031
0.0001373291
-0.0037384033
-0.0127105713
-0.0012359619
0.0021362305
-0.0106353760
0.0012664795
0.0026397705
0.0171508789
-0.0038909912
0.0113525391
0.0027465820
0.0047760010
-0.0103759766
0.0010681152
0.0095672607
-0.0032958984
-0.0144195557
0.0014038086
-0.0044708252
-0.0021362305
0.0085601807
0.0032653809
0.0069732666
0.0051269531
0.0000305176
-0.0052642822
-0.0058135986
-0.0142059326
0.0095672607
0.0090942383
-0.0055694580
0.0127716064
-0.0023040771
0.0021057129
-0.0036468506
0.0015411377
0.0097656250
-0.0008697510
0.0024414062
0.0059967041
0.0032348633
-0.0057220459
0.0042114258
0.0024261475
-0.0009307861
-0.0080108643
0.0133514404
0.0123748779
0.0013732910
0.0038604736
-0.0028839111
-0.0022583008
0.0007781982
-0.0049438477
0.0054168701
-0.0034027100
0.0016326904
0.0002288818
-0.0035705566
0.0032043457
0.0044860840
-0.0003204346
-0.0067749023
-0.0061798096
0.0096130371
-0.0033416748
0.0046234131
-0.0009918213
-0.0142974854
0.0234069824
-0.0042114258
0.0100250244
0.0019989014
0.0104370117
-0.0009155273
-0.0011749268
0.0025329590
0.0090026855
-0.0157928467
0.0102081299
-0.0036773682
-0.0072174072
-0.0080718994
0.0012207031
0.0001068115
0.0022735596
0.0024566650
-0.0002441406
-0.0133056641
0.0075683594
-0.0003051758
-0.0053100586
-0.0059967041
0.0048828125
-0.0096588135
-0.0042877197
-0.0032196045
-0.0018768311
-0.0141143799
-0.0011901855
-0.0023345947
-0.0070495605
-0.0064086914
0.0045166016
-0.0049133301
-0.0061035156
-0.0017700195
0.0047149658
-0.0098419189
-0.0084686279
-0.0037231445
0.0026550293
0.0026702881
-0.0072631836
0.0006256104
-0.0092010498
0.0063476562
0.0024108887
0.0022735596
-0.0027008057
-0.0038604736
0.0038604736
-0.0019836426
-0.0006561279
-0.0043640137
-0.0007629395
0.0041656494
0.0084381104
