0.0126342773
0.0295410156
-0.0238494873
0.0164184570
-0.0030975342
0.0020294189
0.0058441162
0.0116729736
-0.0176391602
0.0115966797
-0.0345458984
-0.0127716064
0.0394134521
0.0144195557
0.0149230957
-0.0433654785
0.0034179688
0.0003814697
0.0058593750
-0.0031280518
0.0028686523
0.0000762939
-0.0039672852
0.0017547607
0.0012664795
-0.0235595703
-0.0096130371
0.0056304932
-0.0010833740
-0.0030822754
0.0043640137
-0.0180969238
0.0025329590
0.0060424805
-0.0019836426
-0.0008392334
-0.0184783936
0.0038909912
-0.0085296631
0.0008697510
0.0065002441
-0.0000457764
0.0012207031
0.0076293945
-0.0108184814
0.0001525879
-0.0191802979
-0.0005645752
-0.0118865967
-0.0034027100
0.0186309814
-0.0004272461
-0.0120086670
-0.0272369385
-0.0014190674
-0.0126190186
-0.0142517090
-0.0079193115
-0.0124206543
0.0199890137
0.0112915039
-0.0176696777
0.0197601318
-0.0469360352
-0.0016021729
-0.0022583008
-0.0023956299
-0.0080566406
-0.0014190674
0.0005035400
0.0015716553
-0.0024566650
0.0017547607
-0.0033416748
0.0025177002
-0.0033264160
-0.0003204346
-0.0049591064
0.0039062500
-0.0000915527
-0.0935974121
-0.3189392090
-0.0511627197
0.2928314209
-0.1467895508
0.2237854004
-0.1094055176
0.2650451660
0.1913299561
-0.3247070312
0.2683258057
-0.0854187012
0.2717437744
0.1549835205
0.2018890381
0.4074554443
0.0009307861
-0.0038604736
-0.0078430176
-0.0080566406
0.0035247803
-0.0065612793
-0.0022430420
0.0002746582
-0.0036926270
0.0100555420
0.0029144287
0.0004425049
0.0033264160
0.0034637451
-0.0039825439
-0.0001068115
-0.0020141602
0.0009002686
-0.0038452148
0.0044250488
0.0039367676
-0.0006713867
0.0035705566
0.0008697510
0.0051116943
-0.0005340576
-0.0101776123
-0.0009155273
-0.0039672852
0.0023193359
0.0030364990
-0.0028076172
0.0025329590
0.0041198730
-0.0101318359
-0.0020599365
-0.0006866455
-0.0190277100
0.0032653809
-0.0011749268
0.0050659180
0.0045166016
0.0049743652
-0.0041198730
0.0124053955
0.0062866211
-0.0047454834
-0.0010833740
0.0197753906
-0.0035095215
-0.0042877197
0.0011596680
-0.0069732666
0.0143280029
-0.0009307861
0.0076751709
0.0132141113
-0.0097808838
-0.0161285400
-0.0094146729
-0.0077362061
-0.0126647949
-0.0000610352
0.0068206787
