0.0079498291
0.0048370361
-0.0105133057
-0.0050201416
0.0064544678
-0.0076751709
-0.0026245117
0.0009155273
-0.0071105957
-0.0030670166
0.0040130615
-0.0002136230
-0.0010223389
-0.0036010742
-0.0023956299
-0.0016021729
-0.0070343018
0.0137634277
-0.0048065186
-0.0014801025
-0.0082702637
0.0067901611
-0.0040283203
0.0022583008
0.0003204346
0.0076293945
-0.0021667480
0.0070953369
0.0133972168
-0.0015411377
0.0043792725
-0.0088500977
0.0054779053
-0.0030059814
0.0123138428
0.0050811768
-0.0047302246
0.0085144043
0.0015258789
0.0080871582
0.0067291260
0.0104522705
-0.0171966553
-0.0035400391
-0.0034484863
-0.0008850098
-0.0054016113
-0.0045013428
-0.0003967285
-0.0113830566
-0.0095214844
0.0174255371
-0.0132598877
0.0169525146
-0.0062866211
-0.0026550293
0.0041656494
0.0116271973
0.0102386475
0.0143127441
-0.0010528564
-0.0019836426
0.0274658203
-0.0092010498
-0.0012207031
-0.0022277832
0.0006103516
0.0004272461
-0.0035705566
-0.0014343262
-0.0014038086
-0.0016021729
0.0000305176
-0.0007019043
0.0004882812
-0.0018310547
-0.0009613037
0.0050506592
0.0026855469
0.0021209717
-0.0093536377
0.0227355957
0.0110321045
-0.0184783936
0.0153350830
-0.0096282959
0.0049591064
-0.0130615234
-0.0012512207
0.0191955566
-0.0172882080
0.0257263184
-0.0196075439
-0.0044097900
-0.0156707764
-0.0252075195
0.0001068115
-0.0054931641
-0.0044097900
-0.0032501221
0.0024566650
0.0051879883
-0.0039062500
-0.0039367676
-0.0103607178
0.0014038086
-0.0052032471
0.0022430420
0.0005645752
-0.0026855469
0.0009918213
0.0048065186
-0.2351379395
-0.2493133545
0.2642517090
-0.1056671143
-0.2869567871
0.2825469971
-0.2656402588
-0.2608337402
0.0276641846
0.2203674316
-0.1336669922
0.2416076660
0.2597961426
-0.2833251953
-0.2269897461
-0.2263183594
-0.0001678467
-0.0023345947
-0.0029449463
-0.0108337402
-0.0017089844
-0.0041046143
-0.0033569336
0.0016021729
-0.0021514893
-0.0047149658
-0.0011749268
0.0019073486
-0.0039062500
-0.0032196045
-0.0056762695
0.0017395020
-0.0063476562
0.0017700195
0.0037231445
-0.0025329590
0.0028228760
-0.0032348633
0.0014648438
0.0005340576
-0.0052795410
0.0035705566
0.0015258789
0.0002441406
0.0019226074
0.0015716553
0.0029296875
0.0016937256
