-0.0000762939
0.0023040771
-0.0061798096
-0.0070495605
0.0003051758
0.0066375732
-0.0058288574
-0.0016784668
-0.0066223145
0.0062408447
-0.0064849854
-0.0059509277
-0.0048828125
-0.0025482178
-0.0038452148
0.0031890869
-0.0036010742
0.0089721680
-0.0073852539
-0.0002288818
-0.0122222900
0.0016784668
-0.0025482178
0.0003509521
0.0005340576
0.0120544434
-0.0019531250
-0.0052337646
0.0189056396
-0.0008087158
-0.0015869141
-0.0100708008
0.0049591064
-0.0042419434
0.0078582764
0.0114746094
0.0070953369
0.0019836426
0.0030517578
-0.0019226074
-0.0004425049
0.0062561035
0.0032958984
-0.0085754395
0.0032653809
0.0038452148
0.0000762939
-0.0054016113
-0.0070953369
0.0020751953
0.0014495850
-0.0085754395
-0.0055084229
0.0037231445
0.0080108643
-0.0003814697
-0.0002288818
-0.0062255859
-0.0035095215
0.0038146973
0.0070343018
0.0028533936
0.0019836426
0.0001678467
-0.0001220703
-0.0003662109
0.0039978027
-0.0031738281
0.0146942139
-0.0016326904
-0.0012969971
-0.0079956055
-0.0004577637
-0.0041656494
-0.0068359375
0.0006713867
-0.0055389404
0.0047607422
0.0084686279
0.0101776123
0.0053710938
-0.0001525879
-0.0207519531
0.0030517578
0.0142211914
-0.0112915039
0.0111846924
0.0001831055
-0.0124816895
0.0054779053
0.0196838379
-0.0067443848
-0.0109558105
-0.0181732178
0.0050201416
-0.0055999756
0.1259460449
0.3002166748
0.2666473389
0.2039947510
-0.2741088867
-0.1126098633
0.2670440674
0.2670745850
0.0987548828
0.0471191406
-0.1796875000
-0.0841064453
0.2762603760
-0.2994995117
-0.3253479004
-0.3272705078
0.0036163330
0.0013732910
-0.0054321289
0.0081329346
0.0038757324
0.0070343018
0.0022430420
-0.0044860840
0.0029602051
0.0014801025
-0.0024108887
0.0022277832
-0.0096588135
0.0027465820
0.0099334717
0.0024414062
-0.0015411377
-0.0059509277
-0.0021514893
0.0312500000
0.0031585693
0.0264587402
-0.0323486328
0.0093383789
-0.0178985596
0.0289306641
0.0173950195
0.0126953125
0.0151214600
-0.0225067139
0.0202178955
0.0116119385
-0.0196533203
-0.0001831055
0.0125122070
-0.0015106201
-0.0062408447
-0.0010833740
0.0035400391
0.0068511963
0.0004882812
-0.0037841797
-0.0046691895
-0.0061340332
0.0003051758
-0.0034027100
0.0015869141
0.0045928955
