0.0073242188
0.0054321289
-0.0049285889
-0.0121765137
0.0094909668
0.0028839111
-0.0110778809
-0.0129852295
0.0007324219
-0.0020751953
0.0152893066
0.0048065186
-0.0106964111
0.0013885498
0.0081176758
-0.0068969727
-0.0025939941
0.0011749268
0.0040283203
-0.0029754639
0.0081634521
0.0042419434
0.0077514648
0.0038299561
0.0043487549
0.0029449463
-0.0015716553
0.0046234131
0.0001220703
-0.0035705566
0.0044250488
0.0003051758
-0.0000457764
0.0126342773
0.0004119873
-0.0002746582
0.0126190186
0.0024414062
0.0006866455
-0.0104827881
0.0135498047
-0.0004119873
0.0170440674
0.0064544678
0.0093536377
0.0004577637
0.0005493164
0.0001220703
0.0016632080
-0.0009918213
0.0003051758
-0.0081176758
0.0000457764
0.0061187744
-0.0002136230
0.0000610352
0.0069580078
0.0004119873
0.0030975342
-0.0007019043
0.0012664795
-0.0061187744
-0.0074462891
0.0047454834
0.0015563965
-0.0022125244
-0.0004577637
0.0042724609
0.0019989014
0.0036315918
0.0003051758
0.0031280518
-0.0015869141
0.0014038086
0.0059661865
0.0029144287
-0.0000305176
-0.0045318604
0.0017242432
0.0004882812
0.0018768311
0.0042266846
0.0183563232
-0.0039825439
-0.0006256104
-0.0022430420
0.0064849854
-0.0137023926
-0.0133209229
0.0067138672
-0.0005493164
-0.0119323730
-0.0047302246
-0.0055694580
-0.0037841797
0.0009002686
-0.0131378174
0.0011901855
0.0074920654
-0.0037536621
0.0083160400
-0.0048675537
-0.0033111572
-0.0058288574
-0.0013427734
0.0011291504
0.0027618408
-0.0074615479
0.0011596680
-0.0008850098
-0.0033569336
0.0004730225
0.0150146484
0.0163726807
-0.0073547363
0.0102539062
0.0069427490
0.0011444092
0.0100097656
-0.0019989014
0.0008850098
-0.0047302246
-0.0163269043
-0.0094909668
-0.0172271729
0.0099029541
0.0033264160
0.0051879883
-0.0103607178
-0.0001525879
0.0054779053
-0.0046691895
0.0042724609
-0.0100097656
0.0078277588
0.0132446289
-0.0035095215
-0.0177612305
-0.0006713867
0.0143432617
0.0024719238
-0.0013580322
0.0001068115
-0.0042266846
0.0849609375
0.1060943604
-0.2662200928
0.2377166748
-0.1331939697
-0.3253173828
-0.2504882812
-0.2825775146
-0.3141479492
0.3050231934
0.0130767822
0.3182525635
0.2890319824
-0.0051879883
0.0011901855
-0.3034515381
