0.0083618164
0.0103149414
-0.0124816895
-0.0019531250
-0.0214996338
0.0005950928
0.0034484863
-0.0022583008
-0.0077514648
-0.0024719238
-0.0082244873
0.0126953125
0.0007781982
-0.0030822754
0.0084533691
-0.0039978027
-0.3128051758
0.3276214600
0.1215057373
-0.3398437500
0.0501098633
0.2727813721
-0.0562744141
0.3402709961
0.3514709473
0.1223602295
-0.0583038330
0.1113128662
0.2332000732
-0.3524932861
0.0328216553
-0.0161743164
0.0007171631
-0.0015716553
0.0024261475
0.0054779053
0.0033416748
0.0014953613
0.0018310547
-0.0006103516
-0.0015258789
0.0021209717
0.0037384033
0.0013732910
-0.0015411377
-0.0023651123
0.0009765625
-0.0032196045
0.0032043457
-0.0015716553
-0.0009765625
-0.0009918213
0.0086517334
-0.0021362305
-0.0066986084
0.0011596680
-0.0067443848
0.0000610352
0.0056152344
0.0082855225
0.0013580322
-0.0039978027
-0.0059967041
-0.0060729980
0.0004119873
0.0033569336
-0.0025024414
0.0016784668
0.0065460205
0.0023956299
0.0063018799
-0.0009307861
-0.0060729980
0.0061187744
0.0038452148
-0.0064086914
0.0098114014
-0.0010375977
0.0056915283
0.0085906982
0.0063171387
0.0027008057
0.0027618408
-0.0045471191
0.0083465576
-0.0090332031
0.0076141357
-0.0014648438
-0.0034790039
-0.0010986328
-0.0101013184
0.0050659180
-0.0055389404
-0.0083618164
-0.0053558350
-0.0241699219
-0.0019073486
-0.0035552979
-0.0033264160
-0.0003509521
0.0004119873
0.0029754639
-0.0036163330
-0.0038604736
0.0002899170
-0.0051727295
0.0047607422
-0.0016937256
0.0070953369
0.0031280518
0.0002288818
0.0021667480
0.0061187744
0.0062561035
-0.0053558350
0.0073242188
-0.0004272461
-0.0045471191
0.0032806396
0.0059204102
-0.0135192871
-0.0026550293
0.0035400391
-0.0102386475
-0.0055236816
0.0056304932
0.0083923340
-0.0076293945
-0.0001983643
-0.0042114258
0.0113830566
-0.0062408447
0.0047760010
0.0054931641
0.0094299316
-0.0036315918
0.0025482178
-0.0095214844
-0.0063934326
-0.0048370361
-0.0106658936
-0.0027770996
0.0063934326
-0.0065765381
-0.0035247803
0.0005493164
0.0023193359
0.0005950928
-0.0070800781
0.0041809082
0.0014953613
0.0014343262
0.0055236816
-0.0037078857
-0.0026855469
-0.0033264160
-0.0016632080
-0.0109558105
0.0040588379
0.0025177002
