-0.1966247559
-0.2731475830
0.2003021240
-0.2597808838
0.3235931396
-0.2192840576
-0.1887817383
0.1271362305
0.1975402832
-0.1924285889
0.3281555176
0.2058410645
-0.2565002441
-0.2333984375
-0.0063476562
0.3129425049
0.0110168457
-0.0103149414
0.0018920898
0.0091247559
0.0084228516
-0.0058441162
-0.0086669922
-0.0063323975
-0.0089416504
-0.0052337646
-0.0051116943
0.0048370361
-0.0069427490
0.0081024170
0.0145721436
-0.0092163086
0.0101928711
-0.0045776367
0.0192413330
0.0071716309
-0.0104827881
0.0100860596
0.0009155273
0.0023040771
0.0065002441
0.0096435547
0.0093994141
0.0165863037
0.0106048584
-0.0037231445
0.0140991211
-0.0093383789
0.0054779053
-0.0144042969
-0.0124511719
0.0068359375
-0.0123901367
0.0128326416
0.0234069824
-0.0094146729
0.0145263672
0.0011596680
0.0028381348
-0.0131072998
-0.0047760010
-0.0084381104
0.0112609863
0.0206451416
-0.0012359619
0.0021514893
0.0003662109
-0.0086975098
-0.0014801025
-0.0015563965
-0.0018005371
0.0021667480
-0.0029907227
-0.0018615723
0.0013732910
0.0021972656
0.0025939941
0.0013275146
0.0030517578
0.0036468506
-0.0095367432
0.0063171387
0.0081024170
-0.0001678467
0.0030822754
0.0007476807
0.0110168457
0.0031890869
0.0068969727
-0.0017395020
-0.0038909912
-0.0005798340
0.0034942627
-0.0046844482
0.0060882568
-0.0094604492
-0.0004577637
-0.0011291504
-0.0045013428
-0.0075836182
0.0046234131
-0.0126037598
0.0042877197
-0.0015258789
-0.0111694336
-0.0002288818
-0.0030212402
-0.0112915039
-0.0020446777
-0.0058593750
0.0035095215
-0.0094604492
-0.0099182129
-0.0088653564
-0.0128784180
0.0125732422
-0.0101776123
0.0173492432
-0.0067443848
-0.0023803711
-0.0000152588
0.0036010742
-0.0036010742
0.0074462891
-0.0119781494
-0.0102081299
-0.0011291504
-0.0039520264
-0.0002746582
-0.0008087158
-0.0028686523
0.0002899170
0.0009918213
-0.0016632080
0.0015869141
-0.0011596680
0.0005493164
-0.0003204346
-0.0046234131
-0.0024108887
-0.0003967285
0.0029907227
-0.0063171387
-0.0028228760
-0.0018463135
-0.0130462646
-0.0009155273
-0.0038452148
-0.0011596680
-0.0020751953
-0.0044250488
-0.0019226074
-0.0059967041
0.0074462891
-0.0021209717
0.0008697510
0.0018005371
-0.0040588379
0.0093994141
0.0039978027
