-0.0014038086
0.0005950928
-0.0007476807
0.0006256104
0.0054931641
0.0002441406
-0.0019836426
-0.0020446777
-0.0045928955
0.0013427734
-0.0031738281
0.0004425049
0.0052337646
0.0031585693
0.0021209717
-0.0034332275
0.0023956299
-0.0021057129
0.0039367676
0.0000610352
-0.0042114258
-0.0003662109
-0.0025939941
-0.0003509521
-0.0014801025
-0.0039367676
-0.0063323975
0.0037994385
-0.0015716553
0.0000000000
0.0011291504
0.0018310547
-0.0046539307
0.0036926270
-0.0024719238
-0.0108489990
0.0107879639
-0.0062866211
-0.0045471191
-0.0044403076
-0.0002441406
-0.0052337646
-0.0046081543
-0.0059356689
-0.0052032471
0.0003967285
0.0067901611
0.0047149658
-0.0019683838
0.0055236816
-0.0024414062
0.0034179688
0.0189361572
0.0064392090
-0.0096740723
0.0308227539
0.0246276855
0.0316467285
0.0200042725
0.0035095215
0.0044403076
0.0275878906
-0.0018920898
-0.0196533203
0.0040588379
0.0132598877
0.0082702637
-0.0086669922
-0.0211486816
0.0107421875
0.0057678223
-0.0058288574
-0.0033264160
0.0140380859
0.0087280273
-0.0066070557
0.0009765625
0.0057983398
0.0045471191
0.0128784180
-0.1858367920
-0.1913299561
0.1396026611
0.1406402588
-0.2389526367
0.3093566895
-0.2419586182
0.1466674805
0.3219299316
-0.1855468750
0.2355499268
-0.1524200439
0.2088165283
0.1863861084
0.2972106934
0.4250946045
0.0103454590
-0.0019683838
0.0024108887
0.0045776367
-0.0006408691
-0.0057830811
-0.0007171631
-0.0049133301
-0.0006256104
-0.0036468506
0.0060729980
0.0010070801
0.0090332031
-0.0011444092
-0.0072631836
0.0028228760
-0.0017395020
-0.0024871826
0.0092926025
0.0036468506
0.0051574707
-0.0011596680
-0.0010070801
0.0072021484
-0.0018920898
-0.0053100586
-0.0023956299
-0.0019073486
-0.0021820068
-0.0015258789
-0.0094757080
-0.0003356934
0.0099182129
-0.0059051514
-0.0054626465
0.0099182129
0.0093994141
0.0034637451
-0.0081176758
-0.0091552734
0.0037078857
0.0144348145
0.0081481934
-0.0017242432
0.0076293945
-0.0037078857
0.0067749023
-0.0013427734
-0.0047302246
-0.0063629150
0.0029907227
-0.0140075684
0.0134124756
0.0048522949
0.0180664062
-0.0062866211
0.0011138916
-0.0127868652
0.0063629150
-0.0045471191
-0.0140838623
-0.0103759766
-0.0102996826
0.0070648193
