-0.0140075684
-0.0055999756
-0.0055389404
-0.0169219971
0.0302276611
-0.0030517578
-0.0184020996
0.0151519775
0.0041046143
-0.0163269043
0.0048065186
0.0112457275
-0.0053253174
-0.0076141357
-0.0000762939
0.0009765625
-0.0006103516
-0.0026702881
0.0039062500
-0.0017852783
-0.0032958984
0.0004730225
-0.0009155273
0.0013580322
0.0004119873
-0.0037384033
0.0049896240
-0.0006408691
-0.0080261230
-0.0018157959
0.0026245117
0.0010375977
0.0026245117
0.0025024414
-0.0033569336
0.0043334961
0.0053100586
-0.0040740967
-0.0012359619
0.0007781982
0.0125732422
-0.0014343262
0.0000762939
-0.0049133301
0.0013580322
-0.0083007812
-0.0010681152
0.0080871582
0.0053863525
-0.0029449463
0.0077819824
-0.0024108887
-0.0035095215
-0.0015411377
0.0049438477
0.0083312988
-0.0020904541
0.0083312988
-0.0005035400
0.0002593994
0.0118713379
-0.0020904541
0.0050811768
0.0098114014
-0.2908782959
-0.2243652344
-0.2817993164
0.0030975342
-0.1091918945
-0.2944793701
0.2696990967
0.2857971191
0.3049774170
-0.3289031982
-0.1578674316
-0.3078460693
0.1082763672
0.2629394531
0.0089263916
-0.1093750000
0.0123596191
-0.0032043457
-0.0054931641
-0.0025939941
-0.0059051514
-0.0039215088
0.0089111328
-0.0080718994
0.0016937256
-0.0027770996
0.0006408691
-0.0019989014
0.0023498535
-0.0063629150
0.0002288818
-0.0043792725
0.0033721924
-0.0048522949
-0.0081024170
-0.0024414062
-0.0009155273
0.0025177002
0.0003967285
0.0018615723
0.0043487549
0.0000457764
-0.0079803467
-0.0015716553
0.0023345947
-0.0020904541
0.0112304688
-0.0002288818
0.0067749023
0.0130462646
-0.0094757080
0.0177154541
0.0140075684
-0.0075988770
0.0126342773
0.0111083984
-0.0068511963
-0.0124053955
-0.0001220703
-0.0093688965
-0.0091552734
0.0084381104
0.0199279785
-0.0010223389
-0.0068359375
-0.0045318604
-0.0054321289
-0.0119323730
0.0031738281
0.0043487549
-0.0116577148
0.0101928711
-0.0060119629
0.0024566650
-0.0033264160
0.0132446289
0.0018005371
-0.0094757080
0.0159759521
-0.0016937256
-0.0293884277
-0.0134582520
0.0010833740
-0.0030822754
0.0033721924
-0.0149383545
0.0034027100
-0.0004577637
-0.0073089600
-0.0006256104
0.0111541748
0.0029602051
0.0002288818
-0.0002899170
-0.0073394775
-0.0047454834
