-0.0023498535
0.0109252930
-0.0277404785
0.0009307861
-0.0192260742
0.0139160156
0.0023040771
0.0048828125
-0.0227661133
-0.0048370361
-0.0050506592
0.0153961182
0.0178222656
-0.0104675293
0.0153503418
-0.0116271973
-0.3317413330
0.3303833008
0.1199645996
-0.3414916992
-0.0054626465
0.2738342285
-0.0563201904
0.3289947510
0.3551788330
0.0428466797
0.1293640137
0.0433197021
0.1766357422
-0.3529968262
-0.0961761475
-0.0553741455
-0.0006866455
-0.0167083740
-0.0148468018
0.0078277588
-0.0025329590
-0.0065765381
0.0018615723
-0.0126800537
0.0125732422
-0.0026245117
0.0096740723
-0.0125122070
0.0058898926
0.0177001953
-0.0099334717
0.0058441162
0.0031280518
-0.0004425049
0.0150604248
-0.0228576660
0.0053558350
0.0119934082
-0.0069274902
-0.0010375977
-0.0081481934
-0.0196228027
0.0051269531
0.0111389160
-0.0024566650
-0.0121765137
-0.0019989014
-0.0146789551
0.0016937256
0.0040283203
0.0047149658
-0.0038604736
-0.0179443359
0.0011596680
-0.0055389404
-0.0064392090
0.0049285889
-0.0033416748
-0.0070648193
-0.0022430420
0.0145721436
-0.0062255859
-0.0036315918
0.0094146729
0.0027923584
0.0058746338
0.0042724609
-0.0121459961
0.0041961670
-0.0054168701
0.0029296875
-0.0078277588
-0.0026092529
0.0167388916
-0.0099945068
0.0028686523
-0.0100555420
-0.0131988525
-0.0060729980
-0.0202484131
0.0128631592
0.0082244873
0.0139617920
-0.0021667480
0.0005645752
-0.0165863037
-0.0001983643
0.0006561279
0.0072021484
0.0201110840
0.0048217773
-0.0022277832
-0.0115661621
-0.0021362305
-0.0021362305
0.0037078857
0.0002899170
-0.0050811768
0.0045776367
0.0134582520
-0.0115661621
0.0238952637
-0.0083923340
-0.0116119385
-0.0059356689
0.0076141357
-0.0005187988
-0.0054473877
-0.0012969971
0.0014648438
0.0068511963
-0.0074157715
-0.0103454590
0.0041198730
0.0023956299
0.0019378662
-0.0041351318
-0.0023498535
0.0064392090
0.0097045898
-0.0083923340
-0.0086669922
0.0007781982
0.0141296387
0.0093231201
-0.0114746094
0.0130767822
0.0038604736
-0.0076751709
-0.0213775635
-0.0028076172
0.0080566406
-0.0154724121
-0.0094604492
-0.0040130615
-0.0079193115
-0.0017852783
0.0054016113
-0.0255432129
0.0096893311
0.0068054199
-0.0232543945
0.0234680176
-0.0084228516
