-0.0001525879
-0.0000152588
-0.0029449463
-0.0037231445
0.0008697510
0.0070037842
-0.0016174316
-0.0093841553
-0.0003509521
-0.0016174316
-0.0002899170
0.0048370361
0.0052795410
0.0028228760
0.0032806396
0.0001220703
0.0117034912
0.0035095215
-0.0283050537
0.0271759033
0.0150451660
-0.0080718994
-0.0062866211
-0.0236816406
-0.0289764404
0.0248413086
-0.0135040283
-0.0002136230
0.0120391846
0.0291290283
0.0190734863
-0.0005035400
0.0027008057
0.0072021484
0.0024719238
0.0079803467
-0.0046997070
0.0027313232
0.0045318604
0.0029144287
0.0030822754
0.0039215088
-0.0013732910
-0.0045471191
-0.0006713867
-0.0033264160
0.0017395020
0.0035400391
-0.0068206787
-0.0032653809
-0.0012512207
0.0049285889
0.0151519775
-0.0099945068
-0.0026092529
0.0059509277
-0.0173339844
0.0003204346
-0.0156402588
-0.0019683838
0.0254669189
-0.0028381348
-0.0039367676
0.0076141357
0.0004577637
-0.0117492676
-0.0022125244
0.0029754639
-0.0083923340
0.0002593994
-0.0027770996
-0.0031127930
-0.0015716553
-0.0021057129
0.0023193359
-0.0046081543
0.0066528320
0.0010681152
-0.0025482178
-0.0036926270
0.0171661377
0.0190734863
0.0069427490
-0.0045166016
0.0172424316
-0.0160217285
0.0063629150
-0.0202178955
-0.0139312744
0.0021057129
0.0037231445
0.0158081055
-0.0068511963
0.0165557861
-0.0152893066
0.0036773682
0.0104217529
0.0025177002
-0.0035247803
-0.0051727295
-0.0003509521
-0.0053253174
-0.0012359619
0.0011138916
0.0006256104
0.0086364746
0.0057678223
0.0111694336
0.0080261230
-0.0027618408
-0.0131683350
-0.0009307861
-0.2310485840
-0.2681579590
0.1552581787
-0.2137451172
-0.3274230957
0.2351837158
-0.2690429688
-0.2536773682
-0.0949096680
0.2721405029
-0.1288299561
0.2135162354
0.2378082275
-0.2495269775
-0.1923522949
-0.2200164795
-0.0018157959
-0.0013122559
-0.0157470703
-0.0116271973
0.0016479492
-0.0118865967
0.0009307861
0.0015563965
0.0044403076
-0.0021057129
-0.0065002441
0.0009765625
-0.0003662109
0.0078582764
0.0012664795
-0.0049438477
-0.0026092529
-0.0035858154
-0.0001831055
0.0014343262
-0.0014190674
-0.0013122559
-0.0082855225
0.0053863525
-0.0019378662
0.0086517334
-0.0025634766
0.0015869141
0.0063171387
-0.0012817383
0.0011901855
-0.0019226074
