-0.2370758057
-0.2562561035
0.2037200928
-0.2427215576
0.3139190674
-0.2202758789
-0.2110900879
0.1077117920
0.1876525879
-0.2888946533
0.3021545410
0.1524658203
-0.2668457031
-0.2773132324
0.0052947998
0.2618865967
0.0003814697
0.0012054443
-0.0052337646
0.0010528564
-0.0008239746
-0.0014495850
-0.0066986084
-0.0008239746
-0.0011444092
0.0000457764
-0.0017852783
-0.0029296875
0.0014495850
0.0009155273
-0.0021667480
0.0020599365
-0.0053710938
-0.0179138184
-0.0060577393
0.0055389404
0.0032196045
-0.0051727295
0.0017089844
0.0051574707
-0.0047454834
0.0009002686
-0.0178680420
0.0112152100
0.0017852783
-0.0033569336
-0.0007476807
-0.0008544922
-0.0020141602
0.0003204346
-0.0022430420
-0.0115814209
-0.0058898926
-0.0007324219
0.0104675293
0.0077209473
-0.0027618408
-0.0094146729
-0.0004425049
-0.0060424805
-0.0092620850
0.0116729736
0.0020446777
0.0042266846
0.0140533447
0.0191040039
0.0164337158
-0.0093994141
0.0190124512
0.0129241943
-0.0106658936
-0.0121002197
-0.0258789062
0.0196990967
0.0091247559
0.0126953125
0.0110778809
-0.0083312988
0.0130767822
0.0244293213
0.0025024414
0.0060272217
0.0142364502
-0.0171203613
0.0050354004
-0.0051116943
0.0006256104
-0.0074005127
-0.0012664795
0.0150909424
0.0023956299
-0.0080718994
-0.0194091797
0.0027465820
-0.0137939453
-0.0092010498
0.0090942383
0.0158233643
0.0061645508
0.0243225098
0.0003967285
0.0003051758
-0.0037841797
-0.0094909668
-0.0035400391
-0.0148925781
-0.0042572021
-0.0092926025
-0.0156250000
-0.0020904541
0.0048980713
-0.0005187988
0.0106658936
-0.0018615723
0.0128021240
0.0072021484
-0.0040740967
0.0077667236
-0.0063934326
-0.0069427490
0.0038299561
0.0066680908
0.0039520264
-0.0022735596
0.0006866455
0.0027465820
0.0043792725
-0.0008087158
-0.0050811768
0.0121765137
-0.0035552979
-0.0035400391
-0.0165710449
0.0103302002
0.0033111572
-0.0000610352
-0.0118865967
-0.0057678223
-0.0018463135
-0.0012664795
-0.0001983643
-0.0170593262
-0.0052490234
0.0131378174
0.0098419189
-0.0095062256
0.0073394775
0.0027008057
0.0056915283
-0.0019378662
-0.0018310547
-0.0079956055
-0.0082244873
0.0053253174
-0.0273132324
-0.0018768311
0.0057067871
-0.0032806396
0.0047149658
0.0069427490
