0.0061187744
0.0012664795
-0.0065612793
0.0053863525
-0.0032043457
0.0106658936
0.0015106201
-0.0111846924
-0.0108642578
0.0090332031
0.0052185059
-0.0052032471
0.0072937012
0.0044555664
-0.0000457764
-0.0028228760
0.0110626221
0.0036163330
-0.0263671875
0.0265197754
-0.0097808838
-0.0083160400
-0.0214080811
-0.0233764648
-0.0254516602
0.0006713867
-0.0019531250
-0.0051269531
0.0114440918
0.0272674561
0.0072326660
-0.0214538574
-0.0054168701
0.0245056152
-0.0032196045
0.0078430176
-0.0086975098
0.0034790039
0.0117187500
0.0132141113
0.0530090332
0.0084533691
-0.0068664551
-0.0053863525
-0.0012969971
-0.0191955566
-0.0225677490
0.0211944580
0.0034637451
-0.0032043457
0.0208740234
-0.0284271240
0.0520782471
-0.0176086426
-0.0248565674
0.0170288086
-0.0307159424
-0.0211486816
-0.0379486084
0.0052185059
0.0330810547
0.0249786377
0.0052337646
0.0482177734
0.0001068115
-0.0149230957
0.0035095215
0.0134735107
-0.0139312744
0.0026550293
-0.0049285889
-0.0030670166
-0.0031280518
-0.0022430420
-0.0072784424
-0.0040283203
0.0030822754
-0.0036926270
0.0073547363
0.0004577637
0.0036468506
0.0133819580
-0.0228576660
0.0078430176
0.0140991211
-0.0054473877
0.0072631836
-0.0036163330
-0.0060729980
-0.0020446777
-0.0129394531
0.0196533203
0.0072326660
0.0170898438
-0.0160217285
-0.0003662109
-0.0026550293
-0.0127563477
0.0001831055
-0.0102081299
0.0014038086
0.0070495605
-0.0044097900
-0.0005035400
0.0152130127
-0.0119171143
0.0128631592
0.0075531006
0.0039978027
0.0109710693
-0.0022430420
0.0085296631
-0.2988891602
-0.2830200195
0.1205444336
-0.2019805908
-0.2887573242
0.2497253418
-0.2647552490
-0.2454376221
0.0273590088
0.2809295654
-0.1733398438
0.2645263672
0.2118530273
-0.2668457031
-0.1327209473
-0.2224273682
0.0018463135
-0.0020294189
0.0047760010
-0.0179290771
0.0063323975
-0.0143127441
0.0069427490
-0.0011901855
0.0124206543
-0.0076904297
-0.0003204346
-0.0041198730
-0.0031280518
0.0156555176
-0.0050659180
-0.0117950439
-0.0079956055
0.0014343262
-0.0019226074
-0.0025939941
-0.0005187988
-0.0000610352
-0.0028381348
0.0099945068
0.0042724609
0.0015258789
0.0080261230
-0.0005645752
-0.0007171631
-0.0066680908
-0.0064392090
-0.0018768311
