0.0046386719
0.0111236572
-0.0295715332
-0.0005950928
0.0192718506
0.0117034912
0.0037231445
-0.0009460449
-0.0078887939
0.0130157471
0.0242462158
-0.0033721924
0.0242309570
-0.0115356445
0.0078582764
-0.0251159668
-0.0150451660
0.0155487061
0.0136566162
-0.0234527588
0.0027465820
0.0135803223
-0.0126800537
0.0234832764
0.0245361328
0.0113220215
-0.0067901611
0.0057983398
0.0151519775
-0.0245971680
0.0068969727
0.0070190430
-0.3477935791
-0.0630645752
-0.2911224365
-0.0803070068
-0.0383605957
-0.3535308838
0.3400421143
-0.0179901123
-0.3536071777
-0.3256378174
-0.2279205322
-0.0360870361
-0.0110778809
-0.1485137939
0.0559387207
0.3632049561
0.0160827637
-0.0230560303
-0.0307922363
-0.0003204346
-0.0248870850
0.0126800537
0.0069580078
-0.0019226074
0.0490875244
0.0285339355
0.0254211426
0.0058135986
-0.0207824707
-0.0263061523
0.0361938477
-0.0534057617
-0.0012664795
-0.0010986328
-0.0034484863
0.0077819824
0.0026245117
0.0010070801
0.0043182373
0.0059204102
0.0007019043
-0.0002593994
-0.0068511963
0.0017242432
-0.0021209717
-0.0051727295
0.0026550293
0.0001983643
-0.0008697510
-0.0019683838
0.0054779053
-0.0017089844
-0.0380554199
-0.0112457275
0.0173797607
0.0027923584
0.0151519775
0.0075073242
-0.0045471191
-0.0015869141
-0.0065002441
0.0042114258
-0.0139465332
-0.0209350586
0.0131378174
-0.0006866455
-0.0062713623
-0.0045013428
0.0115814209
-0.0134124756
-0.0158386230
-0.0137023926
0.0115814209
0.0055389404
0.0085906982
-0.0141906738
0.0047760010
0.0004577637
0.0008544922
0.0080261230
0.0100250244
0.0167999268
-0.0223541260
0.0122070312
0.0098571777
-0.0118103027
0.0134582520
-0.0005035400
-0.0164184570
-0.0002136230
0.0220489502
-0.0227203369
-0.0115509033
0.0266876221
0.0267791748
0.0146331787
0.0133209229
0.0049133301
0.0177764893
-0.0034027100
-0.0112457275
0.0091247559
0.0110321045
-0.0189208984
-0.0099334717
0.0381469727
-0.0033569336
-0.0040740967
0.0168304443
-0.0039672852
0.0080566406
0.0157165527
0.0024719238
-0.0074768066
0.0009918213
-0.0066528320
-0.0001068115
0.0102691650
0.0057678223
0.0092620850
0.0112457275
-0.0063629150
-0.0021057129
-0.0070495605
-0.0101470947
-0.0046844482
0.0020446777
0.0078125000
