0.0054016113
0.0126495361
-0.0265350342
0.0050506592
-0.0190582275
-0.0034484863
0.0176849365
-0.0002899170
-0.0220489502
0.0140075684
-0.0118408203
0.0110931396
0.0085296631
-0.0099487305
0.0182647705
-0.0042114258
-0.3101959229
0.3401641846
0.1172332764
-0.3425140381
0.0057983398
0.2699737549
-0.1242828369
0.3332366943
0.3651733398
0.0345153809
0.0260620117
0.0979614258
0.2236633301
-0.3638916016
-0.1018676758
-0.0002899170
0.0025482178
-0.0076599121
-0.0026855469
-0.0017547607
-0.0008697510
0.0041656494
0.0028381348
-0.0057220459
0.0091094971
0.0045623779
0.0060119629
-0.0126800537
0.0070953369
0.0037994385
0.0008697510
-0.0035400391
0.0009307861
-0.0028839111
-0.0007629395
-0.0048522949
0.0015106201
0.0008087158
-0.0040435791
-0.0001678467
-0.0067443848
-0.0041351318
0.0004577637
0.0011749268
-0.0064849854
-0.0044708252
-0.0063018799
-0.0034027100
0.0084533691
0.0143127441
0.0093383789
0.0014038086
0.0014190674
0.0053100586
-0.0079498291
-0.0161132812
-0.0005493164
0.0012664795
-0.0010833740
0.0067138672
0.0001678467
-0.0112152100
0.0061187744
-0.0007629395
-0.0021057129
0.0025177002
-0.0039367676
0.0023193359
0.0008544922
-0.0038452148
0.0070953369
0.0005645752
0.0023040771
0.0008239746
-0.0082550049
-0.0008392334
-0.0008392334
0.0006866455
0.0007324219
-0.0168609619
0.0016479492
0.0022125244
0.0109100342
-0.0054016113
-0.0029449463
-0.0017700195
-0.0005187988
-0.0006408691
0.0127410889
-0.0035095215
0.0156250000
0.0016479492
0.0092773438
-0.0006408691
-0.0223236084
0.0031280518
-0.0015869141
-0.0029907227
0.0003814697
0.0009613037
0.0044097900
0.0037689209
-0.0046234131
0.0110473633
-0.0050201416
-0.0030670166
-0.0028686523
0.0002593994
-0.0076446533
-0.0039520264
0.0036163330
-0.0106658936
-0.0079803467
0.0073852539
0.0030670166
0.0038604736
-0.0025939941
0.0040893555
-0.0122680664
0.0063781738
-0.0031433105
0.0043792725
0.0010986328
0.0059509277
0.0151062012
-0.0058135986
0.0099792480
0.0020751953
0.0028228760
-0.0093383789
-0.0050354004
0.0018463135
0.0049285889
-0.0003204346
-0.0002288818
-0.0046691895
0.0057220459
-0.0025329590
0.0004577637
0.0034790039
-0.0033569336
-0.0079498291
0.0075988770
-0.0039215088
