0.0021667480
0.0072479248
-0.0065155029
-0.0026397705
-0.0054779053
0.0025024414
-0.0068969727
0.0102081299
0.0005798340
-0.0036315918
-0.0050964355
0.0068054199
-0.0032348633
0.0057525635
-0.0032348633
-0.0083007812
-0.0010375977
0.0118255615
-0.0077819824
0.0017852783
0.0106964111
0.0003204346
-0.0016632080
-0.0016632080
0.0005035400
-0.0008697510
-0.0149841309
-0.0030364990
0.0169982910
0.0005645752
-0.0120849609
0.0009002686
-0.3646087646
-0.2119750977
-0.3145141602
-0.0142059326
-0.0932159424
-0.3183135986
0.3630981445
-0.0097503662
-0.4020233154
-0.2644653320
-0.1990966797
-0.1156463623
-0.0600585938
-0.1372375488
0.1605987549
0.2785491943
0.0126037598
-0.0135955811
-0.0163574219
0.0102386475
-0.0287780762
0.0216674805
0.0186157227
-0.0256347656
0.0207061768
0.0266723633
0.0263214111
0.0165405273
0.0009460449
-0.0127258301
0.0288696289
-0.0276336670
0.0028228760
-0.0036621094
0.0068206787
0.0059204102
-0.0078582764
0.0029754639
-0.0028533936
-0.0014801025
-0.0030364990
0.0024414062
-0.0038604736
0.0006103516
0.0041656494
-0.0007781982
0.0007934570
0.0000610352
0.0013122559
0.0002746582
0.0046691895
-0.0042114258
-0.0022583008
-0.0019683838
0.0068511963
-0.0028076172
-0.0071258545
0.0033264160
0.0009307861
-0.0069122314
-0.0091400146
-0.0130310059
-0.0009002686
-0.0060577393
-0.0002136230
-0.0122375488
0.0269622803
-0.0022583008
0.0038452148
0.0141906738
-0.0157165527
-0.0169525146
-0.0046234131
0.0006103516
0.0122833252
0.0130462646
0.0074920654
0.0197906494
-0.0074462891
0.0178527832
-0.0053253174
0.0022125244
-0.0033111572
0.0009765625
-0.0006103516
0.0103912354
0.0012207031
0.0018615723
0.0087432861
-0.0070953369
-0.0028381348
0.0025482178
-0.0008392334
-0.0042114258
0.0066680908
-0.0011138916
0.0044097900
-0.0137939453
-0.0008697510
-0.0063171387
0.0150909424
0.0167236328
0.0020599365
-0.0029144287
0.0087890625
-0.0037841797
-0.0066223145
0.0020751953
0.0002288818
0.0090637207
0.0095367432
-0.0156555176
0.0051727295
-0.0080566406
-0.0005645752
0.0051422119
-0.0048065186
0.0027923584
-0.0031585693
-0.0046234131
-0.0009613037
0.0047760010
-0.0079803467
-0.0010833740
0.0043640137
-0.0124206543
0.0190887451
0.0029754639
