0.0034637451
-0.0008544922
-0.0022277832
-0.0017089844
0.0000457764
-0.0074920654
0.0019073486
0.0038452148
0.0014801025
0.0038757324
0.0018615723
-0.0003509521
0.0030364990
0.0001525879
0.0091705322
0.0018310547
0.0029907227
-0.0047454834
0.0080413818
-0.0004577637
0.0060882568
0.0003356934
-0.0015106201
0.0015563965
0.0009765625
-0.0024871826
0.0030822754
0.0126647949
-0.0080108643
-0.0018005371
0.0055541992
0.0020751953
0.0069580078
0.0055847168
0.0014190674
-0.0013580322
-0.0018310547
0.0024871826
0.0038757324
-0.0008392334
0.0145416260
0.0051574707
-0.0016784668
0.0087432861
0.0022125244
-0.0120239258
0.0065460205
0.0037994385
0.0298004150
-0.0220184326
-0.0280914307
0.0010986328
-0.0038452148
0.0083160400
0.0119323730
-0.0270690918
0.0025939941
-0.0000762939
0.0046997070
0.0103912354
-0.0150146484
-0.0193786621
0.0099029541
0.0097808838
-0.2852325439
-0.0364685059
-0.2888946533
0.0083312988
-0.0553131104
-0.3010253906
0.3536529541
0.3381042480
0.3676452637
-0.2698974609
-0.0010375977
-0.2637329102
0.0416107178
0.2646484375
0.0251922607
-0.1939697266
0.0083160400
-0.0109558105
-0.0082702637
0.0062103271
-0.0060577393
-0.0026397705
0.0051269531
0.0003356934
-0.0005493164
-0.0126800537
0.0058593750
-0.0133514404
0.0058441162
0.0096130371
-0.0042419434
0.0052337646
-0.0020446777
0.0013427734
0.0001068115
0.0035400391
0.0019226074
0.0067291260
-0.0074768066
-0.0045318604
-0.0016326904
0.0003814697
-0.0088958740
0.0057678223
0.0029754639
-0.0015869141
0.0003356934
0.0065460205
0.0034027100
0.0055236816
-0.0012207031
0.0003662109
0.0043945312
0.0013427734
0.0010528564
-0.0009460449
-0.0009307861
0.0012359619
-0.0000610352
-0.0070648193
-0.0055389404
0.0065612793
-0.0046844482
-0.0007629395
-0.0044555664
0.0049133301
-0.0022277832
0.0026855469
-0.0012512207
0.0056457520
-0.0097198486
0.0027923584
-0.0039367676
0.0140838623
0.0018615723
0.0042572021
0.0071868896
0.0027160645
0.0005035400
0.0037078857
-0.0032501221
0.0111236572
-0.0134277344
-0.0091247559
0.0026550293
-0.0089416504
0.0076446533
-0.0101470947
-0.0038299561
0.0005035400
0.0056304932
0.0140991211
-0.0093231201
0.0116882324
0.0095367432
-0.0129089355
