0.0012512207
-0.0014038086
0.0047302246
-0.0085601807
0.0153350830
-0.0108489990
-0.0043945312
-0.0030670166
0.0027618408
-0.0018463135
-0.0010833740
-0.0078887939
-0.0038757324
-0.0039672852
0.0112152100
0.0000762939
0.0094146729
-0.0114746094
0.0002746582
0.0082702637
0.0118865967
-0.0056457520
-0.0060272217
-0.0050048828
-0.0081939697
-0.0048217773
-0.0014801025
-0.0015869141
-0.0154113770
0.0086364746
0.0092163086
0.0097198486
0.0032196045
-0.0083160400
0.0034027100
0.0040740967
0.0142974854
0.0068817139
-0.0003662109
-0.0307312012
0.0131988525
-0.0089263916
-0.0058135986
-0.0266723633
0.0273742676
-0.0010375977
0.0224761963
0.0064697266
-0.0186157227
-0.0097198486
0.0179138184
-0.0086212158
0.0212097168
-0.0228576660
-0.0225372314
0.0053100586
-0.0272064209
-0.0161743164
-0.0142211914
-0.0111236572
0.0101318359
-0.0006713867
-0.0067138672
0.0045318604
-0.2927856445
-0.0671539307
-0.2764129639
-0.0653381348
-0.0907592773
-0.3011322021
0.3303222656
0.3037719727
0.3406066895
-0.2798309326
-0.0847320557
-0.2889862061
0.1018676758
0.2879638672
-0.0121765137
-0.1719970703
0.0001678467
-0.0185699463
-0.0164794922
0.0176696777
0.0035400391
0.0114593506
-0.0085754395
0.0159149170
0.0173187256
-0.0363769531
0.0180511475
0.0068969727
0.0116577148
0.0056304932
0.0184631348
0.0210571289
0.0080871582
0.0019378662
-0.0050659180
0.0015563965
-0.0012054443
0.0051727295
-0.0036315918
-0.0010833740
-0.0070190430
0.0072631836
-0.0093383789
0.0037078857
-0.0002441406
-0.0044250488
0.0007476807
0.0006256104
0.0055694580
0.0085906982
0.0008697510
-0.0057983398
0.0154876709
-0.0032653809
0.0028991699
0.0074462891
-0.0073394775
-0.0042114258
0.0021972656
0.0025329590
-0.0034790039
0.0001831055
0.0029449463
0.0005035400
0.0009613037
-0.0007934570
-0.0091094971
-0.0004882812
0.0079040527
-0.0071868896
-0.0015258789
-0.0032806396
0.0075683594
-0.0119476318
0.0055236816
-0.0000762939
0.0070037842
0.0033569336
0.0062103271
-0.0035400391
-0.0121917725
-0.0009155273
-0.0000762939
-0.0090637207
-0.0002899170
0.0046081543
0.0117797852
-0.0042266846
0.0109710693
-0.0144195557
-0.0152130127
0.0000000000
-0.0124359131
0.0054779053
-0.0051574707
-0.0068664551
