0.0026092529
0.0025329590
-0.0105590820
-0.0034790039
0.0089721680
-0.0189971924
0.0054779053
0.0109710693
0.0002746582
0.0062103271
-0.0021820068
0.0008392334
0.0066680908
0.0053405762
0.0031280518
-0.0015106201
-0.0009155273
-0.0101928711
0.0176391602
-0.0110321045
-0.0083312988
0.0039825439
-0.0087738037
0.0099029541
0.0042877197
-0.0138397217
0.0168914795
0.0028839111
-0.0249481201
-0.0092620850
0.0263061523
-0.0211334229
-0.2422485352
-0.1146240234
-0.2376556396
-0.1635589600
-0.0599517822
-0.3016815186
0.2380981445
0.0331878662
-0.3146820068
-0.2185668945
-0.2761993408
0.0017852783
-0.0841369629
-0.1010589600
-0.1257629395
0.2254180908
0.0081787109
0.0027008057
-0.0018005371
0.0159149170
-0.0334625244
0.0075683594
0.0095062256
0.0040435791
0.0191345215
0.0171813965
0.0021514893
-0.0021209717
-0.0161437988
0.0114135742
0.0128784180
-0.0070800781
-0.0214538574
-0.0008087158
-0.0184783936
0.0174560547
-0.0478973389
-0.0078582764
0.0041961670
-0.0044555664
0.0042266846
-0.0233001709
-0.0053253174
-0.0285186768
-0.0218658447
0.0194244385
-0.0267791748
0.0377960205
-0.0106658936
0.0081787109
-0.0058898926
-0.0019683838
-0.0043945312
0.0069885254
0.0041656494
0.0146331787
0.0018005371
0.0069580078
-0.0081481934
0.0250244141
0.0029602051
-0.0124206543
0.0010375977
0.0078887939
0.0091705322
0.0015411377
-0.0012207031
-0.0018768311
0.0079650879
-0.0205535889
-0.0024566650
-0.0058288574
-0.0010833740
0.0025024414
0.0037689209
0.0119476318
-0.0028686523
-0.0006866455
0.0065307617
-0.0007934570
0.0040893555
0.0001525879
0.0055084229
0.0048217773
-0.0041351318
-0.0070037842
-0.0025787354
-0.0000457764
-0.0057220459
-0.0017852783
0.0046691895
-0.0069274902
0.0078887939
0.0079498291
-0.0059509277
0.0092315674
-0.0025024414
0.0025329590
-0.0079193115
0.0097808838
-0.0021667480
-0.0038757324
-0.0001678467
0.0027618408
-0.0001373291
0.0009155273
-0.0015869141
-0.0004425049
-0.0006103516
0.0028839111
-0.0012054443
-0.0001373291
0.0003967285
0.0044860840
-0.0047912598
0.0040283203
-0.0117034912
-0.0044097900
-0.0020904541
-0.0067443848
-0.0088195801
0.0079345703
-0.0014190674
0.0067596436
0.0071563721
0.0011291504
-0.0090942383
-0.0046844482
