0.0135345459
0.0270385742
-0.0283203125
-0.0103454590
0.0175170898
0.0101013184
-0.0061950684
-0.0057067871
-0.0108642578
-0.0014190674
-0.0146942139
0.0025329590
0.0113067627
0.0045928955
-0.0007476807
-0.0261993408
-0.0018463135
0.0057220459
0.0021972656
-0.0024414062
0.0057067871
0.0049896240
-0.0110168457
0.0023498535
0.0036621094
-0.0005645752
0.0034790039
0.0063171387
0.0056762695
-0.0042572021
-0.0022430420
-0.0049591064
0.0073394775
0.0087432861
0.0052337646
0.0020751953
-0.0015258789
0.0021820068
-0.0055847168
-0.0034790039
-0.0014953613
0.0020751953
0.0012207031
0.0041656494
0.0044097900
-0.0074157715
-0.0037231445
-0.0053100586
0.0015869141
-0.0016021729
-0.0194091797
-0.0074920654
-0.0099945068
0.0062103271
0.0148315430
0.0059509277
0.0051422119
0.0068206787
0.0077667236
0.0105895996
-0.0070953369
0.0028228760
-0.0005950928
-0.0089263916
0.0081329346
-0.0041503906
0.0147247314
-0.0040893555
0.0008697510
0.0093994141
-0.0063934326
-0.0040283203
-0.0020446777
0.0101318359
0.0032958984
0.0058593750
0.0013732910
0.0037994385
-0.0030975342
0.0072937012
-0.1594390869
-0.2673645020
0.0543060303
0.2161865234
-0.2061309814
0.2770080566
-0.1499023438
0.2492065430
0.2635040283
-0.2386016846
0.2701263428
-0.1947021484
0.2354431152
0.1374511719
0.3032379150
0.3981628418
0.0091400146
0.0019226074
0.0286102295
0.0038604736
-0.0060577393
-0.0072479248
0.0011291504
-0.0052947998
-0.0041198730
-0.0101776123
0.0131378174
0.0071258545
-0.0000152588
0.0004882812
-0.0103454590
0.0016937256
0.0037078857
0.0059356689
0.0023498535
0.0097045898
0.0075683594
-0.0023040771
0.0066375732
0.0027618408
0.0008544922
-0.0070037842
-0.0136260986
-0.0045623779
-0.0066833496
0.0051574707
-0.0031890869
0.0059814453
-0.0084686279
0.0068664551
-0.0113525391
0.0106506348
0.0044097900
-0.0037994385
0.0114593506
-0.0036468506
0.0034942627
-0.0022125244
0.0055236816
-0.0034790039
0.0096588135
0.0067596436
-0.0152740479
-0.0096893311
0.0182189941
-0.0010223389
0.0054473877
-0.0005493164
0.0067443848
0.0160064697
0.0032806396
0.0068054199
0.0155792236
-0.0107269287
-0.0185394287
-0.0146331787
-0.0109558105
-0.0070037842
-0.0047149658
0.0170898438
