-0.0054931641
0.0013885498
0.0004577637
-0.0034484863
0.0110321045
-0.0128631592
-0.0050811768
-0.0056762695
0.0050201416
-0.0187072754
-0.0017700195
-0.0002136230
-0.0040588379
0.0004730225
0.0126647949
-0.0086517334
0.0023193359
-0.0051574707
0.0088806152
-0.0022735596
0.0029449463
-0.0013275146
0.0042572021
0.0015716553
0.0022277832
-0.0010070801
0.0034637451
0.0079193115
-0.0020904541
-0.0027923584
-0.0012512207
0.0043029785
0.0048065186
0.0034942627
-0.0009002686
0.0071563721
0.0139160156
-0.0043945312
-0.0053558350
0.0096282959
0.0012817383
-0.0000305176
-0.0009307861
0.0127563477
-0.0038146973
-0.0014038086
0.0005187988
0.0014953613
0.0048065186
-0.0085906982
-0.0006256104
0.0018920898
-0.0053100586
-0.0144348145
0.0003356934
0.0003356934
-0.0063171387
-0.0053558350
-0.0144042969
0.0050506592
-0.0051116943
-0.0099792480
0.0008392334
-0.0019989014
-0.2991638184
0.1291809082
-0.2759552002
-0.0832672119
0.1079101562
-0.3151245117
0.3416595459
0.3183441162
0.3845367432
-0.2942657471
0.0667266846
-0.2341613770
0.0722351074
0.2224731445
0.0171508789
-0.0491485596
0.0017089844
0.0043334961
-0.0002288818
0.0027008057
0.0029296875
-0.0103302002
0.0036468506
-0.0018615723
-0.0067291260
-0.0050201416
-0.0046997070
0.0113372803
-0.0018310547
-0.0052642822
-0.0099945068
-0.0119323730
0.0270233154
-0.0244750977
0.0154876709
-0.0267486572
0.0299682617
0.0133361816
-0.0365600586
-0.0429229736
0.0147857666
-0.0224151611
0.0280914307
0.0312652588
-0.0060577393
0.0170288086
-0.0106811523
0.0258178711
-0.0184326172
0.0132751465
-0.0051116943
-0.0083465576
0.0121307373
-0.0042877197
0.0081787109
0.0015563965
-0.0026550293
-0.0019989014
0.0123138428
0.0007476807
0.0103149414
0.0025634766
-0.0091400146
0.0022888184
0.0019226074
-0.0008544922
0.0021057129
0.0020294189
0.0047760010
0.0067901611
-0.0094909668
-0.0021972656
0.0022888184
0.0044403076
0.0045318604
-0.0019073486
0.0026092529
0.0035400391
0.0010375977
-0.0000915527
-0.0004425049
-0.0044708252
-0.0013732910
0.0027008057
0.0018310547
0.0038604736
-0.0031127930
0.0123596191
0.0117340088
-0.0013580322
-0.0183868408
-0.0024261475
-0.0017395020
-0.0021820068
0.0039520264
-0.0044097900
