-0.0048980713
0.0019836426
-0.0084228516
-0.0232849121
0.0483245850
-0.0166778564
-0.0147705078
-0.0225982666
-0.0013732910
-0.0029907227
0.0061340332
0.0064239502
0.0010528564
-0.0034332275
0.0118865967
-0.0097351074
-0.0096435547
0.0131530762
-0.0079803467
-0.0114440918
-0.0061187744
0.0079803467
-0.0051574707
0.0135192871
0.0093994141
0.0055694580
-0.0092315674
-0.0068969727
0.0061340332
-0.0101928711
0.0176696777
-0.0045623779
-0.0021057129
0.0027770996
0.0042572021
0.0017700195
0.0061950684
0.0009613037
0.0027160645
-0.0002593994
-0.0005950928
0.0025634766
-0.0021514893
-0.0034790039
0.0046691895
-0.0017395020
0.0033569336
-0.0009002686
0.0013580322
-0.0013122559
0.0020599365
0.0007019043
-0.0021972656
0.0001831055
-0.0011901855
0.0009460449
0.0022125244
0.0005798340
0.0002899170
0.0029296875
-0.0006256104
-0.0029296875
-0.0004425049
-0.0031585693
0.0061492920
0.0097351074
-0.0097503662
0.0170288086
-0.0022888184
0.0056762695
0.0071868896
0.0087738037
-0.0029602051
0.0104675293
-0.0069732666
0.0063629150
0.0142364502
-0.0213012695
-0.0058288574
-0.0098419189
-0.0048065186
-0.0008087158
0.0074005127
0.0066223145
0.0128173828
-0.0004425049
-0.0089721680
-0.0095214844
-0.0042877197
0.0095977783
0.0040130615
0.0082397461
0.0001525879
0.0038757324
-0.0015869141
0.0075073242
-0.0048980713
0.0171813965
0.0037689209
0.0115814209
0.0063476562
-0.0301513672
-0.0018920898
-0.0078277588
0.0090637207
0.0216522217
0.0011596680
-0.0045013428
-0.0014038086
-0.0060882568
0.0029602051
0.0019531250
0.0184173584
0.0231781006
-0.0003967285
0.0086975098
0.0213317871
-0.0082244873
0.0281066895
-0.0012664795
0.0044860840
-0.0139770508
0.0105743408
-0.0043487549
0.0020141602
0.0106964111
0.0091094971
0.0004425049
-0.0100860596
0.0001373291
0.0041503906
-0.0101318359
-0.0024566650
-0.0153961182
0.0222930908
0.0035552979
-0.0068664551
-0.0178833008
-0.0208740234
0.0052490234
-0.0172882080
-0.0075683594
0.0111236572
-0.0014038086
0.0855255127
0.0907592773
-0.2173919678
0.2948455811
-0.1037902832
-0.3033752441
-0.2793731689
-0.2349090576
-0.2798767090
0.3105773926
-0.0844116211
0.3006744385
0.3397521973
-0.0422058105
0.0380249023
-0.3137664795
