-0.1965026855
-0.2737274170
0.2013549805
-0.2591094971
0.3224487305
-0.2194976807
-0.1881103516
0.1277313232
0.1978607178
-0.1926116943
0.3290252686
0.2048645020
-0.2573242188
-0.2342987061
-0.0073394775
0.3136138916
0.0117797852
-0.0108337402
0.0013275146
0.0102081299
0.0079956055
-0.0064086914
-0.0080718994
-0.0072784424
-0.0099639893
-0.0047302246
-0.0049133301
0.0046691895
-0.0070190430
0.0091094971
0.0153961182
-0.0100097656
0.0096130371
-0.0040435791
0.0189666748
0.0082397461
-0.0093078613
0.0095977783
0.0008544922
0.0019531250
0.0063629150
0.0088653564
0.0103912354
0.0159606934
0.0115966797
-0.0034179688
0.0154266357
-0.0082855225
0.0064697266
-0.0160369873
-0.0149230957
0.0092620850
-0.0139312744
0.0142822266
0.0252075195
-0.0117492676
0.0164337158
0.0019683838
0.0039215088
-0.0125732422
-0.0062103271
-0.0104675293
0.0126495361
0.0203094482
-0.0016021729
0.0021667480
0.0001068115
-0.0086822510
-0.0018463135
-0.0018768311
-0.0016021729
0.0023040771
-0.0026855469
-0.0022125244
0.0010986328
0.0019531250
0.0022888184
0.0016784668
0.0032958984
0.0037536621
-0.0095672607
0.0064544678
0.0078125000
-0.0003509521
0.0032348633
0.0001678467
0.0116577148
0.0030975342
0.0065460205
-0.0009002686
-0.0041046143
-0.0008392334
0.0031127930
-0.0047912598
0.0053405762
-0.0104522705
-0.0006103516
-0.0007781982
-0.0032501221
-0.0072021484
0.0046386719
-0.0126495361
0.0044250488
-0.0016632080
-0.0108642578
-0.0005340576
-0.0032196045
-0.0115203857
-0.0019531250
-0.0060119629
0.0033569336
-0.0096588135
-0.0094604492
-0.0084075928
-0.0133056641
0.0127105713
-0.0098876953
0.0166015625
-0.0064086914
-0.0019073486
0.0000000000
0.0030517578
-0.0031738281
0.0068511963
-0.0122375488
-0.0096130371
-0.0005645752
-0.0034484863
-0.0004730225
-0.0007019043
-0.0024566650
0.0002593994
0.0009155273
-0.0016937256
0.0015869141
-0.0007629395
0.0004119873
-0.0003204346
-0.0043029785
-0.0019989014
-0.0007171631
0.0028991699
-0.0063171387
-0.0025634766
-0.0021057129
-0.0126800537
-0.0006561279
-0.0040588379
-0.0011444092
-0.0018463135
-0.0042877197
-0.0012512207
-0.0057830811
0.0073242188
-0.0012969971
0.0005187988
0.0016479492
-0.0037078857
0.0093231201
0.0043945312
