0.0058898926
0.0108184814
-0.0053405762
0.0024414062
0.0078125000
0.0071258545
-0.0017395020
0.0054016113
-0.0075225830
-0.0033721924
-0.0087890625
-0.0050506592
0.0045471191
-0.0030822754
-0.0099334717
-0.0095520020
0.0062713623
0.0110626221
-0.0240783691
0.0166168213
0.0080413818
-0.0037384033
-0.0087127686
-0.0138244629
-0.0181884766
0.0147094727
-0.0123596191
0.0031280518
0.0201263428
0.0184020996
0.0162658691
-0.0142974854
0.0039825439
0.0121459961
0.0162811279
0.0044860840
-0.0056915283
0.0115051270
0.0037689209
0.0082702637
0.0020751953
0.0162048340
-0.0100555420
0.0024261475
0.0026550293
-0.0001525879
-0.0097351074
-0.0017700195
-0.0185699463
-0.0225372314
-0.0293426514
0.0449371338
-0.0124359131
0.0316314697
-0.0027008057
-0.0064849854
-0.0086212158
0.0284271240
0.0185546875
0.0010986328
0.0038757324
-0.0259552002
0.0284729004
-0.0139007568
0.0029602051
-0.0047912598
0.0005493164
0.0012512207
0.0004577637
-0.0000610352
-0.0012817383
-0.0060577393
0.0003356934
0.0004882812
-0.0002746582
-0.0023803711
0.0040893555
-0.0006713867
0.0012664795
-0.0033111572
-0.0033721924
-0.0045776367
0.0035095215
0.0079498291
0.0265045166
-0.0099945068
-0.0028991699
-0.0036010742
0.0119628906
0.0023040771
0.0117797852
0.0146331787
0.0063476562
0.0110473633
-0.0094451904
-0.0094757080
0.0224914551
-0.0198059082
-0.0001068115
-0.0200653076
0.0052337646
0.0183258057
-0.0102844238
-0.0039825439
-0.0177459717
0.0075836182
-0.0009155273
0.0041656494
0.0113677979
0.0036926270
-0.0110473633
0.0103454590
-0.2245483398
-0.2763061523
0.2529449463
-0.1501617432
-0.2950744629
0.2221069336
-0.3042449951
-0.2263488770
-0.0476379395
0.2552032471
-0.0594177246
0.2373809814
0.2465515137
-0.2932128906
-0.2469024658
-0.2624664307
0.0018310547
-0.0040588379
-0.0070953369
-0.0033416748
0.0016326904
-0.0031585693
-0.0020294189
0.0010986328
-0.0011596680
0.0024566650
-0.0034027100
0.0031738281
-0.0005798340
-0.0012512207
-0.0009918213
-0.0001068115
-0.0208740234
0.0021209717
0.0197753906
-0.0182495117
0.0044250488
0.0085906982
0.0130767822
0.0097656250
-0.0001983643
-0.0018310547
-0.0021972656
-0.0103912354
-0.0077667236
0.0033264160
0.0191040039
0.0185546875
