0.0023498535
0.0054016113
-0.0194549561
-0.0046539307
-0.0240631104
0.0004119873
0.0087890625
-0.0027618408
-0.0114746094
0.0058441162
0.0006713867
0.0106506348
0.0058288574
-0.0122375488
0.0175018311
0.0036468506
-0.3135833740
0.3204956055
0.1485443115
-0.3494110107
0.0294647217
0.2761688232
-0.1063385010
0.3402709961
0.3691711426
0.0891876221
0.0312500000
0.1253509521
0.2131958008
-0.3673706055
-0.0474548340
0.0133819580
0.0066070557
-0.0014495850
0.0083465576
-0.0041198730
0.0004272461
0.0074310303
-0.0032043457
-0.0044250488
0.0002288818
0.0082244873
0.0047149658
-0.0048065186
0.0081329346
-0.0086975098
-0.0050506592
-0.0118713379
0.0014953613
-0.0028686523
-0.0013427734
0.0004272461
0.0050201416
0.0017089844
-0.0014495850
0.0000000000
-0.0071563721
-0.0015563965
0.0091857910
0.0052947998
-0.0055389404
-0.0072784424
-0.0018768311
-0.0161132812
0.0015411377
0.0014038086
-0.0025634766
-0.0003967285
0.0012969971
-0.0000457764
-0.0007781982
-0.0104675293
0.0019226074
-0.0033721924
0.0004425049
-0.0040740967
0.0030364990
-0.0065155029
0.0016021729
-0.0072021484
-0.0019073486
0.0027008057
-0.0020446777
0.0027618408
0.0097045898
-0.0026245117
0.0109710693
0.0055694580
0.0059967041
-0.0019531250
-0.0100708008
0.0006408691
0.0027770996
-0.0005340576
0.0029602051
-0.0230712891
-0.0050354004
-0.0054168701
0.0106811523
-0.0096435547
0.0036621094
0.0022888184
-0.0050201416
-0.0050354004
0.0097503662
-0.0123291016
0.0133361816
-0.0058746338
0.0067596436
0.0024414062
-0.0136718750
0.0029296875
0.0005340576
-0.0019226074
-0.0032653809
0.0051574707
0.0011596680
0.0040588379
-0.0014495850
0.0073242188
-0.0100250244
-0.0017089844
-0.0024108887
-0.0036468506
-0.0087280273
0.0001068115
0.0060577393
-0.0079498291
-0.0047607422
0.0031890869
0.0078735352
-0.0015869141
-0.0014953613
0.0041961670
-0.0012054443
0.0011444092
0.0018768311
-0.0077362061
-0.0033874512
-0.0007324219
-0.0009307861
-0.0010070801
0.0023193359
-0.0028381348
0.0047760010
-0.0101776123
-0.0012664795
0.0027313232
0.0018920898
0.0028076172
-0.0000305176
-0.0021972656
0.0076904297
-0.0039978027
-0.0063934326
0.0008087158
-0.0024414062
-0.0089874268
0.0081329346
-0.0012969971
