0.0031127930
0.0038299561
-0.0052795410
0.0017395020
0.0019531250
0.0036315918
0.0031890869
-0.0059661865
-0.0088500977
0.0033111572
-0.0022125244
0.0034027100
0.0016632080
-0.0002136230
0.0015869141
-0.0007476807
0.0007019043
-0.0031585693
-0.0008850098
0.0029907227
0.0032348633
-0.0005798340
0.0008392334
-0.0019683838
-0.0021972656
0.0001068115
0.0049896240
-0.0001220703
-0.0002593994
0.0035247803
0.0009918213
-0.0072479248
-0.0115051270
-0.0048675537
-0.0051116943
-0.0055236816
-0.0006713867
-0.0053253174
0.0083160400
-0.0014343262
0.0018768311
-0.0014953613
-0.0026092529
-0.0040130615
0.0195159912
-0.0143280029
-0.0043640137
0.0053253174
0.0061950684
-0.0080718994
0.0086517334
-0.0043640137
0.0023040771
-0.0044403076
-0.0073089600
0.0007476807
-0.0044860840
-0.0018615723
-0.0032806396
-0.0142364502
0.0086364746
-0.0175628662
-0.0015411377
0.0059661865
0.0119628906
-0.0043945312
0.0106048584
-0.0039062500
0.0007629395
0.0116119385
-0.0170898438
-0.0014190674
-0.0099334717
0.0087585449
-0.0051574707
0.0204772949
-0.0111083984
-0.0109405518
0.0039215088
0.0010833740
0.0050354004
0.0045623779
-0.0047149658
0.0090789795
0.0243377686
-0.0090332031
0.0097503662
-0.0067901611
-0.0087890625
0.0203094482
-0.0126495361
-0.0013732910
-0.0051879883
0.0232086182
-0.0094604492
-0.0055847168
0.0007781982
0.0030670166
0.0017700195
-0.0069580078
0.0052947998
-0.0125885010
-0.0027160645
-0.0056152344
0.0071411133
0.0170745850
0.0063934326
0.0011596680
-0.0004119873
0.0020599365
-0.0004577637
0.0028228760
0.0108795166
0.0481109619
-0.0303649902
-0.0043334961
0.0415649414
-0.0028228760
0.0319976807
0.0457000732
-0.0013427734
-0.0586853027
0.0346679688
-0.0144958496
-0.0156250000
0.0106353760
0.0530853271
0.0202484131
-0.0062713623
-0.0050811768
-0.0059967041
0.0062255859
0.0048675537
-0.0061492920
0.0108489990
0.0039367676
0.0035247803
-0.0152435303
-0.0083312988
0.0059509277
-0.0177917480
0.0022125244
0.0108489990
-0.0082244873
0.1744537354
-0.0055084229
-0.2792510986
0.2793731689
-0.1047363281
-0.2933044434
-0.2940979004
-0.2652130127
-0.2799377441
0.3195953369
-0.0609130859
0.3069763184
0.3062896729
0.0659027100
0.0407409668
-0.3076934814
