0.0004425049
0.0109710693
-0.0277099609
-0.0009002686
-0.0208435059
-0.0051116943
0.0067138672
0.0050659180
-0.0215759277
0.0071868896
-0.0093841553
0.0071868896
0.0074005127
-0.0108337402
0.0247497559
-0.0050048828
-0.3267974854
0.3417053223
0.1158294678
-0.3473052979
0.0381317139
0.2774963379
-0.1007232666
0.3369750977
0.3621520996
0.0167694092
0.0709381104
0.0467376709
0.1859893799
-0.3635253906
-0.0983734131
-0.0242767334
-0.0020294189
-0.0122985840
-0.0115051270
-0.0002136230
0.0015411377
-0.0037536621
0.0031127930
-0.0085144043
0.0051269531
-0.0043182373
0.0040588379
-0.0148162842
0.0063934326
0.0021209717
-0.0020294189
0.0035552979
0.0054321289
0.0043945312
0.0128021240
-0.0279388428
0.0135803223
0.0018615723
-0.0026702881
-0.0035552979
-0.0165710449
-0.0260772705
0.0027923584
0.0039367676
-0.0018920898
-0.0068206787
-0.0037078857
-0.0087890625
0.0017700195
0.0026550293
0.0045776367
-0.0110015869
-0.0047760010
0.0018005371
-0.0034179688
-0.0049438477
0.0042724609
-0.0008087158
-0.0068817139
0.0006561279
0.0076904297
-0.0049896240
0.0029907227
-0.0023651123
0.0013580322
0.0071716309
0.0049438477
-0.0067138672
0.0046691895
-0.0045318604
0.0049591064
-0.0055694580
-0.0043487549
0.0125427246
-0.0107421875
-0.0020751953
-0.0086517334
-0.0067443848
-0.0023803711
-0.0229949951
-0.0033416748
0.0010833740
0.0091400146
-0.0059967041
0.0037536621
-0.0090332031
-0.0008697510
-0.0020446777
0.0010681152
0.0074005127
0.0072631836
-0.0036621094
-0.0069427490
-0.0034027100
0.0029602051
0.0027770996
-0.0037841797
-0.0032196045
-0.0012817383
0.0036621094
0.0001983643
0.0074920654
-0.0029907227
0.0008087158
-0.0050354004
0.0028381348
0.0028228760
0.0000305176
-0.0042419434
-0.0014953613
0.0044708252
-0.0083312988
-0.0012512207
0.0011749268
0.0002746582
0.0010833740
0.0010528564
-0.0028076172
0.0010833740
-0.0008239746
0.0025939941
-0.0062713623
0.0011596680
0.0014801025
0.0048828125
-0.0011749268
0.0055541992
-0.0007934570
-0.0047607422
-0.0171356201
-0.0030975342
0.0106048584
-0.0025634766
-0.0045318604
-0.0046234131
-0.0047912598
0.0039367676
0.0038452148
-0.0133819580
0.0063171387
0.0048522949
-0.0151062012
0.0235137939
-0.0085906982
