0.0027770996
-0.0009918213
-0.0056152344
0.0004882812
0.0034332275
0.0104980469
-0.0001068115
-0.0030517578
-0.0099487305
-0.0006561279
0.0151977539
0.0067749023
0.0020599365
-0.0052032471
0.0052490234
0.0021972656
-0.0015716553
0.0147399902
-0.0249786377
0.0052185059
0.0074462891
0.0016021729
-0.0148468018
-0.0021972656
-0.0044860840
0.0192260742
-0.0029907227
-0.0006256104
0.0135955811
0.0064239502
0.0146331787
-0.0032501221
-0.0016326904
0.0052947998
-0.0027618408
0.0083923340
0.0089416504
0.0001373291
0.0037841797
0.0084838867
0.0102386475
0.0025939941
0.0067291260
-0.0001678467
-0.0026550293
-0.0102996826
0.0092010498
0.0046386719
-0.0069885254
-0.0107421875
-0.0107116699
0.0238037109
0.0108947754
-0.0010070801
0.0112609863
0.0063018799
0.0037536621
0.0054016113
-0.0065002441
0.0112152100
0.0101318359
-0.0106353760
0.0079193115
-0.0042114258
-0.0096588135
-0.0232086182
-0.0093383789
0.0090484619
-0.0198516846
-0.0100402832
0.0005798340
0.0030670166
0.0036621094
-0.0105590820
-0.0082092285
-0.0153045654
0.0046386719
0.0151672363
0.0021057129
-0.0060577393
0.0049896240
0.0090637207
0.0048828125
-0.0066223145
0.0140075684
-0.0003356934
-0.0000457764
-0.0149078369
-0.0008544922
0.0025482178
0.0002593994
0.0111846924
0.0125122070
-0.0019378662
-0.0086517334
0.0077209473
-0.0005187988
-0.0010833740
-0.0108032227
-0.0070953369
0.0015563965
-0.0004882812
-0.0056915283
-0.0014038086
0.0029449463
0.0042877197
0.0049591064
0.0047454834
0.0086975098
0.0021057129
-0.0095062256
0.0023193359
-0.2124023438
-0.2592773438
0.1611938477
-0.1615295410
-0.3028411865
0.2841339111
-0.2597045898
-0.3128662109
-0.0268707275
0.3002471924
-0.1694335938
0.2321166992
0.1839141846
-0.2386322021
-0.1972808838
-0.1997528076
-0.0127563477
0.0096282959
0.0100250244
-0.0135192871
-0.0070800781
0.0014648438
-0.0230407715
0.0125427246
-0.0085449219
0.0156097412
0.0158538818
0.0133361816
0.0101776123
-0.0087738037
0.0040283203
0.0067138672
-0.0045318604
-0.0004577637
-0.0018310547
-0.0044097900
-0.0014801025
-0.0047607422
-0.0007934570
0.0038452148
-0.0029144287
0.0027465820
0.0057220459
0.0018463135
-0.0007934570
0.0036773682
-0.0017242432
0.0004577637
