0.0040740967
0.0062713623
-0.0126190186
0.0010375977
-0.0090332031
0.0032043457
0.0045623779
-0.0043029785
-0.0008850098
0.0054626465
0.0016632080
-0.0087738037
0.0076599121
0.0007934570
-0.0053253174
-0.0075836182
-0.0050659180
0.0102996826
-0.0043640137
-0.0053253174
0.0070648193
0.0040130615
-0.0076293945
0.0057220459
0.0051269531
-0.0044555664
-0.0129547119
-0.0029754639
0.0085906982
-0.0065307617
-0.0044403076
0.0008850098
-0.3444213867
-0.1796875000
-0.2558288574
0.0211334229
-0.0735321045
-0.3029632568
0.3049011230
-0.0464019775
-0.3741302490
-0.3285369873
-0.2007904053
-0.2104949951
0.0464477539
-0.0721435547
0.2453308105
0.3364562988
-0.0030670166
0.0106506348
0.0069732666
0.0106353760
0.0033721924
-0.0025329590
0.0043640137
-0.0031280518
0.0037841797
0.0036621094
0.0067901611
0.0085601807
0.0118103027
0.0035095215
0.0009765625
-0.0024108887
0.0039825439
0.0012817383
0.0094451904
-0.0068664551
-0.0069274902
0.0052185059
-0.0046386719
-0.0021667480
-0.0007629395
0.0084381104
0.0014343262
0.0034179688
-0.0032348633
0.0048522949
-0.0016326904
-0.0011749268
-0.0047760010
0.0126647949
0.0046539307
-0.0144195557
0.0021972656
0.0024261475
0.0012512207
-0.0040130615
-0.0040588379
0.0015411377
-0.0155487061
-0.0057067871
-0.0154266357
-0.0027313232
-0.0032806396
-0.0112457275
-0.0005035400
-0.0068664551
0.0185546875
-0.0066375732
0.0037994385
0.0059661865
-0.0073699951
-0.0135345459
-0.0023956299
-0.0016632080
0.0169067383
0.0105438232
0.0013885498
0.0100860596
-0.0145263672
0.0115356445
0.0002441406
0.0119628906
-0.0074615479
-0.0025787354
0.0026855469
-0.0106048584
0.0130310059
0.0000152588
0.0042419434
-0.0041809082
0.0036621094
-0.0118408203
0.0101165771
0.0161285400
0.0101623535
0.0038909912
-0.0047454834
-0.0110015869
-0.0009155273
0.0020904541
0.0146789551
0.0016326904
-0.0046844482
0.0047760010
0.0069427490
0.0040893555
0.0070648193
0.0067291260
-0.0123901367
0.0072784424
0.0092315674
-0.0144958496
0.0067291260
-0.0058441162
0.0021057129
-0.0007019043
0.0102386475
0.0046539307
0.0005950928
0.0043182373
0.0074310303
-0.0028076172
-0.0038604736
-0.0032348633
-0.0028533936
0.0050811768
0.0100555420
0.0019683838
