-0.0051269531
0.0012664795
0.0003356934
-0.0030212402
0.0105590820
-0.0124359131
-0.0046234131
-0.0048980713
0.0051422119
-0.0173187256
-0.0016174316
0.0004577637
-0.0034942627
0.0009002686
0.0110626221
-0.0083312988
0.0024871826
-0.0049285889
0.0084991455
-0.0019073486
0.0031738281
-0.0013885498
0.0037231445
0.0012359619
0.0019073486
-0.0011749268
0.0027465820
0.0079650879
-0.0015716553
-0.0025024414
-0.0014038086
0.0037841797
0.0049133301
0.0044097900
-0.0002441406
0.0075988770
0.0142364502
-0.0039672852
-0.0056762695
0.0102539062
0.0012969971
0.0004272461
-0.0003356934
0.0133819580
-0.0041809082
-0.0011444092
0.0001220703
0.0009460449
0.0046844482
-0.0081481934
-0.0003204346
0.0024414062
-0.0052642822
-0.0150909424
0.0000305176
0.0003662109
-0.0066986084
-0.0053863525
-0.0149383545
0.0049591064
-0.0047454834
-0.0097656250
0.0003814697
-0.0017242432
-0.2994842529
0.1293640137
-0.2758636475
-0.0827331543
0.1077728271
-0.3157501221
0.3418731689
0.3178710938
0.3846282959
-0.2949218750
0.0667724609
-0.2349090576
0.0728454590
0.2227783203
0.0173797607
-0.0495605469
0.0021209717
0.0049133301
0.0003356934
0.0017395020
0.0026702881
-0.0100097656
0.0032501221
-0.0021209717
-0.0068359375
-0.0041198730
-0.0050506592
0.0112152100
-0.0022430420
-0.0050506592
-0.0099487305
-0.0115203857
0.0263977051
-0.0236053467
0.0153045654
-0.0263671875
0.0300292969
0.0120849609
-0.0357818604
-0.0424194336
0.0145263672
-0.0218353271
0.0272827148
0.0313110352
-0.0061645508
0.0163421631
-0.0109558105
0.0247039795
-0.0190124512
0.0129547119
-0.0050964355
-0.0082550049
0.0120391846
-0.0046234131
0.0082702637
0.0014343262
-0.0027465820
-0.0017395020
0.0116119385
0.0009002686
0.0105590820
0.0025329590
-0.0095062256
0.0019073486
0.0025939941
-0.0012054443
0.0027770996
0.0024108887
0.0054473877
0.0072021484
-0.0096740723
-0.0028533936
0.0029754639
0.0046234131
0.0047454834
-0.0024719238
0.0031585693
0.0044097900
0.0009002686
-0.0005950928
-0.0012054443
-0.0038452148
-0.0005645752
0.0021362305
0.0018768311
0.0043945312
-0.0025634766
0.0131683350
0.0123138428
-0.0019683838
-0.0178375244
-0.0030517578
-0.0022277832
-0.0021209717
0.0043792725
-0.0037231445
