0.0092010498
0.0006866455
-0.0054779053
-0.0021514893
0.0005950928
-0.0023956299
0.0023651123
-0.0119476318
-0.0024108887
0.0038452148
0.0089721680
-0.0047760010
0.0026855469
0.0027160645
0.0019226074
0.0006256104
-0.0021057129
0.0065765381
-0.0034484863
-0.0016479492
-0.0086212158
0.0020294189
0.0017089844
0.0022583008
0.0015563965
0.0014343262
-0.0037689209
-0.0029296875
0.0072326660
-0.0018768311
-0.0055847168
-0.0005493164
0.0063171387
0.0037536621
0.0069427490
-0.0086212158
-0.0048065186
0.0127868652
0.0021514893
0.0095977783
0.0134124756
0.0171508789
-0.0085906982
0.0012054443
-0.0027313232
0.0080261230
-0.0136871338
-0.0134429932
-0.0036010742
-0.0012664795
0.0001373291
0.0184783936
0.0009613037
0.0072326660
-0.0075531006
-0.0045318604
-0.0044708252
0.0067443848
-0.0011749268
0.0118560791
0.0154724121
-0.0066986084
0.0050506592
0.0035552979
-0.0038299561
-0.0080413818
-0.0045928955
0.0072021484
-0.0027923584
-0.0059967041
0.0047454834
0.0059356689
0.0010375977
-0.0027618408
-0.0126647949
-0.0046691895
-0.0054473877
0.0113677979
0.0133972168
0.0071105957
-0.0029144287
0.0073547363
0.0138244629
-0.0042114258
-0.0000610352
0.0044708252
-0.0028686523
-0.0024719238
0.0040893555
0.0014648438
-0.0107574463
0.0077819824
-0.0000152588
0.0061798096
0.0001220703
-0.0020599365
-0.0171356201
0.0014953613
-0.0103454590
0.0046386719
-0.0054626465
0.0012969971
0.0078887939
0.0061492920
0.0026855469
0.0050506592
-0.0107269287
0.0031585693
-0.0183715820
-0.0039825439
0.0065765381
-0.0004882812
-0.3011779785
-0.2597045898
0.1543273926
-0.1635284424
-0.2811737061
0.3501434326
-0.2535858154
-0.2635650635
0.0906372070
0.2303161621
-0.1488494873
0.2659301758
0.2075500488
-0.2887420654
-0.1684875488
-0.2115173340
-0.0010986328
-0.0010070801
0.0025024414
0.0003051758
0.0010833740
0.0016479492
-0.0019531250
0.0022888184
0.0004425049
0.0040283203
0.0018768311
0.0024108887
0.0031738281
0.0033569336
0.0002593994
-0.0019226074
-0.0063629150
-0.0062255859
0.0033264160
0.0003051758
0.0022430420
0.0077362061
-0.0047607422
0.0138092041
0.0119018555
-0.0014343262
-0.0012969971
-0.0061035156
0.0007324219
-0.0037384033
0.0078430176
0.0009918213
