0.0026397705
0.0069732666
-0.0078125000
0.0019531250
-0.0099029541
0.0079803467
0.0055999756
0.0125885010
-0.0003204346
0.0090942383
-0.0149536133
0.0034179688
0.0031433105
0.0110168457
0.0115509033
-0.0009002686
0.0005645752
0.0027313232
-0.0049896240
0.0030517578
-0.0081634521
-0.0027313232
0.0032806396
-0.0037994385
-0.0022430420
-0.0005035400
0.0014038086
0.0011291504
0.0037536621
0.0024261475
-0.0058898926
0.0029754639
0.0007934570
-0.0024719238
0.0020446777
0.0029144287
0.0026702881
0.0029602051
-0.0018005371
0.0004730225
-0.0012664795
0.0032958984
-0.0017242432
-0.0001220703
-0.0032196045
-0.0001525879
0.0017242432
-0.0027618408
0.0091705322
-0.0028228760
-0.0004882812
0.0061340332
-0.0064697266
0.0053863525
-0.0046539307
-0.0036315918
0.0089874268
0.0019989014
-0.0048980713
0.0129241943
-0.0039215088
-0.0022735596
0.0067138672
-0.0076904297
-0.0000305176
-0.0028839111
-0.0010375977
-0.0037078857
0.0036163330
-0.0006408691
-0.0023956299
0.0019989014
0.0011901855
-0.0042572021
-0.0006713867
0.0034179688
-0.0037689209
-0.0040588379
0.0014343262
-0.0020294189
0.0091705322
0.0030059814
-0.0001831055
-0.0075225830
0.0078125000
-0.0078887939
-0.0015258789
-0.0088348389
-0.0024108887
0.0079040527
0.0019531250
0.0066833496
-0.0104522705
0.0007934570
-0.0048828125
-0.0059967041
-0.0792846680
0.3260192871
0.0787658691
0.2707824707
-0.2646789551
-0.2176513672
0.3107299805
0.3061065674
-0.0196838379
0.2095489502
-0.3327789307
-0.0492248535
0.1426239014
-0.3478088379
-0.0146331787
-0.3551025391
-0.0054168701
-0.0122375488
-0.0040740967
0.0215606689
0.0036773682
0.0158996582
0.0015106201
-0.0022583008
0.0278167725
0.0028533936
-0.0233917236
0.0070495605
-0.0200958252
-0.0086822510
0.0015716553
-0.0139465332
-0.0059051514
-0.0026092529
0.0051269531
0.0049438477
0.0010528564
0.0004882812
-0.0084075928
0.0088806152
-0.0043792725
-0.0025634766
-0.0125274658
0.0109863281
0.0024108887
0.0039215088
0.0048980713
-0.0036773682
0.0056457520
0.0122985840
0.0080718994
-0.0010681152
0.0016784668
0.0153961182
-0.0054626465
0.0086517334
0.0070648193
0.0025024414
-0.0123291016
-0.0117950439
-0.0012817383
0.0003662109
0.0014495850
0.0151824951
