0.0003051758
0.0036621094
-0.0174255371
0.0047149658
-0.0086975098
0.0082244873
0.0047760010
0.0092773438
-0.0111541748
0.0004119873
-0.0026397705
0.0163879395
0.0214843750
0.0009307861
-0.0003662109
-0.0105438232
-0.3208160400
0.3306121826
0.1152954102
-0.3372344971
-0.0537414551
0.2681427002
-0.0837402344
0.3231201172
0.3520202637
0.0428009033
0.0980377197
0.0626373291
0.2127838135
-0.3505706787
-0.0811920166
-0.0865936279
-0.0044555664
-0.0156707764
-0.0124359131
0.0000305176
-0.0026550293
-0.0024108887
0.0068359375
-0.0091400146
-0.0002746582
0.0022735596
0.0074920654
-0.0083312988
0.0006103516
0.0096588135
0.0025634766
-0.0030364990
-0.0026092529
-0.0020141602
0.0040435791
-0.0106658936
0.0011291504
0.0042877197
-0.0034332275
0.0000915527
-0.0054626465
-0.0087280273
-0.0000305176
0.0095062256
-0.0044403076
0.0012054443
-0.0030975342
-0.0053558350
0.0146331787
0.0121612549
0.0167999268
0.0119781494
-0.0124359131
0.0113067627
-0.0118865967
-0.0244445801
-0.0069274902
0.0088806152
-0.0113830566
0.0062866211
0.0143432617
-0.0142974854
-0.0005645752
0.0105895996
-0.0011291504
0.0066833496
-0.0033569336
-0.0150604248
-0.0006713867
-0.0049591064
-0.0018615723
-0.0067596436
-0.0027923584
0.0108642578
-0.0177612305
-0.0011596680
-0.0104980469
-0.0103759766
-0.0108795166
-0.0267028809
0.0139617920
0.0095520020
0.0176849365
-0.0136718750
0.0007629395
-0.0186157227
-0.0076293945
-0.0026245117
0.0272216797
0.0169525146
0.0244293213
-0.0001373291
0.0113372803
0.0034637451
-0.0333862305
0.0034790039
-0.0040435791
-0.0040283203
0.0023803711
0.0119781494
-0.0013580322
0.0226440430
-0.0025939941
-0.0115509033
-0.0023803711
0.0062255859
0.0024719238
0.0033721924
0.0009918213
-0.0011596680
0.0088806152
-0.0060729980
-0.0226287842
0.0094451904
-0.0050048828
0.0075531006
-0.0064544678
-0.0089721680
0.0043640137
0.0231323242
-0.0164489746
-0.0196533203
-0.0005493164
0.0245666504
0.0031280518
-0.0160980225
0.0122070312
0.0075073242
-0.0079803467
-0.0060272217
-0.0037994385
0.0095977783
-0.0036468506
-0.0117645264
-0.0012512207
-0.0116424561
-0.0040893555
0.0034637451
-0.0159301758
0.0120697021
0.0091400146
-0.0124969482
0.0131683350
-0.0160369873
