0.0057220459
0.0077667236
-0.0102233887
-0.0046997070
0.0057830811
-0.0029602051
-0.0033111572
-0.0010833740
-0.0066375732
0.0054168701
-0.0002441406
-0.0086669922
0.0009613037
0.0009613037
0.0113677979
-0.0062713623
-0.0066223145
0.0030059814
0.0029296875
-0.0072784424
0.0022583008
0.0051574707
-0.0035705566
0.0077514648
0.0093841553
-0.0017089844
0.0075683594
-0.0081634521
0.0003204346
-0.0074920654
-0.0093078613
0.0041046143
-0.0028533936
-0.0112304688
0.0115203857
-0.0042419434
-0.0006103516
-0.0005950928
0.0080261230
0.0077667236
0.0028076172
0.0026550293
-0.0088195801
-0.0032043457
-0.0026855469
-0.0134124756
-0.0006256104
-0.0036621094
0.0066070557
-0.0180969238
-0.0132904053
0.0161132812
0.0076141357
0.0119781494
0.0077972412
0.0188751221
0.0050354004
0.0111083984
0.0009307861
0.0196228027
0.0015869141
0.0046234131
0.0185089111
-0.0001525879
0.0043182373
0.0022430420
0.0039672852
0.0031280518
0.0045623779
0.0031890869
-0.0011749268
0.0022125244
0.0013580322
0.0034942627
-0.0157470703
0.0084686279
-0.0009765625
-0.0019989014
0.0024871826
-0.0001831055
0.0018463135
0.0056610107
-0.0065765381
0.0060424805
0.0034484863
-0.0007629395
0.0074920654
-0.0122985840
0.0059356689
-0.0034027100
-0.0009460449
0.0032958984
0.0047760010
0.0044708252
0.0071868896
0.0018768311
0.0041198730
0.0051269531
-0.0030059814
0.0013275146
-0.0015258789
-0.0082092285
-0.0022125244
-0.0000762939
0.0112304688
0.0098266602
0.0025177002
0.0102996826
0.0047912598
-0.0017700195
-0.0017700195
0.0023956299
-0.0006408691
0.0273132324
-0.0192413330
-0.0091094971
0.0298156738
-0.0062866211
0.0409240723
0.0051116943
0.0001831055
-0.0222625732
0.0120391846
-0.0066528320
0.0059814453
0.0219421387
0.0301361084
0.0140228271
-0.0049285889
0.0080261230
-0.0074615479
-0.0225067139
-0.0069580078
-0.0039825439
-0.0074310303
-0.0017242432
0.0092620850
0.0088195801
0.0069427490
-0.0055084229
0.0031585693
0.0072937012
0.0101013184
0.0015716553
0.2258911133
-0.0385437012
-0.2284088135
0.3288879395
-0.0021057129
-0.2656250000
-0.2971038818
-0.2401580811
-0.2301483154
0.2784881592
-0.2108001709
0.2737884521
0.3205718994
0.0160064697
0.0195465088
-0.3062896729
