0.0010375977
0.0030822754
0.0146636963
0.0048522949
0.0184783936
0.0430755615
-0.0240325928
-0.0054626465
-0.0212097168
-0.0265960693
0.0194854736
-0.0005950928
-0.0033264160
-0.0152282715
-0.0116424561
-0.0131988525
0.0028991699
0.0039978027
-0.0091094971
0.0074920654
-0.0008392334
-0.0037689209
0.0040893555
-0.0074462891
-0.0062561035
0.0168914795
-0.0139007568
-0.0006866455
0.0187988281
0.0069885254
-0.0043487549
0.0007019043
-0.3514251709
-0.0599365234
-0.2793884277
-0.1042785645
-0.0535583496
-0.3160400391
0.3603668213
-0.0128326416
-0.4118804932
-0.3125915527
-0.2093811035
-0.0953979492
-0.0047760010
-0.1616210938
0.1565551758
0.3228454590
0.0003967285
-0.0010528564
-0.0323486328
0.0070495605
-0.0114593506
0.0004882812
0.0252075195
-0.0062103271
0.0231018066
0.0090789795
0.0172271729
0.0051269531
-0.0242614746
0.0032958984
0.0028991699
-0.0242156982
0.0001220703
-0.0064086914
-0.0002593994
0.0034179688
-0.0033569336
0.0018157959
0.0040893555
0.0021820068
0.0047454834
0.0011901855
-0.0108032227
-0.0028381348
0.0050354004
-0.0047607422
0.0097045898
-0.0114135742
0.0029296875
-0.0062866211
0.0015411377
-0.0016174316
-0.0128936768
-0.0006103516
0.0034179688
0.0020294189
0.0042419434
-0.0032043457
-0.0068664551
-0.0030670166
0.0016021729
-0.0069427490
-0.0051879883
-0.0115203857
0.0008697510
-0.0026855469
-0.0075531006
-0.0098266602
0.0057983398
-0.0058593750
-0.0088958740
-0.0028076172
0.0129852295
0.0149841309
0.0079803467
-0.0006408691
-0.0011138916
0.0054321289
0.0015258789
0.0091094971
0.0240020752
0.0231933594
0.0007629395
0.0329132080
0.0324096680
-0.0171661377
0.0280303955
0.0094451904
-0.0140228271
-0.0198364258
0.0147552490
-0.0250244141
-0.0131072998
0.0311431885
0.0073394775
0.0217590332
0.0024261475
0.0063171387
0.0084381104
-0.0024719238
-0.0047912598
0.0049438477
-0.0005340576
-0.0019531250
-0.0038452148
0.0054626465
-0.0035400391
-0.0015716553
0.0113067627
0.0021972656
-0.0042419434
0.0055236816
-0.0094146729
0.0077514648
0.0036773682
-0.0129089355
-0.0077209473
0.0049285889
0.0111999512
0.0080871582
0.0109100342
-0.0095367432
-0.0071105957
-0.0030517578
-0.0117645264
-0.0005493164
0.0045013428
0.0012969971
