-0.2426605225
-0.2833709717
0.2138366699
-0.2837371826
0.2832794189
-0.2184448242
-0.2623138428
0.0886077881
0.1956634521
-0.1780395508
0.2513885498
0.0433197021
-0.2876434326
-0.1837921143
-0.1681060791
0.3000488281
-0.0017089844
0.0039825439
0.0042266846
-0.0039520264
0.0068664551
0.0039062500
-0.0113220215
0.0052947998
0.0048675537
-0.0146484375
-0.0060729980
0.0034179688
-0.0007781982
-0.0054626465
-0.0037231445
-0.0045166016
-0.0048828125
-0.0053863525
-0.0064086914
-0.0024719238
-0.0111541748
-0.0027465820
0.0112152100
0.0032653809
-0.0097503662
0.0059356689
-0.0047454834
-0.0066680908
-0.0022430420
-0.0067443848
-0.0017547607
-0.0014648438
-0.0234527588
0.0026092529
0.0084228516
-0.0013732910
0.0017547607
0.0045776367
-0.0085754395
0.0013427734
-0.0136413574
-0.0120239258
-0.0128173828
-0.0121459961
0.0148925781
0.0040893555
-0.0037536621
0.0099334717
0.0014343262
-0.0037231445
0.0000305176
-0.0081939697
-0.0089111328
0.0066680908
-0.0024414062
0.0118713379
-0.0068817139
0.0039978027
0.0189208984
0.0078735352
-0.0016021729
-0.0053710938
0.0140991211
0.0123596191
0.0051116943
0.0085601807
0.0078735352
0.0004882812
-0.0094146729
-0.0044097900
0.0106658936
-0.0094757080
0.0018005371
0.0023498535
0.0008392334
-0.0060577393
-0.0036315918
0.0110015869
0.0071563721
0.0014953613
0.0009765625
0.0006713867
0.0072174072
-0.0050048828
0.0046691895
-0.0010986328
-0.0155639648
-0.0042114258
-0.0039215088
0.0116577148
-0.0019378662
-0.0176391602
0.0237121582
0.0011901855
-0.0056915283
0.0084686279
0.0019226074
-0.0028686523
-0.0022125244
-0.0019683838
-0.0009155273
-0.0041351318
0.0042877197
0.0034484863
-0.0041351318
-0.0025024414
0.0059814453
0.0000152588
0.0036773682
0.0007934570
-0.0088043213
0.0033264160
-0.0066680908
0.0060882568
0.0039215088
0.0153045654
-0.0077209473
0.0062561035
-0.0098114014
0.0067596436
-0.0083007812
0.0126647949
0.0143737793
0.0069580078
0.0010528564
-0.0075836182
0.0032501221
0.0115509033
0.0015869141
0.0005493164
0.0075073242
-0.0039825439
0.0180053711
0.0102691650
-0.0031433105
0.0087280273
0.0024719238
0.0037689209
-0.0036010742
-0.0072326660
-0.0007476807
0.0016937256
-0.0027465820
0.0112762451
