0.157165527
0.139343262
-0.138442993
0.202957153
-0.229446411
-0.0160064697
0.221481323
-0.0440216064
-0.0841217041
0.298278809
-0.258468628
-0.173065186
0.223175049
0.236968994
-0.155090332
-0.145629883
-0.0297698975
0.0893859863
-0.00473022461
-0.00930786133
-0.0513305664
0.0407714844
-0.0873718262
-0.000335693359
0.0200958252
0.0249481201
-0.0212097168
0.110107422
0.128143311
-0.0135192871
-0.0523986816
-0.0410919189
-0.0132293701
-0.0826568604
-0.0824127197
-0.063873291
-0.1849823
-0.0646820068
0.0277252197
0.0132751465
-0.0688171387
-0.0197143555
-0.0757141113
0.0236816406
-0.0211029053
-0.0835113525
-0.111999512
0.0369720459
-0.10105896
0.138122559
0.317123413
-0.181472778
0.116607666
-0.271057129
-0.199066162
0.116836548
-0.181533813
-0.152130127
-0.221496582
-0.172683716
0.186782837
0.0963134766
-0.136764526
0.132965088
0.0657348633
-0.000503540039
0.054397583
0.00518798828
0.0551147461
0.0555267334
-0.0539550781
-0.0644073486
-0.0632476807
0.0594940186
0.0193023682
0.0711364746
-0.0232849121
-0.0664978027
-0.000946044922
-0.0365753174
-0.138183594
-0.26335144
0.00979614258
0.217025757
-0.164077759
0.255981445
-0.168746948
0.252868652
0.254577637
-0.182891846
0.229980469
-0.178939819
0.192733765
0.251754761
0.253005981
0.397781372
-0.0480957031
0.0193481445
0.15184021
-0.0643463135
-0.0190124512
-0.0881195068
0.0840454102
0.0595550537
-0.0130157471
0.0831756592
-0.0121917725
-0.102478027
-0.0415802002
-0.0316925049
-0.00680541992
-0.0603027344
-0.263534546
-0.315597534
0.0858306885
-0.140579224
-0.228485107
0.187271118
-0.285827637
-0.171386719
0.0469665527
0.259536743
-0.178817749
0.303039551
0.0956878662
-0.309188843
-0.1980896
-0.209518433
0.1769104
-0.0520629883
0.114303589
0.0350341797
0.129089355
-0.0574493408
0.0307159424
-0.170822144
0.162277222
-0.0384521484
0.0520019531
-0.193145752
0.0491638184
0.102859497
-0.154006958
-0.0876464844
-0.131576538
0.0632629395
0.137619019
-0.185302734
0.00770568848
0.185623169
0.19934082
0.15284729
0.186645508
-0.188278198
0.120498657
-0.17225647
-0.200210571
0.0436096191
0.0139770508
0.150192261
