0.124588013
0.101242065
-0.0943603516
0.198104858
-0.194671631
-0.0235290527
0.208938599
-0.0559234619
-0.0608978271
0.285476685
-0.228500366
-0.200164795
0.203353882
0.206604004
-0.199523926
-0.115661621
-0.013671875
0.0632324219
-0.00491333008
0.000564575195
-0.0507049561
0.026763916
-0.0648498535
-0.00778198242
0.00601196289
0.0165405273
-0.0298309326
0.0919036865
0.101409912
-0.00247192383
-0.051651001
-0.0264129639
0.00180053711
-0.0599975586
-0.0633239746
-0.0215454102
-0.158676147
-0.0380859375
0.0191345215
-0.0131988525
-0.0547485352
-0.00547790527
-0.037109375
-0.000411987305
0.0116424561
-0.0324859619
-0.0623168945
0.0204162598
-0.0108795166
0.0800933838
0.195571899
-0.0840301514
0.0182037354
-0.170684814
-0.115875244
0.0359802246
-0.09324646
-0.0579071045
-0.0769042969
-0.0941772461
0.0687713623
0.0120239258
-0.0363922119
0.00367736816
0.0941772461
0.0180511475
0.0738830566
-0.00575256348
0.0673675537
0.0873260498
-0.069152832
-0.0845031738
-0.0796966553
0.0892791748
0.0371246338
0.0971069336
-0.0411834717
-0.0922393799
0.0104675293
-0.0165710449
-0.142120361
-0.239730835
0.0370941162
0.186752319
-0.173812866
0.250411987
-0.171707153
0.254714966
0.262939453
-0.139404297
0.208023071
-0.171463013
0.154006958
0.271728516
0.250045776
0.371246338
-0.0200653076
0.0382537842
0.177627563
-0.0668487549
-0.0213165283
-0.102539062
0.0581054688
0.0381164551
0.0246124268
0.0874023438
0.0291137695
-0.086807251
-0.0189971924
-0.0138702393
-0.0326080322
-0.0586853027
-0.277587891
-0.312286377
0.0925750732
-0.151901245
-0.235626221
0.194732666
-0.293823242
-0.168075562
0.0515136719
0.253845215
-0.205551147
0.31678772
0.113891602
-0.327774048
-0.185745239
-0.222763062
0.0427246094
0.0548400879
0.109985352
-0.00427246094
-0.00134277344
-0.0376281738
0.0385437012
-0.0590820312
0.0551300049
-0.057510376
0.00582885742
-0.0932006836
0.0284576416
0.0512695312
-0.128234863
-0.00439453125
-0.124328613
0.0425567627
0.170089722
-0.171813965
0.0141296387
0.214645386
0.189239502
0.176742554
0.204147339
-0.191879272
0.0746459961
-0.197601318
-0.188873291
0.011505127
0.0520782471
0.172332764
