-0.00183105469
0.015838623
-0.00451660156
-0.0092010498
-0.0176239014
0.0259552002
-0.0176391602
0.00700378418
0.00633239746
0.000610351562
-0.00126647949
0.00691223145
-0.000411987305
-0.00816345215
-0.0226898193
-0.0161895752
0.190444946
-0.185470581
-0.133209229
0.245895386
-0.0930175781
-0.177978516
0.124404907
-0.236251831
-0.233428955
0.00556945801
0.0796508789
-0.103363037
-0.081451416
0.241989136
-0.0767822266
-0.0745697021
0.144210815
0.187637329
-0.00578308105
-0.0847930908
0.167053223
0.0776672363
-0.06199646
-0.0269927979
0.161895752
0.132247925
0.103134155
0.0529327393
0.0143127441
0.00953674316
-0.0905456543
-0.100814819
0.0126800537
-0.036605835
-0.116958618
0.0521087646
0.0149230957
0.0516662598
0.102493286
0.00653076172
0.0634002686
0.079498291
0.0825958252
0.0220794678
-0.0604248047
0.0350341797
0.0668792725
-0.0249633789
-0.100845337
-0.0741271973
-0.083984375
0.0364990234
-0.0867767334
-0.0870361328
0.10546875
0.0859222412
0.120681763
-0.0797271729
-0.0354309082
-0.131896973
0.0364227295
0.118621826
-0.00914001465
-0.130813599
-0.017074585
-0.084274292
-0.103622437
0.10723877
-0.0333862305
0.0279541016
0.0512084961
0.0827484131
0.0501708984
-0.169189453
0.0754547119
-0.0120544434
0.13659668
-0.0419464111
0.0367584229
0.0730895996
0.0434875488
-0.00970458984
0.0906982422
-0.0496673584
-0.0242614746
0.00784301758
-0.0195159912
-0.0083770752
0.0316467285
-0.037109375
0.141098022
-0.0545501709
0.14894104
0.0429077148
-0.130950928
0.00592041016
0.000259399414
-0.0596466064
0.0141143799
0.0149078369
-0.00473022461
-0.0453796387
-0.0403747559
-0.0159454346
-0.0145568848
0.0614471436
-0.0482177734
0.0634155273
-0.018157959
-0.0524749756
-0.0653381348
-0.0103912354
-0.171905518
0.083404541
-0.0723571777
-0.0474853516
-0.123855591
-0.128143311
0.164260864
0.20223999
-0.186462402
-0.146789551
0.0534210205
0.233108521
-0.119552612
-0.134048462
-0.0858917236
0.146652222
-0.0874938965
0.222320557
0.109313965
-0.188690186
-0.119628906
0.146209717
0.184173584
0.109848022
0.119232178
-0.164520264
0.0922546387
-0.1434021
-0.177459717
0.149353027
-0.154327393
0.15071106
