0.138137817
0.126251221
-0.10559082
0.197479248
-0.186904907
-0.00489807129
0.203689575
-0.0341949463
-0.0402832031
0.285430908
-0.235626221
-0.155654907
0.218460083
0.232223511
-0.169174194
-0.151199341
-0.0545654297
0.115646362
0.00886535645
-0.0405273438
-0.0801849365
0.064163208
-0.0906524658
0.0232849121
0.0528869629
0.00628662109
-0.00314331055
0.129302979
0.141876221
-0.046081543
-0.0745697021
-0.0407867432
0.0258483887
-0.0243530273
-0.0294952393
-0.02293396
-0.0971374512
-0.00692749023
-0.010925293
-0.0210418701
-0.0173797607
0.00395202637
-0.0215454102
0.000350952148
-0.000961303711
-0.0295562744
-0.0506439209
0.0018157959
-0.0605316162
0.155044556
0.307281494
-0.191833496
0.103775024
-0.239273071
-0.186355591
0.086730957
-0.155044556
-0.140869141
-0.165710449
-0.158279419
0.185852051
0.0853881836
-0.1197052
0.09715271
0.11366272
0.0431518555
0.0883331299
0.00358581543
0.115997314
0.0956726074
-0.087677002
-0.105865479
-0.0878143311
0.0938415527
0.0394744873
0.132781982
-0.0652008057
-0.126327515
0.0254516602
-0.0257568359
-0.138198853
-0.252929688
0.044921875
0.198791504
-0.192276001
0.254943848
-0.153945923
0.256698608
0.256027222
-0.146575928
0.234100342
-0.181365967
0.171661377
0.254898071
0.25579834
0.391098022
-0.0478515625
-0.00764465332
0.153045654
-0.0845184326
0.00798034668
-0.0659332275
0.0458221436
0.021987915
-0.0093536377
0.0715942383
0.0308380127
-0.0978393555
-0.0679779053
0.0149078369
0.0188140869
-0.0317687988
-0.238494873
-0.256591797
0.0290527344
-0.120010376
-0.170410156
0.142288208
-0.223754883
-0.11164856
0.0477294922
0.202514648
-0.193115234
0.253875732
0.0527954102
-0.262023926
-0.15184021
-0.195144653
0.100143433
0.0175933838
0.0982208252
0.0270690918
0.0391235352
-0.0268707275
-0.0207672119
-0.10118103
0.0911712646
0.00738525391
0.0658416748
-0.124954224
0.07762146
0.047668457
-0.108169556
-0.0141601562
-0.0861358643
0.0490264893
0.108856201
-0.125854492
0.0133666992
0.154586792
0.139938354
0.111541748
0.151016235
-0.13319397
0.0770874023
-0.134155273
-0.140686035
0.04296875
0.0386352539
0.118225098
