0.140975952
0.156326294
-0.144195557
0.191101074
-0.195037842
0.0180969238
0.201644897
-0.0589447021
-0.0533752441
0.256362915
-0.269302368
-0.142745972
0.222167969
0.238845825
-0.194290161
-0.17578125
-0.043838501
0.119644165
-0.0243682861
-0.0227050781
-0.0587463379
0.0507659912
-0.106887817
0.0119781494
0.0326538086
0.0192871094
-0.0316772461
0.105255127
0.154953003
-0.0284423828
-0.0675354004
-0.0569152832
0.0780029297
-0.00820922852
-0.0162658691
-0.0227355957
-0.0965118408
0.0220947266
-0.039276123
-0.000946044922
0.0138397217
0.0555114746
0.00134277344
0.0172424316
0.000396728516
-0.000244140625
-0.0484924316
-0.0441589355
-0.0797119141
0.120742798
0.258499146
-0.158737183
0.112442017
-0.223754883
-0.160202026
0.0743865967
-0.131973267
-0.123031616
-0.168502808
-0.149673462
0.169006348
0.0752410889
-0.0978240967
0.0913848877
0.0332641602
0.0421447754
0.0275421143
-0.0384521484
0.0677185059
0.0229949951
-0.0173187256
-0.04246521
-0.025177002
0.0331115723
0.0497741699
0.0406799316
-0.0255889893
-0.0295715332
0.00933837891
-0.023727417
-0.137435913
-0.246063232
0.0211181641
0.20098877
-0.160583496
0.277587891
-0.169296265
0.257385254
0.290466309
-0.173553467
0.228530884
-0.185852051
0.189819336
0.266830444
0.279876709
0.401275635
-0.0199432373
0.0284881592
0.211929321
-0.0458068848
-0.0421600342
-0.0673065186
0.0758514404
0.0554046631
-0.020980835
0.0866088867
-0.0167236328
-0.0597686768
-0.021987915
-0.0343322754
-0.0203704834
-0.052154541
-0.274658203
-0.31237793
0.0877380371
-0.154830933
-0.225570679
0.197143555
-0.280334473
-0.17427063
0.0565338135
0.255432129
-0.200668335
0.308044434
0.101867676
-0.312927246
-0.205184937
-0.208312988
-0.00733947754
0.0833892822
0.0817108154
0.049911499
-0.0330963135
-0.0294799805
-0.0274353027
0.00393676758
0
0.0200195312
0.0639648438
-0.0242004395
0.0691070557
0.00271606445
-0.0790557861
0.0465240479
-0.131256104
0.0257873535
0.184783936
-0.21043396
0.0254974365
0.239837646
0.222976685
0.203369141
0.242462158
-0.232330322
0.0901489258
-0.22442627
-0.238143921
0.037322998
0.04737854
0.202728271
