-0.0389404297
-0.0355834961
0.0348205566
-0.0681610107
-0.0136566162
0.0328216553
-0.0962982178
0.0991210938
0.0525512695
-0.022064209
0.0972290039
0.0464935303
-0.0535736084
-0.0341491699
0.0340118408
0.0399627686
0.167861938
-0.166824341
-0.119644165
0.21572876
-0.0631408691
-0.152008057
0.082321167
-0.206817627
-0.205947876
0.0200958252
0.0782928467
-0.0962677002
-0.0930328369
0.216506958
-0.0280303955
-0.0404052734
0.078918457
0.134292603
-0.0299072266
-0.0874176025
0.11579895
0.04296875
-0.00570678711
-0.0148773193
0.0872497559
0.0733184814
0.0239715576
0.0204162598
0.00769042969
0.00204467773
-0.0398406982
-0.0484466553
-0.0677642822
0.0078125
-0.0479125977
0.0153808594
0.0499420166
-0.0251312256
0.0389556885
0.0118255615
-0.0219573975
-0.0136566162
-0.0157623291
-0.0249023438
-0.0255279541
0.114868164
0.0408935547
0.0579376221
-0.0128479004
-0.073059082
0.00682067871
0.0491027832
-0.10005188
-0.00817871094
0.000625610352
-0.0175628662
0.0295715332
-0.00561523438
-0.0922546387
-0.0572052002
0.0196075439
0.0445861816
-0.0190124512
-0.077835083
0.0242919922
-0.118347168
-0.156784058
0.0843658447
0.0167694092
0.0527496338
0.0540924072
0.124847412
0.0612945557
-0.194351196
0.0838928223
-0.000213623047
0.203155518
-0.124206543
0.0346832275
0.0662536621
0.0990142822
-0.0519104004
0.107513428
-0.0897216797
0.0283355713
0.0786437988
-0.0845184326
-0.0542907715
0.058807373
-0.0889129639
0.141464233
-0.109802246
0.101516724
0.0669403076
-0.126052856
0.052734375
-0.0771942139
-0.112854004
0.0537414551
0.0475158691
-0.083770752
0.0461883545
-0.0911865234
-0.0384521484
0.0220947266
0.0671234131
-0.152908325
0.0830078125
0.0392303467
-0.113433838
-0.055770874
-0.0906829834
-0.0966339111
0.0134887695
-0.0979156494
-0.0416412354
-0.037322998
-0.0753479004
0.15234375
0.0816345215
-0.0706176758
-0.173568726
-0.0387573242
0.102111816
-0.159484863
-0.0317993164
-0.0953063965
0.0289916992
-0.0993652344
0.204483032
0.0829315186
-0.14251709
-0.149108887
0.0890350342
0.146972656
0.0419006348
0.0563964844
-0.101150513
0.0797576904
-0.0782470703
-0.116775513
0.129135132
-0.101806641
0.103088379
