0.00360107422
0.0352935791
-0.0160217285
-0.0092010498
-0.00553894043
0.0710449219
-0.0183105469
-0.0269775391
0.0052947998
0.0248260498
-0.0217895508
-0.00921630859
0.00958251953
0.0150146484
-0.02003479
-0.0349121094
0.208648682
-0.208908081
-0.103408813
0.246200562
-0.0922088623
-0.185440063
0.0936889648
-0.241409302
-0.237442017
-0.0547180176
0.0774841309
-0.0852203369
-0.129348755
0.244735718
-0.0572509766
-0.0489501953
0.138641357
0.175979614
-0.0146484375
-0.0617218018
0.0570068359
0.0787506104
-0.0373382568
-0.0199584961
0.141296387
0.136825562
0.0871582031
0.00608825684
0.0287780762
-0.014465332
-0.0867919922
-0.0904693604
-0.0135040283
-0.0330810547
-0.0902099609
0.0384521484
-0.0277557373
0.0147094727
0.0687713623
-0.0248565674
0.0431671143
0.0347747803
0.0135345459
0.00592041016
-0.0615234375
0.0239868164
0.0290679932
-0.00219726562
-0.105270386
-0.101013184
-0.0856781006
0.12890625
-0.132675171
-0.0997314453
0.113250732
0.0952453613
0.148925781
-0.0989074707
-0.136352539
-0.137161255
0.0431060791
0.121170044
-0.0478057861
-0.172912598
0.00114440918
-0.0285186768
-0.0590057373
0.0540008545
-0.0228729248
-0.0118713379
0.0674743652
0.0530548096
-0.0133056641
-0.0788269043
0.028793335
0.00769042969
0.0553588867
-0.0272216797
-0.0137939453
0.0122680664
0.0321502686
-0.0286865234
0.0470275879
-0.0620727539
0.0127868652
0.037109375
-0.0567932129
-0.0393676758
0.0287475586
-0.0504302979
0.135467529
-0.0558929443
0.0729980469
0.0733184814
-0.0910491943
0.0342102051
-0.0204315186
-0.0384216309
0.0186004639
0.0160217285
0.0029296875
-0.020690918
-0.0146026611
0.00132751465
0.0046081543
0.0294494629
-0.0858154297
0.0333557129
0.00521850586
-0.0345916748
-0.025680542
-0.0265197754
-0.263565063
0.166610718
-0.067855835
-0.078994751
-0.196014404
-0.118347168
0.174179077
0.222015381
-0.18699646
-0.194763184
-0.0665435791
0.218582153
-0.131393433
-0.104187012
0.00402832031
0.135406494
-0.0250091553
0.171356201
0.0978088379
-0.119338989
-0.132995605
0.151428223
0.115829468
0.0894317627
0.113952637
-0.106933594
0.0159454346
-0.13999939
-0.126586914
0.079788208
-0.0748596191
0.15284729
