0.136291504
0.127868652
-0.126327515
0.199752808
-0.235321045
-0.00343322754
0.213272095
-0.0439300537
-0.044052124
0.254364014
-0.255218506
-0.157440186
0.223327637
0.235794067
-0.181472778
-0.149475098
-0.0205383301
0.076751709
-0.0187530518
-7.62939453e-05
-0.0589904785
0.030090332
-0.0982513428
-0.00802612305
0.00827026367
0.00708007812
-0.0011138916
0.0916595459
0.107299805
-0.00518798828
-0.0740203857
-0.0341339111
0.0127563477
-0.0493774414
-0.0724945068
-0.0437164307
-0.155380249
-0.0420379639
0.0315704346
0.0168609619
-0.0616149902
0.00187683105
-0.0404663086
0.0159759521
-0.0156097412
-0.0442504883
-0.0645294189
0.016784668
-0.0581970215
0.149719238
0.296020508
-0.23677063
0.134460449
-0.271682739
-0.21043396
0.0757293701
-0.17565918
-0.158752441
-0.199996948
-0.197250366
0.183410645
0.109802246
-0.13861084
0.133728027
0.0223846436
0.0136260986
0.0186309814
-0.0186309814
0.0459136963
0.0114440918
-0.0148468018
-0.0369567871
-0.0183868408
0.0165710449
0.0205535889
0.0254516602
-0.0153961182
-0.021270752
0.00910949707
-0.0289459229
-0.141693115
-0.223220825
-0.00338745117
0.203201294
-0.134490967
0.250946045
-0.15461731
0.2474823
0.262664795
-0.156997681
0.214904785
-0.164657593
0.169219971
0.25982666
0.26651001
0.382873535
-0.0111083984
0.0319366455
0.206604004
-0.0398254395
-0.0466308594
-0.0687561035
0.090927124
0.062210083
-0.00511169434
0.0669708252
-0.00540161133
-0.0480957031
-0.0438690186
-0.027557373
-0.0439147949
-0.061126709
-0.281402588
-0.302185059
0.0699920654
-0.156402588
-0.215744019
0.198791504
-0.270812988
-0.170898438
0.0532989502
0.249832153
-0.211914062
0.305557251
0.0910949707
-0.309890747
-0.190032959
-0.20085144
0.0621337891
0.0274505615
0.0835266113
0.0720672607
0.0398712158
-0.0436096191
0.0102996826
-0.0735626221
0.0751800537
0.0127105713
0.0614624023
-0.0941162109
0.0505523682
0.0529785156
-0.0771636963
-0.0182800293
-0.146270752
0.0326690674
0.166290283
-0.216506958
0.0102233887
0.216415405
0.235427856
0.173141479
0.225753784
-0.231124878
0.114532471
-0.201461792
-0.23991394
0.0721435547
0.00985717773
0.178070068
