0.0100402832
0.0188293457
0.00453186035
-0.0297851562
-0.0386810303
0.0961151123
-0.0612335205
0.0358581543
0.0172729492
-0.00634765625
0.0410003662
0.0503540039
-0.0346374512
-0.00561523438
-0.00337219238
-0.0108642578
0.121856689
-0.129379272
-0.0785675049
0.156784058
-0.0989685059
-0.118148804
0.114562988
-0.155670166
-0.143539429
-0.00202941895
0.101715088
-0.0864562988
-0.0638885498
0.158279419
-0.0762176514
-0.0443267822
0.0832824707
0.144561768
-0.0575714111
-0.0894317627
0.121200562
0.0218048096
0.00891113281
-0.0440063477
0.0527038574
0.0624847412
0.0185394287
-0.00508117676
0.0321960449
0.0331573486
-0.0161895752
-0.0370635986
0.0107727051
-0.0316619873
-0.0908355713
0.033416748
-0.0196228027
0.0183563232
0.0541534424
-0.0062713623
0.0370330811
0.0365600586
0.0173492432
0.0261535645
-0.0640869141
0.0465240479
0.0410766602
-0.0013885498
-0.00503540039
-0.0475311279
0.00231933594
0.0563354492
-0.0527954102
-0.00756835938
0.000701904297
-0.024597168
0.0347442627
-0.0130462646
-0.0547027588
-0.0374298096
0.00526428223
0.0264587402
0.0011138916
-0.0472564697
-0.0180206299
-0.0550384521
-0.0480041504
0.0482177734
0.00730895996
0.00733947754
0.0325775146
0.0489044189
0.0391540527
-0.0658111572
0.0677337646
-0.0166473389
0.0679168701
-0.0483856201
0.036315918
0.0194854736
0.05078125
-0.00622558594
0.0576324463
-0.0257415771
-0.029083252
0.0203704834
-0.00730895996
-0.0062713623
-0.000610351562
-0.0373687744
0.124816895
-0.0663909912
0.0636444092
0.0456848145
-0.10508728
0.00318908691
-0.0217132568
-0.060333252
0.0603942871
0.0241851807
-0.00381469727
-0.0260314941
-0.0498046875
0.00183105469
0.0299835205
0.0490722656
-0.0777587891
0.0479431152
0.0214080811
-0.0578155518
-0.0648651123
-0.0548095703
-0.167312622
0.110107422
-0.00517272949
-0.0897064209
-0.131759644
-0.0907287598
0.172897339
0.150924683
-0.138717651
-0.164001465
-0.0569610596
0.141860962
-0.144729614
-0.0618438721
-0.0631866455
0.0892181396
0.0144958496
0.167861938
0.032119751
-0.0491027832
-0.136779785
0.0649261475
0.053314209
0.00903320312
0.0292816162
-0.0337982178
-0.00584411621
-0.0480499268
-0.0498199463
0.0933074951
-0.0819396973
0.0666809082
