0.137374878
0.145843506
-0.162399292
0.165603638
-0.250869751
-0.0257263184
0.203079224
-0.0645294189
-0.0297393799
0.24005127
-0.250015259
-0.152664185
0.21975708
0.228500366
-0.184616089
-0.160247803
-0.00605773926
0.0569763184
-0.0372467041
0.0223693848
-0.0376739502
0.0145721436
-0.0966339111
-0.025970459
-0.0157470703
0.00184631348
0.0132598877
0.0480957031
0.0716705322
0.0192871094
-0.0643920898
-0.0282440186
-0.0328216553
-0.0676116943
-0.0973052979
-0.0288391113
-0.131256104
-0.087097168
0.0538330078
0.0256347656
-0.080078125
-0.0215911865
-0.0603637695
0.043548584
-0.00729370117
-0.0743560791
-0.0865020752
0.0547485352
-0.120330811
0.151321411
0.295806885
-0.206588745
0.173736572
-0.271194458
-0.213653564
0.130126953
-0.198623657
-0.152023315
-0.210250854
-0.200927734
0.193862915
0.123916626
-0.1746521
0.153747559
0.028717041
-0.0104675293
0.0249786377
-0.00880432129
0.0194244385
0.0208892822
-0.0252227783
-0.0369873047
-0.0261993408
0.0256652832
0.014465332
0.0188903809
0.0170440674
-0.0239105225
-0.0112609863
-0.0260314941
-0.132705688
-0.213226318
0.0430297852
0.177383423
-0.131317139
0.265914917
-0.17779541
0.215576172
0.280776978
-0.141815186
0.179382324
-0.177978516
0.174575806
0.279083252
0.259002686
0.381484985
-0.00427246094
-0.00950622559
0.135879517
-0.0640411377
-0.00517272949
-0.0315093994
0.0404052734
0.0194854736
-0.00799560547
0.0432434082
0.0224151611
-0.0430145264
-0.0631408691
0.0136108398
-0.0200958252
-0.0151519775
-0.263061523
-0.277252197
0.0473480225
-0.138717651
-0.193756104
0.186935425
-0.241531372
-0.15083313
0.0438079834
0.222259521
-0.190505981
0.280639648
0.0746459961
-0.284301758
-0.182373047
-0.178573608
0.126251221
-0.0169372559
0.0978088379
0.0589904785
0.0921630859
-0.0402374268
0.0582580566
-0.1509552
0.134552002
-0.0327453613
0.0075378418
-0.177597046
0.00234985352
0.122055054
-0.157958984
-0.0767364502
-0.14465332
0.0463409424
0.147720337
-0.21043396
0.0089263916
0.200485229
0.23008728
0.150848389
0.205230713
-0.220031738
0.125411987
-0.178894043
-0.231216431
0.080871582
0.00807189941
0.155395508
