0.157333374
0.157348633
-0.145477295
0.206726074
-0.217025757
0.0121307373
0.217636108
-0.0634918213
-0.0839538574
0.281036377
-0.270248413
-0.166000366
0.224609375
0.229644775
-0.193939209
-0.168762207
0.00588989258
0.0368041992
-0.014175415
0.0296325684
-0.0371398926
0.0101470947
-0.0843353271
-0.0387268066
-0.019241333
0.00482177734
0.00347900391
0.0881195068
0.0700683594
0.027557373
-0.0438232422
-0.0334014893
0.0717315674
-0.0104980469
-0.00619506836
-0.00166320801
-0.0863342285
0.0312194824
-0.0493927002
-0.0239868164
0.0200805664
0.0493164062
0.000274658203
0.0109100342
0.0170135498
-0.00820922852
-0.0370788574
-0.0422210693
-0.0670776367
0.175704956
0.328094482
-0.238815308
0.128540039
-0.260284424
-0.203475952
0.100662231
-0.162918091
-0.174255371
-0.198471069
-0.201599121
0.183197021
0.120544434
-0.15763855
0.150909424
0.0489044189
0.0016784668
0.0359039307
-0.00582885742
0.0440673828
0.0352020264
-0.0398101807
-0.0475463867
-0.0308990479
0.0305328369
0.0295562744
0.0547943115
-0.00469970703
-0.0570831299
0.000244140625
-0.0285797119
-0.139389038
-0.253509521
0.00588989258
0.201019287
-0.163818359
0.264083862
-0.167694092
0.268249512
0.267028809
-0.157043457
0.235610962
-0.178649902
0.184280396
0.24987793
0.267623901
0.393707275
-0.0374755859
0.0593719482
0.188598633
-0.0360412598
-0.0545043945
-0.107254028
0.109115601
0.0936279297
-1.52587891e-05
0.125030518
-0.0528411865
-0.0999298096
-0.0380706787
-0.0598297119
0.0047454834
-0.0973358154
-0.247955322
-0.267883301
0.0301055908
-0.135223389
-0.175430298
0.168792725
-0.232635498
-0.143234253
0.0405731201
0.229812622
-0.210968018
0.277236938
0.0476837158
-0.275588989
-0.16104126
-0.198043823
0.00772094727
0.0699005127
0.0615081787
0.00325012207
-0.0378723145
-0.0385131836
0.0357666016
-0.0187530518
0.0161895752
-0.0302886963
0.0180664062
-0.0475921631
0.0342712402
0.028137207
-0.101867676
0.0306549072
-0.0759735107
0.0372619629
0.116195679
-0.121185303
-0.0110778809
0.16607666
0.138290405
0.122238159
0.16065979
-0.137878418
0.0655975342
-0.148544312
-0.144790649
0.022277832
0.0461273193
0.131988525
