0.149383545
0.145446777
-0.133346558
0.210464478
-0.242218018
0.0422668457
0.207855225
-0.0464019775
-0.0705566406
0.278518677
-0.253799438
-0.185699463
0.229019165
0.231964111
-0.193862915
-0.17276001
-0.029876709
0.0700836182
0.000930786133
-0.0148620605
-0.0454406738
0.0383300781
-0.0784454346
0.00634765625
0.0222473145
0.00144958496
0.00805664062
0.0913696289
0.0857696533
-0.0175018311
-0.0586090088
-0.0276641846
0.00224304199
-0.0644836426
-0.0742034912
-0.049407959
-0.188369751
-0.0530090332
0.0340423584
0.0356903076
-0.0717315674
-0.00993347168
-0.053604126
0.0186920166
-0.0339508057
-0.077041626
-0.0742645264
0.0273284912
-0.079788208
0.158432007
0.316696167
-0.215881348
0.111083984
-0.253585815
-0.198059082
0.0976409912
-0.174758911
-0.158447266
-0.186843872
-0.168716431
0.186141968
0.0995025635
-0.133453369
0.0917510986
0.0173492432
-0.00715637207
0.0177001953
-0.0086517334
0.0143127441
0.015625
-0.0206756592
-0.0266723633
-0.0132141113
0.0113983154
0.020111084
0.0179443359
-0.00872802734
-0.0195617676
0.00402832031
-0.0189971924
-0.134567261
-0.243484497
0.000854492188
0.216934204
-0.151672363
0.238250732
-0.12310791
0.266052246
0.244949341
-0.178115845
0.208633423
-0.165161133
0.177658081
0.243911743
0.243041992
0.368682861
-0.00280761719
0.0411224365
0.225326538
-0.0592498779
-0.0500488281
-0.0732421875
0.076171875
0.0647735596
0.0171051025
0.100280762
0.0148010254
-0.0665435791
-0.0268249512
-0.0169525146
-0.0710754395
-0.0617980957
-0.276062012
-0.304077148
0.080657959
-0.147598267
-0.218719482
0.192184448
-0.274902344
-0.181411743
0.0539398193
0.259338379
-0.19229126
0.310089111
0.102249146
-0.30821228
-0.198928833
-0.206283569
0.157043457
-0.000915527344
0.164993286
0.158355713
0.118988037
0.0422363281
-0.123153687
-0.162643433
0.155853271
0.166305542
0.189987183
-0.187026978
0.163330078
0.0836029053
-0.0782012939
-0.0524291992
-0.172973633
0.0606842041
0.175582886
-0.23034668
0.0493774414
0.213180542
0.24772644
0.174468994
0.216339111
-0.232192993
0.13848877
-0.199935913
-0.244064331
0.0625305176
-0.00109863281
0.177749634
