-32768
-32768
-32768
-32768
-32768
32768
32768
32768
-32768
-32768
32768
-32768
-32768
-32768
32768
32768
0
0
0
0
0
0
0
0
0
0
0
0
0
0
0
0
-32768
18496.7617
32768
-32768
32768
-32768
32768
-32768
-32768
-32768
-32768
-32768
-32768
-32768
32768
32768
32768
-32768
32768
32768
-32768
-32768
-32768
-32768
-32768
-32768
-32768
-14957.4004
-32768
-32768
32768
-32768
32768
-32768
-32768
-32768
-32768
32768
32768
-32768
32768
-32768
-32768
-32768
32768
32768
-32768
-32768
32768
-32768
-32768
-32768
-32768
-32768
-32768
32768
-32768
-32768
-32768
-32768
-32768
32768
-32768
32768
-32768
32768
-32768
32768
-32768
-32768
-32768
-32768
-32768
32768
-32768
-32768
-32768
-32768
32768
-32768
-32768
-32768
32768
-32768
32768
-32768
-32768
-32768
32768
-32768
-32768
-32768
-32768
-32768
-32768
-32768
0
0
0
0
0
0
0
0
0
0
0
0
0
0
0
0
32768
-32768
-32768
-32768
32768
-32768
-32768
-32768
-32768
-32768
32768
-32768
32768
-32768
-32768
-32768
