0.143783569
0.12840271
-0.135818481
0.190170288
-0.237060547
0.0048828125
0.195587158
-0.0417480469
-0.0621185303
0.253433228
-0.247192383
-0.151168823
0.215072632
0.234527588
-0.197799683
-0.145706177
-0.0185852051
0.0565032959
-0.00430297852
-0.00703430176
-0.0394439697
0.0277099609
-0.0794219971
0.000839233398
0.0131072998
0.00260925293
0.00317382812
0.0726623535
0.0757446289
-0.00910949707
-0.0585174561
-0.0265808105
-0.0074005127
-0.0487213135
-0.0799407959
-0.00811767578
-0.132415771
-0.0673522949
0.0422973633
-0.0180664062
-0.0722961426
-0.0196533203
-0.0265808105
-0.00608825684
0.014831543
-0.0571289062
-0.0394439697
0.0416259766
-0.0865631104
0.179428101
0.325439453
-0.251358032
0.162216187
-0.275177002
-0.215393066
0.107040405
-0.185180664
-0.166931152
-0.191986084
-0.225769043
0.196914673
0.127487183
-0.169387817
0.152481079
0.0980224609
0.0370635986
0.0852203369
-0.0354309082
0.0783843994
0.0773620605
-0.100509644
-0.104232788
-0.0929107666
0.0734710693
0.0636749268
0.114715576
-0.0124511719
-0.112197876
0.0196228027
0.0055847168
-0.140884399
-0.236557007
0.0148773193
0.201705933
-0.150894165
0.254348755
-0.157623291
0.248504639
0.269165039
-0.146118164
0.220855713
-0.1693573
0.175354004
0.250320435
0.265457153
0.386581421
-0.0265808105
0.00999450684
0.158721924
-0.041595459
-0.0364685059
-0.042755127
0.0818328857
0.0648345947
-0.0438842773
0.066192627
-0.0133361816
-0.0579986572
-0.0579223633
-0.0101013184
-0.00270080566
-0.0422973633
-0.228805542
-0.24407959
0.0226898193
-0.117263794
-0.153289795
0.156341553
-0.20451355
-0.113586426
0.0431976318
0.194961548
-0.194976807
0.238494873
0.0302886963
-0.245819092
-0.145507812
-0.168884277
0.0684814453
0.0267028809
0.0985870361
0.0142364502
0.0280761719
-0.0418243408
0.0561523438
-0.0821685791
0.0722808838
-0.0253448486
0.0265350342
-0.103622437
0.0302276611
0.0638275146
-0.116531372
-0.0200042725
-0.0955657959
0.0391387939
0.112976074
-0.149108887
-0.0172576904
0.155532837
0.169372559
0.10697937
0.156707764
-0.161087036
0.0785064697
-0.13458252
-0.169326782
0.0515441895
0.0119781494
0.119491577
