0.159454346
0.173034668
-0.159881592
0.191604614
-0.238769531
0.0317382812
0.212310791
-0.0745697021
-0.073638916
0.254562378
-0.27885437
-0.146743774
0.225509644
0.239318848
-0.195892334
-0.185668945
-0.0849151611
0.12538147
0.0447998047
-0.0846252441
-0.0337982178
0.0932617188
-0.0949707031
0.0738677979
0.0937347412
0.0106964111
-0.00637817383
0.124588013
0.118881226
-0.0924377441
-0.0715179443
-0.0152435303
-0.0310516357
-0.0934143066
-0.0780487061
-0.0342407227
-0.167007446
-0.0962677002
0.0570831299
0.0129852295
-0.104751587
-0.0474395752
-0.0598144531
0.00180053711
-0.0129547119
-0.0975646973
-0.0763549805
0.0623779297
-0.0592956543
0.140823364
0.271347046
-0.173431396
0.0888519287
-0.234268188
-0.174636841
0.0871276855
-0.141479492
-0.12008667
-0.162155151
-0.177627563
0.13494873
0.0952453613
-0.117355347
0.110549927
0.0169372559
-0.00746154785
0.0156402588
-0.0302581787
0.0124664307
0.015045166
-0.0101013184
-0.0187988281
-0.0110778809
0.0196075439
0.0242462158
0.00857543945
0.0205078125
-0.0182952881
-0.000503540039
-0.0314178467
-0.128540039
-0.244934082
0.0119934082
0.190994263
-0.137939453
0.251220703
-0.160491943
0.257385254
0.269180298
-0.171600342
0.203384399
-0.18170166
0.158493042
0.256958008
0.249786377
0.359481812
-0.0319366455
0.0303192139
0.173553467
-0.0419006348
-0.0488891602
-0.0643310547
0.0888366699
0.0739440918
-0.00495910645
0.0894165039
-0.0322875977
-0.0500640869
-0.0388336182
-0.0390777588
-0.0379486084
-0.0514068604
-0.232727051
-0.247741699
0.0700683594
-0.135192871
-0.175811768
0.161880493
-0.22996521
-0.137512207
0.0137481689
0.214065552
-0.155654907
0.243988037
0.0777130127
-0.25869751
-0.179870605
-0.188735962
0.137039185
0.00234985352
0.123138428
0.0809783936
0.100128174
0.00126647949
-0.045211792
-0.158660889
0.154937744
0.0429840088
0.0814361572
-0.185958862
0.0844268799
0.116851807
-0.122955322
-0.0688171387
-0.0688018799
0.0560760498
0.147247314
-0.147079468
0.00192260742
0.200759888
0.16973877
0.14855957
0.193115234
-0.175354004
0.021987915
-0.174957275
-0.180541992
0.0374298096
0.0209655762
0.158737183
