0
0
0
0
0
0
0
0
0
0
0
0
0
0
0
0
32768
-32768
32768
-32768
32768
32768
-32768
-32768
-32768
-32768
-32768
-32768
-32768
32768
32768
-32768
-32768
-32768
-16711.6172
-32768
32768
-32768
-32768
-32768
-32768
-32768
-32768
-32768
-32768
32768
-32768
-32768
0
0
0
0
0
0
0
0
0
0
0
0
0
0
0
0
-32768
-32768
-32768
-32768
-32768
-32768
-32768
-32768
-32768
-32768
32768
-32768
32768
-32768
-32768
-32768
32768
32768
32768
-32768
32768
-32768
32768
-32768
-32768
-32768
-32768
32768
32768
-32768
-32768
-32768
32768
-32768
-32768
-32768
-32768
32768
32768
-32768
32768
-32768
-32768
-32768
-32768
32768
-32768
-32768
0
0
0
0
0
0
0
0
0
0
0
0
0
0
0
0
-32768
-32768
-32768
-32768
-32768
-32768
-32768
-32768
-32768
-32768
-32768
-32768
-32768
-32768
-32768
-32768
0
0
0
0
0
0
0
0
0
0
0
0
0
0
0
0
