0.148147583
0.156478882
-0.126968384
0.192459106
-0.201431274
0.00674438477
0.207321167
-0.0480194092
-0.0503540039
0.260253906
-0.270446777
-0.154510498
0.211624146
0.245697021
-0.143218994
-0.173690796
-0.01171875
0.0886383057
-0.0326538086
0.017074585
-0.0635223389
0.0244445801
-0.113174438
-0.026184082
-0.0100860596
0.0323486328
-0.0442047119
0.112411499
0.145462036
0.0145111084
-0.0484161377
-0.0487213135
0.060256958
-0.045211792
-0.0216674805
-0.0314483643
-0.115631104
0.00563049316
-0.0325927734
-0.00280761719
0.0009765625
0.0377044678
-0.0251617432
0.0342712402
-0.0162353516
-0.0249938965
-0.0475616455
-0.0272979736
-0.158355713
0.163223267
0.346420288
-0.18661499
0.205932617
-0.274719238
-0.224456787
0.16595459
-0.207626343
-0.154968262
-0.235198975
-0.183654785
0.257080078
0.152755737
-0.164703369
0.179656982
0.0559844971
0.0178833008
0.055770874
-0.0377655029
0.0626525879
0.0434112549
-0.0460662842
-0.0770721436
-0.0440216064
0.0426940918
0.0177459717
0.0532836914
-0.0164794922
-0.0523529053
0.0213623047
-0.0228424072
-0.146682739
-0.229827881
0.0293579102
0.188659668
-0.158294678
0.277511597
-0.176849365
0.242111206
0.299560547
-0.148498535
0.218826294
-0.190048218
0.187957764
0.272201538
0.286193848
0.391906738
-0.00494384766
0.0223846436
0.205291748
-0.0386962891
-0.0333404541
-0.0626068115
0.0741424561
0.0501861572
-0.0401763916
0.0739135742
-0.00459289551
-0.0761413574
-0.0267028809
-0.0204162598
-0.0309143066
-0.0533905029
-0.26524353
-0.284393311
0.0546417236
-0.159423828
-0.2084198
0.178619385
-0.263702393
-0.148468018
0.0433502197
0.239364624
-0.212249756
0.287948608
0.0830383301
-0.298019409
-0.17137146
-0.217330933
0.053817749
0.0743560791
0.116470337
0.137832642
0.0124511719
-0.0173950195
-0.0673522949
-0.0593566895
0.0558929443
0.0735168457
0.128219604
-0.0881958008
0.138092041
0.00714111328
-0.0604248047
0.0274810791
-0.157043457
0.0577087402
0.174514771
-0.225616455
0.0282592773
0.226486206
0.239578247
0.186279297
0.231536865
-0.241119385
0.136001587
-0.214111328
-0.246612549
0.0433197021
0.0174255371
0.191986084
