0.149627686
0.148956299
-0.151931763
0.187988281
-0.230789185
-0.00381469727
0.214630127
-0.0353851318
-0.0458831787
0.284835815
-0.257278442
-0.174026489
0.223861694
0.240005493
-0.161056519
-0.162002563
0.0115356445
0.0393218994
-0.0250091553
0.0400848389
-0.0452270508
0.00492858887
-0.0935974121
-0.0473937988
-0.0338287354
-0.0207824707
0.00956726074
0.0776367188
0.0684051514
0.0373687744
-0.0570678711
-0.0551605225
0.0866088867
-0.0233764648
0.00256347656
-0.0338439941
-0.13822937
0.0310821533
-0.0704956055
0.020690918
0.0457000732
0.0525665283
-0.0131378174
0.0549468994
-0.0140686035
-0.0236816406
-0.0968017578
-0.0435028076
-0.124435425
0.160476685
0.327972412
-0.221878052
0.185546875
-0.286392212
-0.222976685
0.120803833
-0.201202393
-0.18737793
-0.238601685
-0.1927948
0.219436646
0.139221191
-0.178375244
0.179641724
0.00633239746
-0.00973510742
0.00775146484
0.0037689209
0.00573730469
0.0023651123
-0.00709533691
-0.0149841309
-0.00561523438
0.00379943848
0.00108337402
0.00428771973
0.00149536133
-0.00341796875
-0.00846862793
-0.0289916992
-0.14151001
-0.225570679
0.0701751709
0.179946899
-0.169433594
0.287918091
-0.187835693
0.22555542
0.291946411
-0.141387939
0.221252441
-0.194641113
0.17237854
0.286071777
0.288528442
0.423797607
0.0296325684
0.0112915039
0.205200195
-0.0811309814
-0.00987243652
-0.0596160889
0.0378265381
0.020401001
0.0207519531
0.0712890625
0.0428619385
-0.0805206299
-0.0375823975
0.009765625
-0.0568389893
-0.0330810547
-0.273223877
-0.296844482
0.0793609619
-0.155456543
-0.227310181
0.221130371
-0.280029297
-0.191925049
0.0550537109
0.259368896
-0.202514648
0.302474976
0.0982666016
-0.305480957
-0.202972412
-0.190673828
0.0955963135
0.0242919922
0.11378479
0.0948791504
0.0563049316
-0.0253448486
-0.0123748779
-0.108535767
0.094039917
0.0377960205
0.0745697021
-0.129699707
0.104202271
0.0752258301
-0.1197052
-0.0325622559
-0.133758545
0.0357513428
0.146911621
-0.221755981
0.0369873047
0.214797974
0.233612061
0.162399292
0.214431763
-0.228134155
0.150497437
-0.195999146
-0.242706299
0.0893096924
0.00791931152
0.173568726
