0.139068604
0.121612549
-0.118774414
0.192504883
-0.187637329
0
0.199127197
-0.0298919678
-0.0500183105
0.282028198
-0.228378296
-0.141387939
0.222793579
0.225280762
-0.170471191
-0.142150879
-0.054397583
0.119934082
-0.00370788574
-0.0416107178
-0.0571899414
0.0590515137
-0.0877990723
0.0298156738
0.0504150391
0.0269775391
-0.0315093994
0.109710693
0.14982605
-0.0450286865
-0.0573272705
-0.031539917
0.00981140137
-0.033706665
-0.0584716797
-0.0280456543
-0.118301392
-0.03565979
-0.00338745117
-0.0227661133
-0.0460968018
-0.0179443359
-0.0116424561
-0.0133972168
0.00961303711
-0.0498046875
-0.0554351807
0.0254058838
-0.0460968018
0.102523804
0.221588135
-0.143585205
0.0665588379
-0.232589722
-0.128509521
0.0366363525
-0.126098633
-0.105056763
-0.148452759
-0.120483398
0.138198853
0.031463623
-0.0971679688
0.0501098633
0.0645446777
0.00726318359
0.0539703369
-0.0218963623
0.0470123291
0.0557861328
-0.0483093262
-0.0548706055
-0.0603027344
0.0645446777
0.00747680664
0.0701141357
-0.0238189697
-0.0624237061
-0.00547790527
-0.0353393555
-0.14251709
-0.254440308
0.025680542
0.218841553
-0.17098999
0.261657715
-0.153137207
0.267364502
0.261917114
-0.169189453
0.226211548
-0.176803589
0.184692383
0.259368896
0.262039185
0.390670776
-0.0498199463
0.03855896
0.128051758
-0.0345916748
-0.0559234619
-0.09715271
0.124679565
0.113143921
-0.0294342041
0.0950927734
-0.0675506592
-0.0859375
-0.0395507812
-0.0688323975
0.0233306885
-0.0906982422
-0.266372681
-0.311309814
0.0953826904
-0.14704895
-0.218780518
0.178161621
-0.281082153
-0.165390015
0.0546112061
0.257232666
-0.16859436
0.303482056
0.10383606
-0.306640625
-0.201278687
-0.218826294
0.128356934
-0.036605835
0.0762786865
-0.0481414795
0.0859832764
-0.0601959229
0.0571746826
-0.121627808
0.120574951
-0.0819244385
-0.0087890625
-0.1431427
0.0189819336
0.0860595703
-0.143569946
-0.072555542
-0.121520996
0.036026001
0.162887573
-0.200317383
0.0235595703
0.210586548
0.216049194
0.16444397
0.212417603
-0.213531494
0.079574585
-0.189834595
-0.222061157
0.00997924805
0.0378417969
0.173995972
