0.0120239258
0.049697876
-0.0242004395
0.0316314697
-0.0326080322
0.111068726
0.0050201416
-0.00784301758
0.00286865234
0.0498046875
-0.0227966309
-0.026260376
0.0604095459
0.0328979492
-0.0724029541
-0.0725860596
0.224319458
-0.237869263
-0.14553833
0.281036377
-0.0544281006
-0.206222534
0.128173828
-0.274368286
-0.280059814
-0.0114746094
0.0827941895
-0.137298584
-0.146118164
0.291503906
-0.020111084
-0.0537567139
0.142303467
0.149353027
-0.0194396973
-0.102966309
0.027130127
0.0701599121
-0.0368804932
0.0597229004
0.134780884
0.133209229
0.0143890381
0.0591583252
-0.041885376
-0.0277099609
-0.0827941895
-0.0793609619
0.0305633545
-0.0127563477
-0.12588501
0.0246734619
0.00212097168
0.0034942627
0.0930480957
-0.0140838623
0.0542297363
0.0352172852
0.0357971191
0.00346374512
-0.0970916748
0.109710693
0.0865325928
0.0404205322
-0.077835083
-0.147384644
-0.0595092773
0.0854797363
-0.167175293
-0.0709075928
0.0695648193
0.0406494141
0.110839844
-0.0686340332
-0.0741729736
-0.134536743
0.0499267578
0.116821289
-0.0294952393
-0.159317017
-0.0545196533
-0.117797852
-0.0579071045
0.101150513
-0.0784606934
0.108932495
-0.0359802246
0.139266968
0.0994873047
-0.171096802
0.139526367
-0.0768127441
0.123046875
0.0140075684
0.114532471
0.171295166
0.0096282959
0.0235900879
-0.0169067383
0.0166778564
-0.021697998
-0.0235443115
0.0254821777
0.0195159912
0.0215148926
-0.0265960693
0.013168335
0.0124053955
0.0417327881
-0.0224304199
-0.0184326172
-0.0311126709
-0.0605926514
-0.0941162109
0.0695343018
0.0132446289
-0.0631866455
0.0455932617
-0.0908050537
-0.0472106934
0.0177154541
0.0900268555
-0.116775513
0.0684356689
0.0278778076
-0.0874481201
-0.0486907959
-0.0989837646
-0.142166138
0.0856628418
-0.0707550049
-0.0378723145
-0.125991821
-0.0901489258
0.209274292
0.116012573
-0.126495361
-0.235076904
-0.115783691
0.126754761
-0.150497437
-0.0570678711
-0.100036621
0.0681304932
-0.0637054443
0.159729004
0.037612915
-0.0738677979
-0.139160156
0.0277099609
0.0789337158
0.00665283203
0.00765991211
-0.0277557373
0.0530090332
-0.0239562988
-0.0450134277
0.1065979
-0.0780029297
0.043548584
