-32768
32768
-32768
32768
-32768
32768
-32768
32768
-32768
-32768
-32768
-32768
-32768
-32768
-32768
-32768
32768
-32768
-32768
-32768
-32768
32768
-32768
32768
-32768
-32768
-32768
-32768
-32768
32768
32768
32768
-32768
-32768
-32768
-32768
-32768
-32768
32768
-32768
-32768
-32768
-32768
-32768
32768
-32768
32768
-32768
32768
-32768
-32768
-32768
-32768
-32768
-32768
-32768
-32768
-32768
-32768
-32768
-32768
-32768
-32768
-32768
-32768
-32768
-32768
32768
-32768
-32768
-32768
-32768
32768
32768
-32768
-32768
32768
-32768
-32768
-32768
-32768
-32768
-32768
-32768
32768
-32768
32768
-32768
-32768
-32768
-32768
-20097.0508
-32768
-32768
-32768
-32768
-32768
-32768
-32768
-32768
-32768
-32768
-32768
-32768
32768
-32768
-32768
-32768
-32768
32768
32768
-32768
32768
-32768
-32768
-32768
-32768
32768
-32768
-32768
-32768
-32768
-32768
-32768
-32768
-32768
-32768
32768
-32768
-32768
-32768
-32768
-32768
-32768
-32768
-32768
-32768
-32768
-32768
32768
-32768
-32768
-32768
-32768
0
0
0
0
0
0
0
0
0
0
0
0
0
0
0
0
