0.00854492188
0.0108642578
-4.57763672e-05
-0.00633239746
-0.00968933105
0.0240631104
-0.0149993896
0.0289459229
0.0104522705
0.0153961182
0.018951416
0.000640869141
-0.00210571289
-0.00497436523
-0.00296020508
-0.00807189941
0.103134155
-0.118179321
-0.0336151123
0.128356934
-0.0751342773
-0.0906982422
0.0610961914
-0.124542236
-0.120056152
-0.00805664062
0.132171631
-0.034866333
-0.094619751
0.128479004
-0.0624237061
-0.0106964111
0.0855102539
0.108184814
-0.0165405273
-0.0883483887
0.0569915771
0.0297393799
0.00299072266
-0.00318908691
0.0696411133
0.0724639893
0.0238342285
0.00500488281
-0.0240020752
-0.0396118164
-0.045135498
-0.053894043
-0.00993347168
-0.00679016113
-0.078338623
0.0263366699
0.00938415527
0.000625610352
0.0515594482
-0.0140991211
0.0280456543
0.0348510742
0.0218505859
0.00907897949
-0.0263519287
0.0595550537
0.0238037109
0.0093536377
-0.0378875732
-0.102645874
-0.0373840332
0.087890625
-0.117401123
-0.014755249
0.0410461426
0.0290985107
0.0403900146
-0.0191955566
-0.0764465332
-0.0853881836
0.0123138428
0.0461730957
0.0251617432
-0.0865325928
-0.0250396729
-0.0862121582
-0.0334625244
0.0548858643
-0.0729217529
0.0670776367
0.00262451172
0.0791625977
0.0723724365
-0.116241455
0.0688018799
-0.0621948242
0.127746582
-0.0327453613
0.0552062988
0.0775756836
0.0281982422
-0.0175170898
0.0604248047
-0.0353393555
0.000839233398
0.0109100342
-0.00643920898
-0.0163574219
0.0208587646
-0.0744934082
0.098739624
-0.0330047607
0.0540008545
0.0203552246
-0.0630645752
-0.00122070312
-0.0758514404
-0.128616333
0.0511016846
0.0131225586
-0.0849914551
0.0295562744
-0.112991333
-0.0434570312
0.0522460938
0.0975189209
-0.145355225
0.11076355
0.046295166
-0.12727356
-0.0473632812
-0.0864868164
-0.0911407471
0.0291595459
-0.0814819336
-0.140930176
-0.0672302246
-0.168899536
0.221679688
0.0950012207
-0.0899810791
-0.180526733
-0.0948638916
0.10786438
-0.183029175
-0.0177764893
-0.114761353
0.0542297363
-0.163787842
0.15612793
0.142654419
-0.206359863
-0.109420776
0.159881592
0.213439941
0.128372192
0.142150879
-0.183425903
0.126327515
-0.147979736
-0.190841675
0.146514893
-0.100021362
0.150665283
