0.130386353
0.159286499
-0.153274536
0.1925354
-0.236755371
0.0404052734
0.203170776
-0.0953216553
-0.0608825684
0.256027222
-0.27696228
-0.182006836
0.227661133
0.230239868
-0.195526123
-0.183303833
-0.0899658203
0.149185181
0.0143432617
-0.0796813965
-0.0740814209
0.0923614502
-0.105484009
0.0643005371
0.0903930664
0.0247497559
0.0216827393
0.125793457
0.147216797
-0.0862731934
-0.0936737061
-0.0191192627
-0.0225524902
-0.0471038818
-0.0972747803
-0.024810791
-0.139816284
-0.0727233887
0.0540466309
0.00846862793
-0.0768737793
-0.0288848877
-0.0377044678
0.0182342529
-0.0187683105
-0.0547485352
-0.0674743652
0.0550384521
-0.0882720947
0.151702881
0.310333252
-0.227218628
0.15586853
-0.270980835
-0.215576172
0.11026001
-0.189193726
-0.159591675
-0.201843262
-0.190353394
0.193954468
0.122177124
-0.148452759
0.139251709
0.0479125977
0.0327301025
0.039932251
-0.0269317627
0.0605163574
0.039276123
-0.0227661133
-0.0451507568
-0.0328674316
0.054977417
0.0414733887
0.0455627441
0.00137329102
-0.047454834
-0.00338745117
-0.0325622559
-0.141189575
-0.227340698
0.0426177979
0.190002441
-0.159957886
0.266876221
-0.163650513
0.240783691
0.275146484
-0.153427124
0.208755493
-0.190338135
0.167160034
0.273605347
0.268249512
0.394287109
0.0142822266
-0.0131072998
0.186965942
-0.0978088379
0.0069732666
-0.0253753662
0.021194458
0.00398254395
0.0143737793
0.0569610596
0.040725708
-0.0600128174
-0.0623626709
0.0245056152
-0.058380127
-0.00256347656
-0.245346069
-0.259460449
0.0493011475
-0.142807007
-0.190139771
0.179031372
-0.242340088
-0.14793396
0.0318603516
0.220153809
-0.182830811
0.261138916
0.0744628906
-0.271484375
-0.167434692
-0.182922363
0.0941467285
0.036315918
0.118515015
0.0934448242
0.0563049316
-0.0209960938
-0.020324707
-0.115585327
0.107635498
0.0454406738
0.0719909668
-0.142242432
0.0789337158
0.100646973
-0.137512207
-0.0337982178
-0.081237793
0.0276794434
0.146636963
-0.150939941
0.0214233398
0.200012207
0.166702271
0.152496338
0.192260742
-0.170944214
0.0520324707
-0.176376343
-0.178543091
0.0453186035
0.0445556641
0.159393311
