0.121627808
0.110717773
-0.13343811
0.176635742
-0.203887939
-0.043762207
0.195648193
-0.0573120117
-0.0633239746
0.290374756
-0.241287231
-0.181900024
0.213592529
0.221054077
-0.185760498
-0.124145508
-0.00152587891
0.0431213379
-0.00660705566
0.010345459
-0.0469818115
0.0176849365
-0.0785217285
-0.0189361572
-0.00559997559
-0.0153503418
0.00473022461
0.0754547119
0.0626525879
0.00880432129
-0.0493469238
-0.0279846191
0.0389099121
-0.0514678955
-0.0417022705
-0.0396881104
-0.160232544
-0.0132446289
-0.0167388916
-0.00296020508
-0.0337524414
0.00775146484
-0.00825500488
0.00149536133
-0.0248413086
-0.0256347656
-0.0540771484
-0.005859375
-0.122894287
0.187179565
0.34614563
-0.229385376
0.179473877
-0.298416138
-0.223327637
0.134597778
-0.2109375
-0.179656982
-0.232559204
-0.20916748
0.236221313
0.16569519
-0.167282104
0.168991089
0.0882720947
0.020690918
0.0714263916
0.00341796875
0.0911407471
0.069732666
-0.062789917
-0.0963897705
-0.0719604492
0.0725250244
0.00190734863
0.0935668945
-0.0361785889
-0.091003418
0.00674438477
-0.0423736572
-0.137298584
-0.228805542
0.0680847168
0.197296143
-0.177337646
0.249649048
-0.159194946
0.229400635
0.253356934
-0.141311646
0.222808838
-0.186096191
0.15272522
0.285400391
0.255187988
0.398651123
-0.0282897949
0.00576782227
0.143951416
-0.0619812012
-0.029006958
-0.0634765625
0.0932617188
0.0757446289
-0.0467224121
0.0732421875
-0.0087890625
-0.0899810791
-0.0541534424
-0.0148468018
-0.00617980957
-0.0599060059
-0.286071777
-0.306045532
0.075088501
-0.16065979
-0.224624634
0.185119629
-0.279647827
-0.16796875
0.0303497314
0.251907349
-0.191116333
0.316665649
0.110488892
-0.320022583
-0.191452026
-0.200363159
0.137054443
-0.0185089111
0.0531616211
0.0297393799
0.0905609131
-0.0890045166
0.0369110107
-0.146057129
0.146102905
-0.0295562744
0.0673217773
-0.172637939
0.0553283691
0.0862884521
-0.112686157
-0.061920166
-0.204544067
0.0840606689
0.17086792
-0.249526978
0.0363311768
0.203887939
0.254684448
0.172271729
0.207305908
-0.22543335
0.176620483
-0.192230225
-0.244262695
0.103881836
-0.0182189941
0.169036865
