0.128204346
0.133178711
-0.135971069
0.182128906
-0.203933716
-0.0250244141
0.195343018
-0.0660095215
-0.0616912842
0.250762939
-0.261383057
-0.172302246
0.211120605
0.227401733
-0.18548584
-0.148849487
-0.0227050781
0.0827331543
-0.00720214844
-0.0026550293
-0.0558624268
0.0328216553
-0.0965423584
-0.0071105957
0.0148010254
0.00146484375
0.0016784668
0.106658936
0.123123169
-0.00926208496
-0.0866088867
-0.0553131104
0.0212860107
-0.026763916
-0.0437011719
-0.0523223877
-0.115081787
-0.0212860107
0.00177001953
-0.00534057617
-0.0365447998
0.00581359863
-0.014175415
-0.00509643555
0.00590515137
-0.0329742432
-0.0454711914
0.0051574707
-0.063369751
0.133590698
0.286911011
-0.224105835
0.127182007
-0.253326416
-0.194656372
0.0707244873
-0.165161133
-0.154678345
-0.187469482
-0.194671631
0.170211792
0.0877075195
-0.122406006
0.131225586
0.0193634033
-0.00636291504
0.0135345459
0.00498962402
0.0150299072
0.0118103027
-0.0127563477
-0.0231781006
-0.00762939453
0.0138702393
0.000396728516
0.0162506104
0.000579833984
-0.0203857422
-0.0120391846
-0.0320281982
-0.147247314
-0.229934692
0.0466003418
0.18586731
-0.166717529
0.269821167
-0.183380127
0.238296509
0.281585693
-0.133972168
0.212936401
-0.196762085
0.163909912
0.284957886
0.275161743
0.397079468
0.0279846191
0.000457763672
0.248519897
-0.0986480713
-0.0244293213
-0.0422210693
0.0392303467
0.0296478271
0.0363769531
0.0851287842
0.0354003906
-0.101608276
-0.0167236328
0.00846862793
-0.0890655518
-0.021987915
-0.248092651
-0.249450684
0.0593566895
-0.13949585
-0.165634155
0.194900513
-0.230163574
-0.131988525
0.0494537354
0.204574585
-0.180145264
0.251693726
0.0637817383
-0.264175415
-0.163742065
-0.184417725
0.0295410156
0.047454834
0.0675354004
0.0250549316
0.00161743164
-0.0396728516
0.0303039551
-0.0409545898
0.0410308838
-0.0284423828
0.0256652832
-0.0666351318
0.0141906738
0.0460357666
-0.10218811
0.00436401367
-0.079788208
0.00723266602
0.145843506
-0.155029297
0.00843811035
0.208282471
0.168533325
0.164901733
0.208389282
-0.181488037
0.0445709229
-0.184280396
-0.186035156
0.0331726074
0.0630187988
0.161254883
