0.150360107
0.144332886
-0.108795166
0.199356079
-0.205200195
0.00682067871
0.206497192
-0.0498657227
-0.0553894043
0.262832642
-0.252075195
-0.182327271
0.198348999
0.225189209
-0.184616089
-0.158233643
-0.0210571289
0.0802307129
-0.00384521484
0.000122070312
-0.0720367432
0.0364990234
-0.0976715088
-0.0135192871
0.00762939453
0.0181274414
0.0147094727
0.124465942
0.110977173
-0.00308227539
-0.0575256348
-0.0356445312
0.0510406494
-0.0218811035
-0.00811767578
-0.00637817383
-0.0983734131
0.00440979004
-0.0395355225
-0.0113220215
-0.0037689209
0.0128631592
-0.00556945801
0.0062713623
0.00451660156
-0.0162506104
-0.0305023193
-0.01171875
-0.126678467
0.179336548
0.341522217
-0.232772827
0.196533203
-0.27734375
-0.233261108
0.163528442
-0.21307373
-0.185180664
-0.255996704
-0.171966553
0.234451294
0.187652588
-0.202774048
0.215957642
0.0617218018
-0.0148162842
0.0575256348
-0.037612915
0.0328369141
0.0601196289
-0.053894043
-0.0624389648
-0.0568084717
0.06199646
0.0354919434
0.0505981445
0.0117340088
-0.0546417236
-0.00791931152
-0.0401916504
-0.148910522
-0.215499878
0.0667724609
0.164703369
-0.163589478
0.2706604
-0.18989563
0.22895813
0.274658203
-0.138656616
0.206741333
-0.197570801
0.144256592
0.28352356
0.274291992
0.388549805
-0.0222625732
0.0680541992
0.216079712
-0.0259246826
-0.0643920898
-0.113082886
0.126434326
0.101608276
-0.00527954102
0.119033813
-0.0352020264
-0.112594604
-0.0404205322
-0.05418396
-0.036026001
-0.105773926
-0.249771118
-0.275161743
0.0548400879
-0.155853271
-0.191070557
0.184494019
-0.251480103
-0.157119751
0.0390319824
0.242141724
-0.215621948
0.28125
0.0641174316
-0.283248901
-0.181274414
-0.192886353
0.202774048
-0.0498809814
0.112243652
0.0939941406
0.150680542
-0.0314025879
0.00736999512
-0.213150024
0.204803467
-0.00032043457
0.0676116943
-0.246307373
0.0918273926
0.142730713
-0.1590271
-0.115783691
-0.155914307
0.0543060303
0.158508301
-0.223495483
0.0373077393
0.202301025
0.237518311
0.16343689
0.209945679
-0.22706604
0.14050293
-0.189208984
-0.236877441
0.0852661133
-0.000549316406
0.164001465
