0.0270385742
0.0422210693
-0.00143432617
-0.00434875488
-0.0289459229
0.0798034668
-0.0428619385
0.0538635254
-0.0116729736
0.0151672363
0.00944519043
0.0269927979
-0.0149841309
0.00756835938
0.0170135498
-0.0326843262
0.12538147
-0.135574341
-0.0715332031
0.158752441
-0.0522460938
-0.113769531
0.0672912598
-0.149032593
-0.149612427
-0.00993347168
0.128875732
-0.0865936279
-0.107879639
0.157363892
-0.0476379395
-0.0207977295
0.0990600586
0.19140625
-0.0282592773
-0.0904083252
0.124588013
0.0561523438
-0.0158691406
0.0013885498
0.092010498
0.0872039795
0.0285797119
0.0349121094
-0.00234985352
0.00849914551
0.00770568848
-0.0562438965
-0.017364502
-0.00312805176
-0.0554351807
-0.0205688477
0.0321807861
-0.0156860352
0.026763916
0.0128173828
0.00393676758
0.00128173828
-0.00700378418
-0.0257415771
-0.029876709
0.106262207
0.0336608887
0.055847168
-0.00476074219
-0.0670776367
0.00988769531
0.068145752
-0.0810241699
0.00148010254
0.00698852539
-0.00842285156
0.0310211182
0.000305175781
-0.0609436035
-0.0493011475
0.0399932861
0.0316467285
-0.00715637207
-0.0688781738
-0.00184631348
-0.0580444336
-0.0403747559
0.0153961182
0.0132293701
0.0425262451
-0.00566101074
0.0438537598
0.0456237793
-0.0757293701
0.0431060791
-0.0421142578
0.0765686035
-0.0599212646
0.039932251
0.0238647461
0.0294952393
-0.0476531982
0.0491333008
-0.0422515869
0.0278625488
0.0357208252
-0.0459442139
-0.0454406738
-0.000137329102
-0.0827941895
0.114456177
-0.0241699219
0.0413208008
0.0615234375
-0.0116424561
0.036315918
-0.0350646973
-0.0395050049
-0.000946044922
0.0694580078
-0.024810791
-0.0252075195
-0.0157165527
-0.0052947998
0.0188751221
0.0308837891
-0.111175537
0.0263366699
0.0182495117
-0.0354614258
0.00628662109
-0.0632629395
-0.125930786
0.0381317139
-0.0419006348
-0.0863189697
-0.0616912842
-0.109268188
0.221221924
0.100097656
-0.0797271729
-0.208587646
-0.0674133301
0.117950439
-0.212173462
-0.0125427246
-0.0954437256
0.0309448242
-0.085647583
0.185195923
0.0743560791
-0.133605957
-0.188446045
0.098526001
0.142959595
0.0437316895
0.0640563965
-0.101547241
0.0633087158
-0.0873565674
-0.118408203
0.14704895
-0.109405518
0.11138916
