-0.00364685059
0.0228271484
-0.00442504883
0.00190734863
0.00762939453
0.0552215576
-0.00289916992
0.0292205811
0.0332794189
0.0222473145
0.014465332
0.0486297607
0.0227355957
0.016708374
-0.0428466797
-0.0256958008
0.173553467
-0.196899414
-0.0552520752
0.200469971
-0.0415802002
-0.154464722
0.0693359375
-0.194885254
-0.192520142
0.00762939453
0.109237671
-0.0334777832
-0.128997803
0.203765869
-0.0343933105
-0.00984191895
0.0991210938
0.175613403
-0.0195007324
-0.0914611816
0.109985352
0.0485229492
-0.0316619873
-0.0313262939
0.119735718
0.0745391846
0.0616455078
0.0733795166
-0.00637817383
0.0233154297
-0.0969390869
-0.0562744141
-0.00704956055
-0.0135650635
-0.0217132568
0.000381469727
-0.00439453125
0.00759887695
0.0192565918
0.0204772949
0.0147399902
0.00743103027
-0.00331115723
0.013671875
-0.0281982422
0.0260009766
0.018447876
0.0148773193
-0.0277099609
-0.0909576416
-0.0373687744
0.0296630859
-0.0652008057
-0.0222167969
0.047744751
0.0413665771
0.0582122803
-0.01121521
-0.0769500732
-0.0579681396
0.0102539062
0.0487365723
0.00593566895
-0.0935516357
-0.00114440918
-0.021194458
-0.0219268799
0.00325012207
-0.0365905762
0.0258483887
-0.00332641602
0.0188293457
0.0192108154
-0.028427124
0.0270690918
-0.00559997559
0.0404663086
-0.025177002
0.00749206543
0.0516967773
0.0463867188
0.0797271729
0.0516204834
0.0581054688
-0.0880737305
-0.0559844971
0.0604553223
0.0712585449
0.0123291016
-0.0171508789
0.029083252
0.00833129883
0.133529663
-0.0534820557
-0.115783691
-0.0591125488
-0.0787353516
-0.116333008
0.0737762451
-0.0384216309
-0.0437164307
-0.00263977051
-0.0841064453
-0.00308227539
-0.0288085938
0.0765991211
-0.176361084
0.08984375
0.0368652344
-0.113113403
-0.115280151
-0.101654053
-0.0735015869
0.0183105469
-0.0164489746
0.0287780762
-0.0167388916
-0.049331665
0.1015625
0.0746154785
-0.0610656738
-0.0840301514
-0.0052947998
0.0934143066
-0.0822601318
-0.0433044434
-0.0289154053
0.0237121582
-0.14855957
0.182159424
0.137619019
-0.24230957
-0.0666351318
0.171585083
0.253234863
0.121566772
0.163192749
-0.216903687
0.144073486
-0.160217285
-0.234970093
0.140014648
-0.109710693
0.168502808
