0.153549194
0.142242432
-0.139221191
0.217544556
-0.247085571
0.0229187012
0.216415405
-0.055770874
-0.0947570801
0.274597168
-0.247756958
-0.174713135
0.224761963
0.229995728
-0.174865723
-0.156448364
-0.0243377686
0.0556182861
-0.000122070312
-0.0128936768
-0.0350799561
0.0334777832
-0.0659332275
0.00646972656
0.0182647705
0.00134277344
-0.00114440918
0.07762146
0.0656433105
-0.0143280029
-0.0428466797
-0.0279846191
0.0310821533
-0.0178833008
-0.0145263672
-0.00791931152
-0.084777832
-0.00430297852
-0.00885009766
-0.0146789551
-0.0221862793
0.00534057617
-0.000885009766
0.0044708252
0.00309753418
-0.0235290527
-0.0293731689
-0.00746154785
0.0263366699
0.0986480713
0.19833374
-0.159881592
0.0129241943
-0.181228638
-0.123474121
-0.0101165771
-0.0713500977
-0.0767669678
-0.0859375
-0.112228394
0.0975646973
0.00692749023
-0.0764312744
0.0289459229
0.0515594482
0.0210113525
0.041885376
-0.0027923584
0.03515625
0.0345916748
-0.0412139893
-0.0508728027
-0.0385437012
0.0412445068
0.0307312012
0.0599060059
0.0152587891
-0.0584564209
-0.0284118652
-0.048034668
-0.144241333
-0.234176636
0.0475616455
0.186645508
-0.162475586
0.269256592
-0.168670654
0.26260376
0.270843506
-0.144958496
0.21836853
-0.181091309
0.154571533
0.264785767
0.272415161
0.394958496
-0.0313110352
0.0330657959
0.173675537
-0.0435943604
-0.0457458496
-0.0762176514
0.0744476318
0.0654602051
0.0131530762
0.092880249
-0.0132141113
-0.0282745361
-0.0181884766
-0.026550293
-0.021697998
-0.0546722412
-0.256195068
-0.278152466
0.0594329834
-0.147140503
-0.198074341
0.205200195
-0.255462646
-0.157226562
0.0600585938
0.230957031
-0.215560913
0.285751343
0.0568084717
-0.297393799
-0.176086426
-0.207550049
0.0618896484
0.0262298584
0.0657958984
0.0374755859
0.0339660645
-0.0129089355
-0.0169830322
-0.0725860596
0.0637207031
0.0322570801
0.05809021
-0.0801544189
0.0665130615
0.0589599609
-0.0981445312
-0.0136871338
-0.0200958252
0.0457611084
0.102813721
-0.0876464844
-0.00531005859
0.163162231
0.110366821
0.101165771
0.150619507
-0.121047974
0.00424194336
-0.137924194
-0.125198364
0.00907897949
0.0350341797
0.12298584
