0.171340942
0.160751343
-0.141433716
0.202331543
-0.215545654
0.0279541016
0.198196411
-0.0336761475
-0.0725708008
0.265167236
-0.258773804
-0.129333496
0.225891113
0.244796753
-0.187255859
-0.18208313
-0.0701141357
0.12437439
0.0176849365
-0.069152832
-0.0845184326
0.0735931396
-0.0737609863
0.054397583
0.0832824707
0.0443878174
-0.0202941895
0.122192383
0.174072266
-0.0762176514
-0.0972290039
-0.0242004395
-0.00210571289
-0.0386657715
-0.065032959
-0.00582885742
-0.12802124
-0.0411376953
0.0384521484
-0.00770568848
-0.0858459473
-0.00169372559
-0.0330200195
-0.0298461914
0.0136108398
-0.0244598389
-0.0546264648
0.013961792
0.028427124
0.128967285
0.197799683
-0.211669922
0.0332641602
-0.193206787
-0.148223877
0.0220947266
-0.0906982422
-0.0842437744
-0.0908966064
-0.16569519
0.102828979
0.0637512207
-0.0824127197
0.03956604
0.153289795
0.0422821045
0.131332397
-0.0280456543
0.106307983
0.130767822
-0.13293457
-0.146347046
-0.135528564
0.13848877
0.0404968262
0.165527344
-0.04296875
-0.142181396
0.00553894043
-0.00735473633
-0.156326294
-0.25378418
-0.00720214844
0.213150024
-0.155807495
0.268981934
-0.160430908
0.276824951
0.272842407
-0.156448364
0.238998413
-0.17010498
0.194229126
0.227905273
0.273269653
0.40637207
-0.0244903564
0.0323181152
0.160751343
-0.0361785889
-0.0442657471
-0.0921630859
0.103744507
0.0832214355
-0.0289916992
0.0795898438
-0.0306091309
-0.0976409912
-0.0292053223
-0.0508575439
0.0277709961
-0.077545166
-0.179763794
-0.183898926
0.0365753174
-0.0972900391
-0.0979309082
0.131530762
-0.160858154
-0.0597686768
0.0381317139
0.123840332
-0.171844482
0.189163208
0.0087890625
-0.215148926
-0.130874634
-0.153244019
0.036315918
0.0319061279
0.0426635742
-0.00738525391
0.00543212891
-0.0391693115
0.0473480225
-0.0511627197
0.0523529053
-0.039855957
-0.00276184082
-0.0702667236
0.0211639404
0.0537414551
-0.078994751
-0.0110473633
-0.022064209
0.0200195312
0.0509338379
-0.0592193604
-0.0220947266
0.0921783447
0.0793609619
0.0399475098
0.0936126709
-0.0807800293
0.00790405273
-0.0707397461
-0.0824584961
0.0115966797
0.0216827393
0.0580596924
