0.151260376
0.132278442
-0.131454468
0.202606201
-0.246139526
-0.00601196289
0.211334229
-0.0349121094
-0.062713623
0.276123047
-0.248443604
-0.175765991
0.212356567
0.229400635
-0.189407349
-0.146575928
-0.0104675293
0.0531921387
-0.0065612793
0.00360107422
-0.0605926514
0.0237884521
-0.083694458
-0.0110473633
0.00283813477
0.00450134277
0.01171875
0.0930480957
0.0778656006
0.00149536133
-0.0499725342
-0.0373382568
-0.0449981689
-0.0756225586
-0.137802124
-0.0301971436
-0.168518066
-0.0926361084
0.0876922607
-0.0412597656
-0.116043091
-0.0510101318
-0.0422515869
-0.0318756104
0.0206756592
-0.0464477539
-0.014755249
0.075668335
-0.0938720703
0.164779663
0.313751221
-0.245025635
0.150787354
-0.272583008
-0.221847534
0.0985412598
-0.189651489
-0.167373657
-0.207046509
-0.199905396
0.206390381
0.133071899
-0.150482178
0.138778687
0.0276489258
0.0105895996
0.021484375
-0.0369873047
0.0479278564
0.0205993652
-0.0230712891
-0.0486755371
-0.0279846191
0.020324707
0.0376739502
0.027633667
-0.024597168
-0.0286102295
0.0164489746
-0.0265808105
-0.13331604
-0.216079712
0.0190582275
0.194274902
-0.161071777
0.263961792
-0.16003418
0.235031128
0.27305603
-0.140914917
0.208755493
-0.166381836
0.168212891
0.284683228
0.27192688
0.406143188
-0.0354766846
-0.000961303711
0.179779053
-0.0845336914
0.00759887695
-0.0530853271
0.041885376
0.0180664062
-0.00527954102
0.0698547363
0.0154876709
-0.0925140381
-0.055770874
-0.00300598145
-0.027557373
-0.0273132324
-0.242477417
-0.260467529
0.0366210938
-0.12840271
-0.175186157
0.174942017
-0.222229004
-0.152816772
0.0506439209
0.225692749
-0.218780518
0.262054443
0.0515136719
-0.261047363
-0.153106689
-0.181015015
0.00366210938
0.064453125
0.0483551025
0.00065612793
-0.0350494385
-0.0631103516
0.0538635254
-0.0104370117
0.00978088379
-0.0564422607
0.00999450684
-0.0358886719
0.00875854492
0.0160827637
-0.102752686
0.0335083008
-0.11605835
0.00741577148
0.164047241
-0.178100586
0.0139923096
0.21963501
0.198135376
0.166931152
0.215484619
-0.202606201
0.0695800781
-0.202636719
-0.20753479
0.0303649902
0.0413208008
0.181564331
