32768
-32768
-32768
-32768
-32768
32768
32768
-32768
-32768
32768
-32768
-32768
-32768
-32768
-32768
-32768
0
0
0
0
0
0
0
0
0
0
0
0
0
0
0
0
-32768
-32768
-32768
32768
32768
-32768
-32768
-32768
-32768
-32768
-32768
-32768
32768
32768
-32768
-32768
-32768
-32768
-32768
-32768
-32768
-32768
-32768
-32768
-32768
-32768
-32768
-32768
-32768
32768
-32768
-32768
0
0
0
0
0
0
0
0
0
0
0
0
0
0
0
0
0
0
0
0
0
0
0
0
0
0
0
0
0
0
0
0
0
0
0
0
0
0
0
0
0
0
0
0
0
0
0
0
-32768
-32768
32768
-32768
-32768
32768
-32768
32768
-32768
32768
-32768
-32768
-32768
-32768
-32768
-32768
0
0
0
0
0
0
0
0
0
0
0
0
0
0
0
0
32768
-32768
-32768
-32768
-32768
-32768
-32768
-12090.3096
-32768
-32768
-32768
-32768
-32768
-32768
-32768
32768
