0.133972168
0.145874023
-0.140640259
0.188339233
-0.214202881
0.026550293
0.203384399
-0.0638427734
-0.0516662598
0.251190186
-0.237594604
-0.166824341
0.234664917
0.228225708
-0.157516479
-0.175918579
-0.00852966309
0.0608215332
-0.0202789307
0.00294494629
-0.00607299805
0.0233306885
-0.11819458
-0.00729370117
0.00119018555
-0.0171661377
-0.0396728516
0.0795288086
0.0768432617
0.00129699707
-0.0282287598
-0.0329284668
0.065322876
-0.0361633301
0.0009765625
-0.029876709
-0.159606934
0.0215454102
-0.0438232422
-0.0153503418
-0.0034942627
0.0297546387
0.00355529785
0.00894165039
0.0142669678
-0.0384063721
-0.047454834
-0.0331268311
-0.000152587891
0.104568481
0.200164795
-0.108886719
0.0446929932
-0.163665771
-0.0901794434
0.0176239014
-0.043762207
-0.0608673096
-0.0664367676
-0.123641968
0.108200073
0.0198822021
-0.0561828613
0.0260925293
0.072555542
0.0741424561
0.058807373
-0.0372467041
0.0738372803
0.0487365723
-0.054473877
-0.0752258301
-0.0403594971
0.0534057617
0.0466461182
0.0917510986
-0.018371582
-0.0868530273
0.00494384766
-0.032043457
-0.145004272
-0.237991333
0.0373840332
0.201324463
-0.168563843
0.260299683
-0.152511597
0.256195068
0.266784668
-0.159576416
0.241668701
-0.187042236
0.172103882
0.236968994
0.290557861
0.38949585
-0.0243835449
0.0123596191
0.160766602
-0.0429229736
-0.029800415
-0.0615234375
0.0762176514
0.0529785156
-0.0261535645
0.0640563965
-0.0173950195
-0.0196228027
-0.0500640869
-0.0232391357
0.0149383545
-0.0511322021
-0.280090332
-0.312179565
0.0650634766
-0.166107178
-0.229690552
0.181884766
-0.287445068
-0.158172607
0.0507507324
0.254364014
-0.184082031
0.31413269
0.0928039551
-0.320220947
-0.19140625
-0.220596313
0.0613708496
0.0548095703
0.100738525
0.130523682
0.0587158203
0.0119476318
-0.153381348
-0.0568084717
0.0832824707
0.141708374
0.19039917
-0.0715484619
0.192810059
0.0171356201
-0.0261688232
-0.0016784668
-0.157592773
0.0299987793
0.162094116
-0.223403931
0.0195159912
0.202926636
0.246582031
0.156585693
0.219009399
-0.238754272
0.126312256
-0.189804077
-0.249160767
0.0219116211
0.0250701904
0.175735474
