0.150527954
0.143157959
-0.14100647
0.190002441
-0.226104736
-0.00778198242
0.211288452
-0.0510559082
-0.0536651611
0.265411377
-0.25730896
-0.144393921
0.220046997
0.242736816
-0.189559937
-0.155395508
-0.0444030762
0.0925750732
0.0026550293
-0.0242919922
-0.0868530273
0.0503234863
-0.0749053955
0.0104522705
0.0350036621
0.0292663574
0.0254211426
0.0956115723
0.115631104
-0.0294952393
-0.0913391113
-0.0116577148
-0.0307006836
-0.0756835938
-0.0929870605
-0.0623626709
-0.17199707
-0.0904083252
0.0342559814
0.046661377
-0.0905914307
-0.0380249023
-0.0700073242
0.0416717529
-0.0185546875
-0.0834197998
-0.111679077
0.0574035645
-0.0561828613
0.149673462
0.301727295
-0.206237793
0.123260498
-0.272125244
-0.194869995
0.0895385742
-0.164154053
-0.150314331
-0.202941895
-0.183319092
0.174987793
0.107727051
-0.134185791
0.132080078
0.11618042
0.000686645508
0.104324341
-0.00752258301
0.0388946533
0.104949951
-0.102539062
-0.116287231
-0.0970916748
0.11138916
0.00830078125
0.111190796
-0.0207977295
-0.107650757
0.00546264648
-0.0378875732
-0.139816284
-0.230926514
0.0267944336
0.183563232
-0.169799805
0.264389038
-0.18107605
0.233657837
0.27507019
-0.143112183
0.201400757
-0.197784424
0.166061401
0.280731201
0.264694214
0.38760376
0.0224304199
0.0215911865
0.224105835
-0.0873565674
-0.025894165
-0.0702972412
0.0566864014
0.0332946777
0.0334625244
0.0910339355
0.0409851074
-0.0801696777
-0.0355987549
-0.0018157959
-0.0871582031
-0.0417480469
-0.258758545
-0.28553772
0.0739593506
-0.149597168
-0.210708618
0.18586731
-0.27230835
-0.157211304
0.0316772461
0.238861084
-0.189712524
0.286605835
0.0909423828
-0.299133301
-0.184310913
-0.194534302
0.141479492
0.00340270996
0.17855835
0.111526489
0.102508545
0.0125427246
-0.0288696289
-0.148605347
0.15687561
0.063659668
0.11541748
-0.186859131
0.0927429199
0.116241455
-0.125015259
-0.0638427734
-0.0887298584
0.0312957764
0.120788574
-0.161727905
0.0321044922
0.1743927
0.175643921
0.131591797
0.17678833
-0.170150757
0.0888824463
-0.152587891
-0.184829712
0.0646820068
0.0161743164
0.132385254
