-0.00915527344
-0.0101318359
0.0306854248
-0.0232543945
0.00032043457
0.0158843994
-0.0298614502
0.0549316406
0.0509033203
0.0119628906
0.0670471191
0.0277862549
-0.0343322754
-0.0277252197
-0.0117034912
0.0226287842
0.156188965
-0.151733398
-0.112075806
0.188796997
-0.085723877
-0.147216797
0.134918213
-0.18371582
-0.176620483
-0.00508117676
0.0771942139
-0.108947754
-0.0715789795
0.1847229
-0.107849121
-0.0447998047
0.0933074951
0.162643433
-0.0222473145
-0.12121582
0.0902709961
0.0428466797
-0.0120849609
0.0508575439
0.0717315674
0.100906372
-0.0030670166
0.0793914795
-0.0302276611
-0.0405731201
-0.0870666504
-0.0708618164
0.00575256348
0.0133361816
-0.0667419434
-0.0204315186
0.00630187988
-0.0173187256
0.0618743896
-0.0227813721
0.0268096924
0.00653076172
0.0271453857
-0.032623291
-0.0684051514
0.0919189453
0.052444458
0.00575256348
-0.0529174805
-0.0376281738
-0.0442199707
0.0277252197
-0.102371216
-0.0353088379
0.0463256836
0.0467529297
0.0734405518
-0.0343170166
-0.00347900391
-0.0760803223
0.0417785645
0.0429077148
0.000839233398
-0.0769348145
0.000991821289
-0.00630187988
-0.0540008545
0.0154876709
-0.0187988281
-0.0131378174
0.029586792
0.0211639404
-0.0171051025
-0.0557556152
0.0130462646
0.00477600098
0.023223877
-0.036315918
-0.0089263916
0.013961792
0.0733032227
0.0175323486
0.0865325928
-0.0224456787
-0.0198822021
-0.00663757324
-0.00755310059
-0.00498962402
-0.0055847168
-0.0581970215
0.088180542
-0.0787506104
0.138183594
-0.0025177002
-0.122879028
-0.0373687744
-0.0437927246
-0.0741729736
0.058303833
-0.0047454834
-0.0457611084
0.00340270996
-0.0757446289
-0.0184020996
0.00700378418
0.0694274902
-0.0765991211
0.0643005371
0.0335845947
-0.0775909424
-0.0541687012
-0.0646972656
-0.196929932
0.109649658
-0.13269043
-0.133132935
-0.163101196
-0.167633057
0.191192627
0.195129395
-0.183273315
-0.240737915
-0.0718536377
0.194732666
-0.18572998
-0.142868042
-0.0451660156
0.144775391
-0.130187988
0.280166626
0.0818939209
-0.171569824
-0.167648315
0.102096558
0.173431396
0.051651001
0.0732879639
-0.126159668
0.0745697021
-0.0859832764
-0.144699097
0.0803375244
-0.125808716
0.104614258
