0.0191650391
0.0494384766
-0.0183563232
0.0308685303
-0.0573272705
0.0928649902
0.0281982422
-0.0152740479
0.0218200684
0.0524597168
-0.0442199707
-0.0172119141
0.0600891113
0.0454559326
-0.0696563721
-0.0586853027
0.17565918
-0.187072754
-0.133453369
0.234619141
-0.108535767
-0.167907715
0.11390686
-0.228439331
-0.232650757
-0.0210723877
0.162658691
-0.151168823
-0.14881897
0.243209839
-0.0581970215
-0.0321807861
0.106765747
0.141326904
-0.0297851562
-0.0974273682
0.0977935791
0.0378112793
-0.00563049316
-0.0197601318
0.103591919
0.105819702
0.0888366699
0.0331878662
0.0234375
-0.00260925293
-0.0769958496
-0.080871582
-0.00080871582
-0.0177307129
-0.0751342773
0.00671386719
0.00883483887
-0.00276184082
0.0435180664
0.00871276855
0.0126495361
0.0293884277
0.036605835
-0.0269317627
-0.0606842041
0.0424194336
0.0465393066
-0.0034942627
-0.0163421631
-0.0406341553
-0.016494751
0.0332183838
-0.0456237793
-0.00450134277
0.0202636719
0.0343933105
0.0237579346
0.00459289551
-0.0265045166
-0.0227813721
0.012878418
0.0152130127
-0.0118560791
-0.0684967041
-0.00630187988
-0.0644378662
-0.13861084
0.0919952393
-0.0100402832
-0.014465332
0.0570526123
0.0708618164
0.0207519531
-0.152160645
0.0407714844
-0.0220489502
0.108078003
-0.0226898193
-0.0116119385
0.018737793
0.052520752
-0.018737793
0.0353546143
-0.0596618652
0.0101470947
0.0121307373
-0.0365905762
-0.0221252441
0.00997924805
-0.0711975098
0.127075195
-0.0338897705
0.135635376
0.0435180664
-0.107162476
0.01222229
0.000244140625
-0.0166473389
-0.00505065918
0.0346832275
-0.00337219238
-0.0237121582
-0.0046081543
0.00337219238
-0.00807189941
0.0082244873
-0.027633667
0.00726318359
-0.00186157227
-0.00650024414
-0.0044708252
0.00849914551
-0.299026489
0.196334839
-0.118927002
-0.108978271
-0.23815918
-0.121383667
0.133605957
0.288970947
-0.246749878
-0.15145874
-0.0199127197
0.291381836
-0.121414185
-0.126846313
-0.035446167
0.195388794
-0.0517730713
0.177398682
0.0847625732
-0.155593872
-0.131607056
0.144760132
0.140518188
0.0971221924
0.105941772
-0.117706299
0.0608978271
-0.122238159
-0.149581909
0.101272583
-0.110412598
0.152099609
