0.126937866
0.151672363
-0.160247803
0.174133301
-0.227478027
0.0106658936
0.192779541
-0.0694732666
-0.0481109619
0.218383789
-0.252120972
-0.149749756
0.237640381
0.219573975
-0.199935913
-0.183151245
-0.0543365479
0.113555908
-0.0055847168
-0.0399932861
-0.0285644531
0.064666748
-0.11177063
0.0353393555
0.0463256836
0.0369415283
-0.0402374268
0.0939331055
0.13180542
-0.0451965332
-0.0451049805
-0.0133514404
-0.00961303711
-0.0265045166
-0.0591888428
-0.00588989258
-0.0809173584
-0.0528106689
0.0255889893
-0.00387573242
-0.0670013428
-0.020904541
-0.0321502686
0.0102386475
0.00930786133
-0.0455627441
-0.0478363037
0.03465271
-0.0622406006
0.121795654
0.236999512
-0.162765503
0.0984191895
-0.237625122
-0.166030884
0.0641937256
-0.127151489
-0.106567383
-0.160293579
-0.159988403
0.149627686
0.0735778809
-0.132171631
0.0882263184
0.0822143555
0.0317840576
0.0777435303
-0.0235748291
0.071685791
0.0693969727
-0.0606231689
-0.0902404785
-0.0743103027
0.0906829834
0.0480957031
0.0715942383
0.0132293701
-0.0633392334
-0.017364502
-0.0355834961
-0.137939453
-0.227218628
0.0128936768
0.199371338
-0.118011475
0.248153687
-0.148254395
0.240356445
0.270187378
-0.153549194
0.180877686
-0.159805298
0.183959961
0.251037598
0.2449646
0.359146118
0.00308227539
0.0385131836
0.133209229
-0.0324249268
-0.0585632324
-0.0672912598
0.0966796875
0.0881500244
-0.0123901367
0.0991516113
-0.0378417969
-0.0358276367
-0.0355377197
-0.0429534912
-0.0370025635
-0.0640258789
-0.188278198
-0.176635742
0.0231018066
-0.0995635986
-0.115493774
0.110321045
-0.151626587
-0.0608062744
-0.000503540039
0.122467041
-0.142440796
0.170593262
0.042175293
-0.193664551
-0.12147522
-0.145126343
0.125488281
-0.0113525391
0.0898742676
0.026550293
0.0910949707
-0.0416717529
0.034576416
-0.144088745
0.147735596
-0.0225830078
0.0311584473
-0.173583984
0.0252838135
0.125442505
-0.1355896
-0.0748443604
-0.0617370605
0.0619354248
0.083114624
-0.104995728
-0.00532531738
0.125457764
0.122665405
0.0835418701
0.124237061
-0.120620728
0.0584259033
-0.103088379
-0.127700806
0.0490264893
-0.01171875
0.0848846436
