-0.0119781494
0.0193328857
0.0373840332
-0.00640869141
0.0233459473
0.0848846436
-0.0537414551
0.0500335693
0.0251617432
0.012512207
0.0275268555
-0.0200042725
-0.0312652588
-0.0140533447
-0.0247955322
-0.0235900879
0.1665802
-0.168960571
-0.105056763
0.209442139
-0.0545349121
-0.157272339
0.122146606
-0.203109741
-0.196792603
0.0299835205
0.116226196
-0.121383667
-0.0984344482
0.21005249
-0.0820770264
-0.00120544434
0.17628479
0.204742432
0.0243225098
-0.0886383057
0.100250244
0.106643677
-0.0671539307
0.0592803955
0.152206421
0.170196533
0.0677337646
0.0761871338
-0.0360107422
-0.0170440674
-0.122589111
-0.136062622
0.0193481445
-0.0350799561
-0.090423584
0.0089263916
0.00801086426
0.0178070068
0.0727233887
0.00425720215
0.0510864258
0.0330657959
0.0264587402
0.0286560059
-0.0587463379
0.0554656982
0.0570526123
0.00514221191
-0.0182647705
-0.118423462
-0.0117492676
0.0921325684
-0.131103516
0.00827026367
0.0255584717
0.0291900635
0.0276031494
0.0041809082
-0.111083984
-0.0631408691
0.0599060059
0.0146942139
-0.0238342285
-0.112716675
0.00628662109
-0.0989379883
-0.112319946
0.092300415
-0.0444030762
0.0374603271
0.0976104736
0.115432739
0.0476531982
-0.102722168
0.0911102295
-0.0182037354
0.131759644
-0.104827881
0.0607452393
0.0644226074
0.0427246094
0.00834655762
0.00909423828
-0.00802612305
-0.0178527832
-0.0182342529
0.000885009766
0.00659179688
0.022064209
-0.048034668
0.0618896484
-0.0122680664
0.105056763
-0.00405883789
-0.046875
-0.020614624
-0.00132751465
-0.0176086426
0.02684021
0.0398101807
-0.00225830078
-0.0179595947
-0.00926208496
-0.00788879395
0.00750732422
0.0174560547
-0.0567321777
0.011138916
0.00979614258
-0.0155181885
-0.0132141113
-0.00637817383
-0.181716919
0.114685059
-0.0807037354
-0.0993499756
-0.158081055
-0.12852478
0.178390503
0.163619995
-0.162017822
-0.179763794
-0.0436248779
0.168121338
-0.118835449
-0.123168945
-0.0214080811
0.129211426
-0.136077881
0.230316162
0.121154785
-0.206039429
-0.161819458
0.1431427
0.203857422
0.102172852
0.109359741
-0.153869629
0.102386475
-0.132614136
-0.178756714
0.138580322
-0.124191284
0.154174805
