0.15776062
0.148803711
-0.157028198
0.19140625
-0.241256714
-0.0124053955
0.213638306
-0.0501098633
-0.0740356445
0.286483765
-0.260147095
-0.175857544
0.219497681
0.229537964
-0.179824829
-0.154281616
0.00561523438
0.0567779541
-0.0335235596
0.0374298096
-0.0547637939
0.00877380371
-0.0995025635
-0.0451965332
-0.0287017822
-0.000625610352
-0.00175476074
0.0802764893
0.0971679688
0.0334014893
-0.0682373047
-0.0512084961
0.0446624756
-0.0251617432
-0.0311279297
-0.0360107422
-0.136489868
-0.0112915039
-0.0117797852
0.00105285645
-0.0106658936
0.01953125
-0.0250244141
0.0376586914
-0.00756835938
-0.0390930176
-0.0806427002
-0.00682067871
-0.0732879639
0.153823853
0.308807373
-0.204940796
0.120758057
-0.290176392
-0.20274353
0.0935211182
-0.18069458
-0.162490845
-0.225692749
-0.180969238
0.185073853
0.115661621
-0.158294678
0.157974243
0.0111999512
-0.00508117676
0.0123443604
-0.00326538086
0.00996398926
0.00680541992
-0.0111541748
-0.0191040039
-0.010055542
0.00918579102
0.00221252441
0.0133514404
-0.00823974609
-0.0102233887
-0.00106811523
-0.0255889893
-0.139770508
-0.245132446
0.0346984863
0.184524536
-0.160995483
0.280929565
-0.187545776
0.254943848
0.279067993
-0.164840698
0.219528198
-0.177078247
0.174133301
0.259185791
0.27432251
0.404220581
-0.0302276611
-0.0044708252
0.189483643
-0.0768737793
-0.000686645508
-0.0609283447
0.0506896973
0.0211181641
-0.000228881836
0.0430908203
0.0267486572
-0.0880432129
-0.060546875
0.0048828125
-0.00453186035
-0.0278930664
-0.280990601
-0.318695068
0.0912475586
-0.151062012
-0.231216431
0.21875
-0.290313721
-0.198684692
0.0611114502
0.271224976
-0.206802368
0.321304321
0.104049683
-0.320709229
-0.213912964
-0.20098877
0.116226196
-0.00570678711
0.111740112
-0.00828552246
0.054901123
-0.0684051514
0.123123169
-0.128967285
0.100494385
-0.0997314453
-0.0273132324
-0.146133423
0.0261230469
0.102416992
-0.192962646
-0.0531768799
-0.11050415
0.0420074463
0.144760132
-0.180206299
0.0103302002
0.20703125
0.193130493
0.161972046
0.201980591
-0.192901611
0.107833862
-0.189376831
-0.203826904
0.0656585693
0.032913208
0.167739868
