0.142837524
0.15447998
-0.144515991
0.200881958
-0.234893799
0.0174102783
0.222991943
-0.0847625732
-0.0661621094
0.291305542
-0.269699097
-0.204772949
0.217788696
0.224990845
-0.190032959
-0.165100098
-0.0113830566
0.0524139404
-0.00080871582
0.00682067871
-0.0404968262
0.0221710205
-0.0713043213
-0.0181427002
0.00346374512
-0.0022277832
0.0105895996
0.0924072266
0.0771789551
0.00262451172
-0.0711975098
-0.0285339355
0.0461425781
-0.0245361328
-0.0244598389
-0.0473022461
-0.120239258
0.0152587891
-0.0239562988
-0.00369262695
0.00736999512
0.0374145508
-0.0267028809
0.0308074951
0.00617980957
-0.0214996338
-0.0748291016
-0.0270080566
-0.0562133789
0.103729248
0.273086548
-0.164245605
0.0999450684
-0.22076416
-0.171661377
0.0783233643
-0.134231567
-0.120819092
-0.153869629
-0.154830933
0.138763428
0.0387420654
-0.0979614258
0.0840606689
0.0378723145
0.0235900879
0.0277862549
-0.00129699707
0.0532531738
0.0243835449
-0.0224304199
-0.0345611572
-0.0178833008
0.0270996094
0.0467376709
0.0443267822
-0.00617980957
-0.0366363525
0.000900268555
-0.0153198242
-0.137329102
-0.230056763
0.0390319824
0.1847229
-0.170059204
0.268341064
-0.175460815
0.23878479
0.279022217
-0.158996582
0.220413208
-0.193817139
0.163665771
0.271621704
0.282867432
0.397445679
0.0152740479
0.0399475098
0.233474731
-0.0612030029
-0.03125
-0.0874176025
0.0571289062
0.0337982178
0.0291748047
0.0833282471
0.0130310059
-0.0824127197
-0.0105895996
-0.028137207
-0.0575866699
-0.0556030273
-0.270370483
-0.299118042
0.0497589111
-0.151168823
-0.220794678
0.21875
-0.274978638
-0.167724609
0.0634155273
0.247558594
-0.206787109
0.300460815
0.0641937256
-0.308258057
-0.171829224
-0.207977295
0.0111236572
0.110839844
0.108428955
0.108551025
-0.0252990723
-0.00115966797
-0.0809936523
-0.0302734375
0.0308227539
0.0913696289
0.125091553
-0.0570526123
0.126571655
0.0222167969
-0.077545166
0.0479888916
-0.0850982666
-0.00032043457
0.162460327
-0.168411255
0.0250396729
0.226379395
0.18788147
0.161575317
0.223327637
-0.202896118
0.0432434082
-0.202270508
-0.205184937
0.00883483887
0.0648498535
0.183273315
