0.141403198
0.149765015
-0.14666748
0.198806763
-0.255462646
0.0215911865
0.209228516
-0.0780181885
-0.0709991455
0.251846313
-0.25138855
-0.164978027
0.223342896
0.217590332
-0.199584961
-0.168655396
-0.0448303223
0.0940246582
-0.00784301758
-0.0262145996
-0.0379638672
0.0542907715
-0.10760498
0.0185699463
0.0312957764
-0.0027923584
0.00827026367
0.0849914551
0.0897216797
-0.029083252
-0.0444641113
-0.0404663086
0.0369873047
-0.0128936768
-0.0347137451
-0.0076751709
-0.107208252
-0.0153045654
-0.00718688965
0.0189056396
-0.0129394531
0.0184783936
-0.0210723877
0.0426025391
-0.0108032227
-0.0336456299
-0.0700836182
0.00193786621
-0.121490479
0.180099487
0.33215332
-0.259887695
0.206207275
-0.290985107
-0.247573853
0.139770508
-0.226013184
-0.193954468
-0.224655151
-0.215484619
0.208023071
0.162277222
-0.195449829
0.168716431
0.0256195068
0.011932373
0.0250244141
-0.0184936523
0.0263671875
0.0190124512
-0.0200805664
-0.0356292725
-0.0250244141
0.0274505615
0.0382995605
0.0227661133
0.00311279297
-0.0206298828
0.00663757324
-0.0232543945
-0.139312744
-0.207092285
0.0509643555
0.187484741
-0.158416748
0.248199463
-0.145874023
0.226150513
0.266448975
-0.136672974
0.181396484
-0.16027832
0.157577515
0.298706055
0.24559021
0.379882812
0.00123596191
-0.00785827637
0.193557739
-0.108459473
0.013961792
-0.0352630615
0.00646972656
-0.00790405273
0.0308990479
0.0752258301
0.0612335205
-0.0767974854
-0.0518035889
0.033782959
-0.0701599121
0.00465393066
-0.201034546
-0.197525024
0.0159301758
-0.126678467
-0.131820679
0.138046265
-0.173583984
-0.114028931
0.0232543945
0.175323486
-0.16809082
0.200576782
0.041595459
-0.202209473
-0.127243042
-0.14112854
0.0122375488
0.105819702
0.155395508
0.10760498
-0.0316314697
-0.00291442871
-0.0428161621
-0.027130127
0.0194396973
0.0585479736
0.108108521
-0.0632324219
0.0979003906
0.024887085
-0.114089966
0.0512695312
-0.0739440918
0.0412902832
0.148239136
-0.164276123
0.0137634277
0.219284058
0.183395386
0.154449463
0.21081543
-0.192871094
0.0536499023
-0.188262939
-0.198883057
0.0551147461
0.0325775146
0.165512085
