0.0133819580
-0.0095977783
0.0095977783
0.0095977783
-0.0056304932
0.0311889648
-0.0028991699
-0.0110321045
-0.0167541504
0.0097656250
0.0009765625
0.0138549805
0.0071868896
0.0335998535
-0.0052642822
0.0045166016
0.0004577637
0.0040283203
-0.0001068115
-0.0012512207
0.0010986328
0.0012054443
-0.0121002197
0.0020446777
0.0019989014
0.0027008057
-0.0084075928
0.0057525635
0.0081634521
-0.0024566650
-0.0000915527
0.0054779053
0.0025024414
-0.0092926025
0.0004882812
-0.0121917725
-0.0137634277
-0.0034027100
0.0006256104
-0.0034790039
0.0002593994
0.0076904297
0.0083465576
-0.0089569092
0.0130157471
-0.0162811279
-0.0004882812
-0.0051727295
-0.0123138428
-0.0067749023
-0.0040130615
0.0032196045
-0.0072784424
0.0075836182
0.0030822754
-0.0002899170
-0.0009002686
-0.0025024414
-0.0005645752
-0.0153198242
-0.0078582764
-0.0161132812
-0.0062866211
-0.0027465820
0.0044250488
-0.0054626465
0.0000457764
0.0082550049
-0.0238800049
0.0023651123
-0.0000457764
0.0029296875
-0.0017395020
0.0096282959
-0.0103454590
-0.0017395020
0.0164031982
-0.0040588379
-0.0012664795
-0.0233764648
-0.1624450684
-0.0945892334
0.0304107666
0.1545562744
-0.2109527588
0.2607269287
-0.2224578857
0.0773925781
0.2917785645
-0.2164001465
0.1824798584
-0.1297607422
0.2424316406
0.2564544678
0.2884826660
0.4314880371
0.0042114258
-0.0111236572
-0.0003662109
-0.0003204346
0.0053253174
0.0276336670
-0.0120086670
-0.0101776123
0.0069732666
-0.0027008057
-0.0303039551
-0.0121002197
0.0029449463
-0.0023651123
-0.0286712646
0.0137023926
0.0025787354
-0.0096130371
-0.0040893555
-0.0062713623
-0.0052795410
-0.0083923340
-0.0061492920
0.0092468262
-0.0062103271
0.0009155273
0.0078582764
-0.0041198730
-0.0094299316
0.0018463135
-0.0041046143
0.0023803711
-0.0495758057
0.0111694336
0.0232696533
0.0463104248
-0.0122985840
0.0163116455
-0.0418701172
0.0910949707
-0.0763244629
0.0705718994
0.0829467773
0.1060333252
0.0196533203
-0.0708465576
0.0549621582
0.0592956543
-0.0006866455
0.0026550293
0.0033721924
-0.0057678223
0.0031127930
0.0097198486
0.0015716553
0.0230255127
0.0208892822
-0.0126495361
0.0138549805
-0.0117645264
-0.0151062012
0.0028686523
0.0012207031
0.0101470947
