-0.0025024414
0.0052642822
-0.0181274414
-0.0052642822
-0.0282440186
0.0104064941
0.0014801025
-0.0000762939
-0.0130157471
-0.0050659180
-0.0025634766
0.0179443359
0.0025329590
-0.0124053955
0.0109100342
-0.0006103516
-0.3281707764
0.3306884766
0.1281890869
-0.3465728760
-0.0003814697
0.2748107910
-0.0302886963
0.3389587402
0.3664703369
0.1113739014
0.0552673340
0.0655059814
0.2287902832
-0.3633270264
-0.0757446289
-0.0130462646
0.0068359375
-0.0100555420
-0.0038146973
-0.0020599365
-0.0100708008
0.0038604736
0.0016326904
0.0023651123
0.0137481689
0.0092620850
0.0104064941
-0.0068511963
0.0019989014
0.0009918213
-0.0078735352
-0.0065765381
0.0038452148
-0.0022583008
0.0081329346
-0.0095062256
0.0120086670
0.0053405762
-0.0022125244
0.0050354004
-0.0077667236
-0.0063171387
0.0046691895
0.0161743164
0.0021820068
-0.0046539307
-0.0037384033
-0.0079803467
0.0019378662
0.0003814697
0.0004272461
0.0035858154
-0.0068664551
0.0032806396
-0.0017242432
-0.0139007568
0.0041809082
-0.0063171387
-0.0040283203
-0.0072326660
0.0139465332
-0.0118865967
-0.0027770996
0.0010223389
0.0031890869
0.0003204346
-0.0020294189
0.0004577637
0.0076599121
-0.0032958984
0.0059356689
0.0001831055
0.0006713867
0.0007019043
-0.0031433105
-0.0010681152
-0.0057983398
-0.0011596680
0.0028228760
-0.0135955811
0.0040130615
0.0024871826
0.0165557861
-0.0036621094
-0.0032043457
-0.0021362305
0.0002746582
0.0016021729
0.0098724365
0.0009155273
0.0065307617
-0.0068054199
0.0048370361
-0.0024108887
-0.0165252686
-0.0012969971
-0.0037536621
0.0001678467
-0.0044250488
0.0055084229
-0.0042114258
0.0079956055
0.0009155273
-0.0029449463
-0.0096435547
0.0011291504
-0.0017547607
-0.0024108887
0.0003814697
0.0003509521
0.0053253174
-0.0064239502
-0.0039520264
0.0017089844
0.0063018799
-0.0044555664
-0.0011138916
0.0008850098
0.0023040771
0.0014190674
0.0008697510
-0.0122680664
-0.0039062500
0.0006561279
-0.0030975342
-0.0016326904
-0.0002288818
-0.0017852783
-0.0088958740
-0.0037689209
-0.0000305176
-0.0010681152
-0.0009002686
-0.0005187988
0.0028381348
-0.0001068115
0.0054931641
-0.0038146973
-0.0025024414
0.0018920898
-0.0027313232
-0.0092315674
0.0023345947
-0.0030975342
