0.0030364990
0.0101623535
-0.0252227783
0.0032653809
-0.0290679932
0.0095367432
0.0110015869
-0.0071716309
-0.0202331543
0.0060882568
-0.0045166016
0.0137176514
0.0119934082
-0.0085906982
0.0062713623
-0.0055694580
-0.3207397461
0.3311462402
0.1316833496
-0.3462677002
-0.0171661377
0.2772827148
-0.0796051025
0.3357849121
0.3657073975
0.0833435059
0.0600128174
0.1136779785
0.2301940918
-0.3625030518
-0.0617065430
-0.0449981689
-0.0010223389
-0.0105285645
-0.0089569092
-0.0036163330
-0.0058441162
0.0017089844
0.0056610107
-0.0102691650
0.0068054199
0.0003509521
0.0129852295
-0.0153350830
0.0067901611
0.0060577393
0.0026397705
-0.0009002686
0.0009155273
-0.0040893555
0.0020446777
-0.0115661621
0.0055389404
0.0018768311
-0.0063171387
-0.0018768311
-0.0102081299
-0.0117340088
-0.0010681152
0.0113830566
-0.0027923584
-0.0031280518
-0.0020904541
-0.0104217529
0.0062408447
0.0135498047
0.0040435791
0.0096130371
-0.0072326660
0.0035858154
-0.0010375977
-0.0199584961
0.0038299561
-0.0005340576
-0.0033111572
-0.0036163330
0.0107727051
-0.0107727051
-0.0034484863
-0.0066833496
-0.0007019043
0.0023193359
-0.0002136230
-0.0028839111
0.0058135986
-0.0047302246
0.0059814453
0.0023651123
-0.0016479492
-0.0010375977
-0.0069274902
-0.0013732910
-0.0049743652
-0.0043640137
-0.0023803711
-0.0222167969
-0.0001983643
0.0027465820
0.0103302002
-0.0050354004
0.0004119873
-0.0070495605
-0.0006561279
0.0008392334
0.0090789795
0.0025787354
0.0083923340
-0.0010833740
0.0031890869
-0.0016174316
-0.0148162842
0.0010833740
-0.0015106201
-0.0047454834
0.0024414062
0.0078125000
-0.0003967285
0.0098419189
-0.0030975342
0.0006713867
-0.0047454834
0.0012664795
-0.0035095215
0.0011444092
-0.0037231445
-0.0028228760
0.0025329590
-0.0074615479
0.0000152588
0.0007476807
0.0024871826
0.0019378662
0.0013275146
-0.0024108887
-0.0006713867
-0.0020751953
0.0020294189
-0.0079650879
-0.0025329590
-0.0022430420
0.0050048828
-0.0049133301
0.0057678223
-0.0015869141
-0.0045776367
-0.0071716309
-0.0016021729
0.0006866455
0.0010528564
-0.0014038086
0.0032196045
-0.0045471191
0.0041351318
-0.0043182373
-0.0056304932
0.0037231445
-0.0017547607
-0.0123901367
0.0081024170
-0.0049438477
