0.0075531006
0.0122985840
-0.0224456787
-0.0001068115
-0.0287933350
0.0108947754
0.0099029541
-0.0083618164
-0.0236358643
0.0032043457
-0.0050811768
0.0154113770
0.0044708252
-0.0162963867
0.0166168213
-0.0038299561
-0.3146362305
0.3368225098
0.1213531494
-0.3437194824
-0.0340881348
0.2708129883
-0.0789794922
0.3346252441
0.3642272949
0.1038970947
0.0182647705
0.1140441895
0.2519531250
-0.3619995117
-0.0757293701
0.0076293945
0.0058746338
-0.0072631836
0.0062866211
-0.0093536377
-0.0102386475
0.0093078613
0.0023345947
-0.0005035400
0.0101623535
0.0117492676
0.0054779053
-0.0126647949
0.0098571777
-0.0052795410
-0.0078125000
-0.0118560791
0.0057525635
-0.0110015869
-0.0054473877
0.0023956299
0.0014343262
0.0066833496
-0.0054931641
0.0011901855
-0.0064086914
0.0025329590
0.0101013184
0.0100555420
-0.0129241943
-0.0106506348
0.0006256104
-0.0167541504
0.0021514893
0.0099029541
-0.0009155273
0.0131835938
-0.0054931641
0.0001373291
-0.0020904541
-0.0167541504
0.0016937256
-0.0070800781
0.0027008057
-0.0051574707
0.0072021484
-0.0113067627
-0.0023956299
-0.0061340332
-0.0009613037
0.0035400391
-0.0113830566
0.0045928955
0.0085449219
-0.0089263916
0.0158081055
0.0044250488
0.0009918213
-0.0032348633
-0.0134887695
-0.0006561279
-0.0022888184
-0.0025939941
-0.0017700195
-0.0336914062
0.0018768311
-0.0011291504
0.0062255859
-0.0013275146
-0.0028533936
0.0020141602
-0.0008850098
-0.0018768311
0.0061645508
-0.0053710938
0.0082244873
-0.0057830811
0.0084838867
0.0014343262
-0.0139312744
0.0010375977
0.0055084229
0.0019531250
-0.0005645752
0.0060424805
0.0031585693
0.0008850098
0.0015716553
0.0095367432
-0.0054321289
-0.0065765381
-0.0053253174
-0.0032653809
-0.0054473877
0.0006866455
0.0103149414
-0.0063171387
-0.0015563965
-0.0021667480
0.0059051514
-0.0052490234
0.0057678223
0.0037536621
-0.0010070801
-0.0023651123
0.0061340332
-0.0099792480
-0.0059204102
-0.0016784668
0.0017089844
-0.0001373291
0.0046081543
-0.0088958740
0.0013122559
-0.0079803467
-0.0021972656
-0.0007934570
0.0033874512
0.0023956299
0.0013885498
-0.0026397705
0.0082397461
-0.0062103271
-0.0018615723
0.0008392334
-0.0047302246
-0.0133666992
0.0052795410
-0.0016632080
