0.0019073486
0.0068511963
-0.0108032227
-0.0035400391
-0.0061492920
0.0028686523
-0.0006561279
-0.0074615479
0.0026245117
0.0019989014
-0.0035400391
-0.0002899170
0.0068511963
0.0093078613
0.0014343262
-0.0102691650
-0.0027923584
-0.0009002686
0.0034027100
-0.0074768066
0.0113677979
0.0020294189
-0.0083312988
0.0098266602
0.0086212158
-0.0054321289
-0.0053710938
-0.0041503906
-0.0056915283
-0.0073852539
0.0042114258
-0.0000305176
0.0006561279
-0.0122222900
0.0274047852
0.0043029785
-0.0130004883
-0.0031433105
-0.0101623535
0.0061340332
0.0016021729
-0.0135498047
0.0026702881
-0.0079498291
-0.0005798340
-0.0169677734
-0.0125122070
-0.0034027100
0.0010223389
-0.0045318604
-0.0051879883
-0.0297088623
-0.0003509521
0.0093994141
0.0317382812
0.0258636475
0.0050354004
-0.0074768066
-0.0122070312
0.0143585205
0.0150299072
0.0184936523
0.0116577148
0.0156097412
0.0011138916
-0.0094757080
0.0068664551
0.0047149658
0.0140686035
0.0003051758
-0.0020446777
0.0056304932
-0.0029602051
0.0021514893
-0.0186614990
0.0060424805
-0.0091705322
0.0035095215
0.0139465332
0.0121307373
-0.0003356934
0.0097503662
-0.0039062500
-0.0080566406
0.0126342773
-0.0001831055
0.0167541504
0.0095825195
-0.0051574707
-0.0045623779
-0.0131683350
0.0123138428
-0.0002593994
-0.0269622803
0.0028228760
-0.0235748291
0.0012207031
-0.0026702881
0.0158691406
0.0077667236
0.0000915527
0.0068817139
-0.0027923584
-0.0095825195
0.0033569336
-0.0168304443
-0.0005645752
-0.0029907227
-0.0009765625
0.0004119873
0.0037078857
0.0064239502
-0.0003967285
0.0054321289
-0.0013275146
-0.0030517578
-0.0012207031
0.0014801025
0.0030822754
-0.0082702637
-0.0079345703
0.0021209717
0.0040740967
0.0022277832
0.0057067871
0.0004577637
-0.0012512207
0.0037384033
-0.3995208740
0.3405456543
-0.0775909424
0.0098419189
-0.3675384521
-0.0989532471
-0.0456542969
0.3618164062
-0.3211059570
0.0185394287
0.0860290527
0.3065185547
0.0318298340
-0.2177734375
0.0607452393
0.3015899658
-0.0289154053
0.0021209717
0.0014038086
-0.0098419189
0.0010681152
-0.0015563965
0.0208129883
-0.0023040771
0.0199127197
-0.0270233154
-0.0064239502
0.0025634766
-0.0140838623
-0.0164184570
-0.0057830811
-0.0179290771
