-0.0064849854
0.0026092529
-0.0077819824
-0.0046234131
-0.0018615723
-0.0013580322
0.0020294189
-0.0079956055
0.0042724609
0.0028381348
0.0026550293
0.0001831055
-0.0009613037
-0.0124511719
0.0001525879
0.0016479492
-0.0026092529
-0.0161895752
0.0210571289
-0.0062713623
-0.0059661865
-0.0005950928
0.0260314941
0.0041198730
0.0079650879
0.0001678467
0.0222167969
0.0082244873
-0.0157470703
-0.0047607422
-0.0083770752
0.0076141357
0.0281372070
-0.0401916504
0.0212860107
-0.0236358643
-0.0441284180
0.0170898438
-0.0344238281
0.0314788818
0.0432739258
0.0130310059
-0.0377807617
0.0419769287
-0.0446319580
-0.0078125000
-0.0319824219
-0.0120086670
0.0241394043
-0.0035247803
-0.0191802979
0.0052642822
-0.0148925781
0.0205383301
0.0227508545
-0.0096130371
0.0346374512
0.0191955566
0.0157470703
-0.0015716553
-0.0001983643
-0.0016784668
0.0164489746
0.0241851807
0.0006561279
-0.0101013184
0.0028228760
-0.0201263428
-0.0020294189
0.0066528320
-0.0034332275
-0.0087127686
-0.0061798096
0.0016021729
0.0098114014
-0.0060119629
0.0042266846
0.0017700195
-0.0026092529
0.0035552979
-0.1506042480
-0.1818237305
0.1713409424
0.1007843018
-0.1656494141
0.3067779541
-0.2720642090
0.1110839844
0.2753906250
-0.0759735107
0.2483367920
-0.2801971436
0.0324249268
0.2475585938
0.3533630371
0.4156341553
-0.0183258057
-0.0028839111
0.0084228516
0.0005950928
0.0016784668
0.0002288818
-0.0006866455
-0.0041809082
0.0049133301
0.0017700195
-0.0025939941
0.0140380859
-0.0064544678
0.0004119873
0.0008239746
0.0023956299
0.0005950928
0.0056152344
0.0024414062
0.0001373291
-0.0031127930
0.0000152588
-0.0065765381
-0.0016784668
0.0017089844
0.0004119873
-0.0062408447
-0.0028686523
-0.0029907227
-0.0018920898
-0.0045776367
0.0005645752
-0.0157165527
0.0157775879
0.0038299561
-0.0074615479
-0.0160522461
0.0156860352
-0.0076293945
0.0021514893
-0.0107269287
0.0417327881
-0.0144042969
0.0056610107
0.0050811768
0.0048217773
0.0157470703
0.0003967285
0.0157775879
-0.0036468506
-0.0042419434
0.0024719238
-0.0025939941
-0.0021820068
-0.0086364746
-0.0062713623
-0.0039367676
0.0051269531
-0.0247497559
0.0064239502
0.0015258789
0.0061340332
-0.0047302246
-0.0003662109
