0.0002746582
-0.0029754639
0.0043334961
0.0033569336
-0.0130615234
0.0025939941
-0.0010375977
-0.0122070312
-0.0104064941
-0.0166778564
-0.0048675537
0.0104827881
-0.0002746582
0.0077819824
-0.0088043213
0.0032653809
-0.0024719238
0.0090026855
-0.0041809082
0.0014190674
-0.0047149658
0.0037536621
-0.0027313232
-0.0015411377
-0.0012512207
-0.0001983643
0.0012664795
0.0066833496
0.0052642822
-0.0000915527
-0.0010375977
-0.0081329346
0.0184020996
0.0165557861
0.0121765137
0.0078125000
0.0202331543
0.0114593506
-0.0037231445
-0.0016784668
0.0012359619
0.0276184082
-0.0065307617
0.0055236816
-0.0021514893
-0.0113525391
-0.0125122070
-0.0252380371
-0.2716369629
0.2001647949
0.2445220947
-0.2583618164
0.2307281494
-0.2140350342
-0.2164306641
0.1146087646
-0.1954650879
-0.2241668701
-0.2830963135
-0.1989440918
0.2497406006
0.3014526367
-0.2600708008
0.2873535156
0.0001678467
-0.0026702881
-0.0026550293
0.0229949951
-0.0036163330
-0.0010223389
0.0010070801
-0.0169525146
-0.0004577637
-0.0046997070
0.0099792480
-0.0147552490
0.0113677979
-0.0004425049
-0.0131988525
0.0018920898
0.0137786865
-0.0005950928
-0.0265350342
-0.0002593994
0.0081634521
-0.0081787109
0.0187072754
-0.0194244385
-0.0009307861
-0.0070800781
-0.0106658936
-0.0013732910
0.0036773682
-0.0287322998
0.0007019043
-0.0156860352
-0.0024719238
-0.0053710938
-0.0178985596
-0.0041809082
0.0009460449
0.0055541992
-0.0028228760
-0.0010833740
-0.0041961670
0.0070343018
0.0069427490
0.0089111328
-0.0054321289
0.0127105713
0.0091857910
0.0059051514
0.0326995850
0.0291900635
-0.0131835938
0.0444183350
0.0050659180
-0.0277099609
0.0240783691
0.0104522705
-0.0278015137
-0.0207061768
0.0180053711
-0.0378723145
-0.0067138672
0.0305938721
0.0076446533
0.0124053955
0.0136260986
-0.0135650635
-0.0057220459
-0.0084838867
0.0099487305
-0.0007781982
0.0031890869
-0.0118103027
-0.0065917969
-0.0000915527
-0.0169982910
-0.0072479248
0.0015258789
-0.0043487549
-0.0182189941
-0.0019378662
-0.0074462891
-0.0052795410
0.0003662109
-0.0142669678
-0.0075683594
-0.0017089844
0.0045166016
-0.0033111572
-0.0073089600
0.0026397705
-0.0009002686
0.0030517578
-0.0051116943
0.0032653809
-0.0080261230
0.0050048828
