0.0103149414
0.0086669922
0.0239868164
0.0077514648
0.0054931641
-0.0178222656
-0.0105590820
-0.0014038086
0.0125732422
-0.0358276367
0.0151367188
0.0160522461
0.0020141602
-0.0158691406
-0.0098876953
-0.0106201172
-0.0191040039
0.0132446289
-0.0110473633
-0.0007934570
0.0086059570
0.0010986328
0.0002441406
0.0086059570
0.0075683594
-0.0054321289
0.0065307617
-0.0068359375
0.0079345703
0.0144042969
-0.0232543945
-0.0229492188
-0.2249755859
-0.0933227539
-0.1016235352
-0.0048217773
0.0125122070
-0.1856689453
0.1522216797
-0.1018676758
-0.1279296875
-0.2274169922
-0.0787353516
-0.1109619141
0.0838012695
-0.0987548828
0.0877075195
0.2470092773
-0.0431518555
0.0883789062
0.1209106445
-0.1420288086
0.1161499023
-0.1194458008
-0.0635986328
0.1056518555
-0.1320800781
-0.1048583984
-0.0870361328
-0.1302490234
0.1230468750
0.1038208008
-0.0600585938
0.0709228516
-0.1065063477
0.0332641602
-0.1160278320
0.0155639648
0.0327148438
-0.0505371094
0.0836791992
0.1718750000
0.1150512695
-0.0773315430
0.0269775391
0.0476684570
0.0097656250
0.0330810547
0.0551147461
-0.0043334961
-0.0586547852
-0.1711425781
0.0186767578
0.1347045898
-0.1145019531
0.1800537109
-0.0715332031
0.1083984375
0.1918334961
-0.0818481445
0.1320190430
-0.1993408203
0.1806640625
0.1115112305
0.1864013672
0.1724243164
0.0031127930
0.0044555664
0.0542602539
0.0190429688
-0.0323486328
-0.0197143555
0.0013427734
-0.0079345703
0.0007934570
0.0087280273
0.0356445312
-0.0286865234
0.0635986328
-0.0068969727
-0.0474853516
-0.0362548828
-0.1569213867
-0.1744995117
0.0284423828
-0.0629882812
-0.1408691406
0.1190795898
-0.2125854492
-0.1139526367
-0.0490722656
0.1582031250
-0.0276489258
0.2047729492
0.0261230469
-0.2355957031
-0.0508422852
-0.1435546875
0.0075683594
0.0153808594
-0.0116577148
-0.0004882812
0.0256347656
-0.0175170898
-0.0114746094
0.0076293945
0.0026245117
-0.0108032227
0.0097656250
-0.0081787109
-0.0003051758
-0.0224609375
-0.0070800781
0.0117797852
0.1055908203
0.0269165039
-0.2653808594
0.2654418945
-0.0798950195
-0.3380737305
-0.2437744141
-0.2938842773
-0.3042602539
0.3071289062
0.0043945312
0.3427124023
0.3043823242
0.0850830078
-0.0103759766
-0.3321533203
