-0.2508544922
-0.3315429688
0.2440795898
-0.2803344727
0.2390747070
-0.2290039062
-0.2191162109
0.1196289062
0.1975708008
-0.1889038086
0.2798461914
0.2072143555
-0.2788085938
-0.2002563477
-0.0079345703
0.3476562500
-0.0239868164
-0.0003051758
0.0604858398
-0.0103149414
0.0156250000
0.0337524414
-0.0089721680
0.0072021484
0.0249023438
-0.0602416992
0.0247192383
0.0509643555
0.0060424805
-0.0126953125
-0.0200805664
-0.0148315430
-0.0866088867
-0.0015258789
-0.0521850586
-0.0225830078
-0.0255737305
-0.0867919922
0.1117553711
0.0212402344
-0.0957031250
-0.0392456055
-0.0078125000
-0.0319824219
0.0123291016
0.0253295898
0.0595092773
0.0603027344
-0.0448608398
0.0810546875
0.1163330078
-0.1256713867
0.1343383789
-0.0778808594
-0.0630493164
0.0598144531
-0.0893554688
-0.1075439453
-0.1095581055
-0.0854492188
0.0777587891
0.0735473633
-0.0867309570
0.1477661133
0.0304565430
0.0220336914
0.0126342773
-0.0007934570
0.0413208008
0.0136718750
0.0024414062
-0.0090332031
0.0021972656
0.0212402344
0.0059204102
0.0198974609
-0.0120849609
-0.0393676758
0.0023193359
0.0158081055
-0.0133666992
-0.0388183594
0.0535278320
0.0313110352
-0.0113525391
0.0525512695
0.0064086914
0.0509643555
0.0506591797
-0.0615844727
0.0411987305
-0.0354003906
0.0656127930
0.0290527344
0.0285644531
0.1109619141
0.0180053711
0.0158081055
0.0507812500
0.0086669922
-0.0691528320
0.0473022461
0.0258789062
0.0724487305
-0.0244140625
0.0180053711
-0.0360107422
0.0321655273
0.0117187500
-0.0335693359
-0.0244750977
0.0197753906
-0.1387329102
-0.2288818359
0.0368652344
-0.0521850586
-0.1753540039
0.1207885742
-0.2034912109
-0.1315917969
-0.0538940430
0.1603393555
-0.0978393555
0.1961059570
0.0610351562
-0.2028198242
-0.1289672852
-0.0969848633
-0.0108032227
0.0133056641
-0.0019531250
-0.0184936523
-0.0063476562
0.0155029297
-0.0109863281
0.0097656250
0.0010375977
-0.0102539062
0.0169677734
0.0000610352
0.0037231445
-0.0020751953
0.0081176758
0.0051879883
0.0697021484
0.0137329102
-0.0662841797
0.0629882812
0.0010375977
-0.0517578125
-0.0885009766
-0.0924682617
-0.0650634766
0.0910034180
0.0220947266
0.0972290039
0.0767822266
0.0287475586
-0.0128784180
-0.0259399414
