0.0016479492
0.0131225586
0.0366821289
-0.0049438477
-0.0004882812
0.0511474609
-0.0391845703
0.0029907227
0.0396118164
-0.0426635742
-0.0059814453
0.0075073242
0.0211791992
-0.0113525391
0.0018310547
-0.0335083008
0.0245971680
-0.0421752930
0.0006103516
0.0433959961
0.0634155273
0.0065307617
-0.0026855469
-0.0347900391
-0.0449829102
-0.0064697266
0.0010375977
0.0460205078
-0.0253906250
0.0343017578
-0.0194091797
-0.0418701172
-0.1802978516
-0.0707397461
-0.1065063477
0.0413818359
-0.0783081055
-0.1094360352
0.1072998047
-0.0326538086
-0.0877075195
-0.1220092773
-0.0603027344
-0.1038818359
0.0444335938
-0.0328369141
-0.0363159180
0.1662597656
-0.1891479492
0.1911621094
0.2965698242
-0.2443847656
0.2645874023
-0.2667236328
-0.2246704102
0.1290893555
-0.1757812500
-0.1948242188
-0.2409057617
-0.1401367188
0.2586059570
0.2163085938
-0.1676025391
0.1523437500
-0.0033569336
0.0031127930
0.0021972656
-0.0155639648
0.0179443359
0.0096435547
0.0121459961
-0.0004272461
-0.0057373047
-0.0032958984
0.0094604492
-0.0029907227
0.0161743164
-0.0014648438
-0.0029907227
-0.0001220703
-0.1082153320
-0.2955932617
-0.0289306641
0.2622680664
-0.1676635742
0.2583618164
-0.1251831055
0.2540283203
0.2490234375
-0.2800903320
0.2666625977
-0.1447753906
0.2960205078
0.1919555664
0.2697143555
0.4135131836
0.0108032227
-0.0137329102
0.0111083984
-0.0043334961
0.0095825195
0.0142211914
-0.0054321289
-0.0003662109
-0.0208129883
0.0104980469
-0.0109252930
-0.0048217773
0.0036621094
-0.0007934570
-0.0057373047
-0.0007934570
-0.1340332031
-0.1389160156
0.0318603516
-0.0220336914
-0.1705932617
0.1239624023
-0.1624755859
-0.1329956055
0.0493774414
0.1776733398
-0.0632324219
0.1058959961
0.0241088867
-0.1557617188
-0.0861206055
-0.1742553711
-0.0044555664
0.0031738281
-0.0075683594
0.0062255859
-0.0010375977
-0.0081176758
-0.0006103516
-0.0008544922
-0.0230712891
0.0139160156
0.0099487305
0.0385131836
0.0119628906
-0.0214233398
-0.0007934570
0.0008544922
0.0529174805
0.0177001953
-0.0207519531
0.0637817383
0.0162353516
0.0306396484
-0.0412597656
0.0105590820
0.0098266602
0.0223388672
-0.0676269531
-0.0243530273
0.0387573242
-0.0440673828
-0.0220336914
0.0213012695
