-0.0100708008
-0.0463256836
0.0629882812
-0.0242309570
0.0006713867
-0.0061035156
-0.0179443359
-0.0177612305
0.0101318359
-0.0161132812
0.0438842773
0.0144042969
-0.0179443359
0.0244140625
0.0153198242
0.0371704102
0.0203857422
-0.0474243164
0.0135498047
0.0147094727
-0.0129394531
-0.0109863281
-0.0020751953
-0.0350341797
-0.0460815430
-0.0173950195
0.0094604492
0.0089721680
-0.0119628906
0.0349731445
0.0167846680
-0.0611572266
-0.2217407227
-0.0620727539
-0.1195678711
-0.0321655273
0.0081787109
-0.1829223633
0.1185913086
-0.0563354492
-0.1071166992
-0.1166381836
-0.0621337891
-0.0775756836
0.0574951172
-0.0238037109
-0.0068359375
0.1505126953
-0.1552124023
0.1828613281
0.2897338867
-0.2207031250
0.2542114258
-0.2199096680
-0.1907348633
0.1794433594
-0.1763305664
-0.1755371094
-0.2097778320
-0.1641235352
0.2752075195
0.2026977539
-0.2027587891
0.1942138672
-0.0143432617
0.0014038086
-0.0097045898
-0.0088500977
-0.0012207031
-0.0074462891
0.0003662109
0.0090332031
0.0250244141
-0.0339965820
0.0117797852
-0.0052490234
0.0182495117
0.0016479492
0.0166015625
-0.0128784180
-0.1471557617
-0.2174072266
0.1335449219
0.1519165039
-0.2056274414
0.3009033203
-0.2620239258
0.1459350586
0.2957153320
-0.1322631836
0.2487182617
-0.2359619141
0.1842041016
0.2534790039
0.3234252930
0.4467773438
0.0294189453
0.0089111328
0.0176391602
-0.0100708008
-0.0079956055
-0.0049438477
-0.0068359375
0.0103149414
-0.0053100586
-0.0244750977
0.0038452148
0.0132446289
0.0261840820
-0.0027465820
-0.0106201172
0.0027465820
-0.0643310547
-0.0855712891
0.0587768555
-0.0550537109
-0.0954589844
0.1010131836
-0.1183471680
-0.0242309570
-0.0192260742
0.1103515625
-0.0000610352
0.0418090820
0.0270385742
-0.0890502930
-0.0913696289
-0.0331420898
-0.0270385742
0.0180664062
0.0529785156
0.0001831055
0.0003662109
0.0030517578
-0.0305786133
0.0441284180
-0.0406494141
0.0134277344
0.0096435547
0.0364379883
0.0632324219
0.0026245117
0.0427246094
0.0031738281
0.0676269531
0.0386352539
-0.0361328125
0.1024169922
-0.0302124023
-0.0677490234
-0.0515136719
-0.0798339844
-0.0290527344
0.0982055664
-0.0422973633
0.0460815430
0.0692749023
0.0158691406
0.0367431641
-0.0712280273
