-0.0205078125
-0.0336303711
0.0501098633
-0.0297241211
0.0004272461
-0.0333251953
-0.0517578125
0.0523681641
0.0170898438
-0.0088500977
0.0545654297
-0.0034790039
-0.0228271484
0.0258178711
0.0230712891
0.0571289062
0.0034790039
0.0027465820
0.0109252930
0.0128784180
-0.0090332031
0.0137329102
0.0206909180
-0.0077514648
-0.0034179688
-0.0063476562
0.0241699219
-0.0038452148
0.0141601562
0.0174560547
-0.0007934570
-0.0006103516
-0.1275024414
-0.0386352539
-0.0805053711
-0.0248413086
0.0574340820
-0.1101074219
0.0595092773
-0.0465698242
-0.0531005859
-0.0244140625
-0.0196533203
-0.0448608398
0.0390014648
-0.0583496094
0.0120849609
0.0805664062
-0.1362304688
0.1801147461
0.2744140625
-0.2547607422
0.1685180664
-0.1190185547
-0.1713867188
0.1350097656
-0.1213378906
-0.2109985352
-0.2192993164
-0.1327514648
0.2227172852
0.1962280273
-0.2088623047
0.2041015625
0.0263671875
-0.0159301758
0.0346069336
0.0390625000
0.0287475586
0.0284423828
-0.0172119141
-0.0133666992
-0.0214233398
0.0200195312
-0.0327758789
0.0505371094
0.0363159180
-0.0119628906
-0.0070190430
-0.0018920898
-0.0703125000
-0.1220092773
0.0782470703
0.0952148438
-0.1407470703
0.1201171875
-0.0584716797
0.1564941406
0.1267700195
-0.0330810547
0.1140136719
-0.0932617188
0.1331787109
0.1358642578
0.1560058594
0.1934204102
0.0043334961
0.0026245117
0.0164184570
0.0117797852
0.0075073242
-0.0189819336
-0.0046997070
0.0043945312
0.0211181641
0.0015258789
0.0197143555
-0.0115966797
0.0052490234
0.0028076172
-0.0115356445
-0.0093994141
-0.0364379883
-0.0575561523
0.0167846680
-0.0494384766
-0.0768432617
0.0457153320
-0.0929565430
-0.0767211914
-0.0248413086
0.0777587891
0.0316162109
0.0540771484
0.0255126953
-0.0710449219
-0.0534667969
-0.0412597656
-0.3584594727
0.3298950195
-0.0787963867
-0.0390625000
-0.3900756836
-0.0806884766
0.0639038086
0.3579711914
-0.3627319336
-0.0529785156
-0.0921630859
0.3428955078
0.0248413086
-0.1484375000
-0.0034179688
0.3193969727
0.1341552734
0.0158081055
-0.0839843750
0.1284179688
-0.0092163086
-0.0369262695
-0.0802001953
-0.0740966797
-0.0899658203
0.0525512695
-0.0700683594
0.0553588867
0.0872192383
-0.0272827148
-0.0274658203
-0.0382690430
