-0.0062255859
-0.0218505859
0.0413208008
-0.0191040039
-0.0112304688
0.0289916992
-0.0078125000
-0.0186767578
0.0312500000
-0.0501708984
0.0166625977
-0.0220336914
-0.0077514648
0.0104370117
-0.0061645508
0.0096435547
0.0747680664
-0.0587158203
-0.0155639648
0.0681762695
0.0231933594
-0.0291748047
-0.0074462891
-0.0592651367
-0.0877685547
-0.0623779297
-0.0101928711
0.0375366211
-0.0531005859
0.0915527344
0.0150146484
-0.0851440430
-0.3032836914
-0.0990600586
-0.1651611328
0.0084838867
-0.0373535156
-0.2516479492
0.1945800781
-0.0493164062
-0.2135009766
-0.1934814453
-0.1181640625
-0.1130371094
0.0654296875
-0.1268310547
0.0331420898
0.2483520508
-0.1824951172
0.1823730469
0.3139648438
-0.2554321289
0.2734985352
-0.2473754883
-0.2470703125
0.1551513672
-0.1931152344
-0.2077636719
-0.2291870117
-0.1614990234
0.2326660156
0.2077636719
-0.2118530273
0.1964721680
-0.0010986328
0.0181884766
0.0001220703
0.0074462891
-0.0164184570
-0.0021972656
-0.0191650391
0.0016479492
0.0136718750
-0.0053710938
0.0016479492
0.0048217773
0.0082397461
-0.0034790039
0.0040893555
0.0033569336
-0.1447753906
-0.2630615234
0.0128173828
0.2396240234
-0.1688232422
0.2874755859
-0.2063598633
0.2180175781
0.3039550781
-0.2057495117
0.2551879883
-0.1883544922
0.2892456055
0.2219848633
0.2677001953
0.4038696289
0.0206909180
0.0085449219
0.0026855469
0.0112304688
-0.0042114258
0.0050659180
-0.0065307617
0.0161743164
0.0098266602
-0.0058593750
0.0259399414
0.0082397461
0.0223999023
0.0006103516
-0.0169067383
-0.0195922852
-0.0322265625
-0.0673828125
0.0390625000
-0.0222778320
-0.0839233398
0.0490722656
-0.0917358398
-0.0578613281
0.0210571289
0.1154174805
-0.0043334961
0.0489501953
0.0148315430
-0.1007080078
-0.0404052734
-0.0457153320
0.0006713867
0.0039672852
0.0275268555
0.0180664062
-0.0030517578
-0.0035400391
-0.0309448242
0.0468750000
-0.0262451172
0.0294799805
-0.0020141602
0.0505981445
-0.0046386719
-0.0279541016
0.0550537109
0.0456542969
0.1072998047
0.0519409180
-0.0551757812
0.1527709961
-0.0013427734
-0.0261840820
-0.0883789062
-0.1251220703
-0.0918579102
0.1116333008
-0.0604858398
0.0282592773
0.0983276367
0.0346679688
0.0116577148
-0.0666503906
