-0.0109252930
-0.0145263672
0.0217285156
-0.0045166016
-0.0084228516
0.0028076172
-0.0105590820
-0.0018310547
-0.0100097656
-0.0043334961
0.0186157227
-0.0006713867
0.0020141602
-0.0030517578
0.0081787109
0.0073242188
0.0483398438
-0.0175170898
-0.0160522461
0.0239868164
0.0015869141
-0.0259399414
-0.0249023438
-0.0344238281
-0.0310668945
-0.0048828125
0.0101928711
-0.0237426758
-0.0088500977
0.0238037109
0.0068969727
-0.0339965820
-0.3293457031
-0.1767578125
-0.2694702148
-0.0009155273
-0.1184692383
-0.3376464844
0.2927856445
-0.0502319336
-0.3430175781
-0.3258056641
-0.1358642578
-0.2579956055
0.0181274414
-0.0723876953
0.1709594727
0.3436889648
-0.0462646484
0.0535888672
0.0842895508
0.0062866211
0.0571289062
-0.0621948242
-0.0300903320
0.0861816406
-0.0307617188
0.0017089844
-0.0537109375
-0.0003662109
0.1290893555
0.0571289062
-0.0313720703
0.0520019531
0.0177001953
0.0233764648
0.0046997070
0.0258789062
0.0094604492
0.0196533203
0.0059814453
0.0214843750
0.0006103516
0.0350952148
0.0156860352
0.0218505859
0.0189819336
-0.0334472656
-0.0078125000
0.0288085938
-0.0245361328
-0.0569458008
0.0135498047
0.0152587891
-0.0316162109
0.0807495117
-0.0715332031
0.0889282227
0.0747070312
-0.0902099609
0.0552368164
0.0026245117
0.0163574219
0.0585937500
0.0720214844
0.0893554688
0.0159301758
-0.0145874023
0.0071411133
0.0006713867
-0.0048828125
0.0018310547
0.0156860352
-0.0127563477
0.0174560547
0.0207519531
0.0084228516
-0.0020141602
-0.0128173828
-0.0058593750
-0.0079345703
0.0039062500
-0.1253662109
-0.1584472656
0.0173339844
-0.1386108398
-0.1326904297
0.0968627930
-0.1336059570
-0.1233520508
0.0375366211
0.1814575195
-0.0509033203
0.1672973633
0.1145629883
-0.1757812500
-0.0983276367
-0.0993041992
-0.0004882812
-0.0165405273
0.0272216797
-0.0111694336
0.0197753906
-0.0090332031
0.0128784180
-0.0084838867
0.0309448242
0.0031738281
-0.0062255859
-0.0274047852
-0.0550537109
0.0422973633
0.0145874023
-0.0202636719
0.0354614258
0.0656738281
0.0164794922
0.0101928711
0.0181274414
0.0130615234
-0.0039062500
-0.0056152344
0.0140380859
-0.0099487305
-0.0031738281
-0.0045776367
0.0014038086
-0.0145874023
-0.0319824219
-0.0260620117
