-0.0144042969
-0.0354614258
0.0682983398
-0.0479125977
0.0215454102
-0.0069580078
-0.0800170898
0.0115356445
0.0292968750
-0.0548706055
0.0399780273
0.0059814453
-0.0717163086
-0.0272827148
0.0149536133
0.0277709961
0.0201416016
-0.0245971680
0.0092163086
0.0061035156
0.0162353516
0.0004272461
0.0081176758
-0.0084228516
-0.0097656250
-0.0078125000
0.0130615234
0.0053100586
0.0023803711
-0.0015258789
-0.0066528320
0.0010375977
-0.3572387695
-0.0838623047
-0.2997436523
-0.1184692383
-0.0927124023
-0.3264160156
0.3590698242
0.0122070312
-0.3799438477
-0.2943725586
-0.1773071289
-0.1488647461
0.0106811523
-0.1267089844
0.0785522461
0.2966918945
-0.1022338867
0.1281738281
0.1559448242
-0.1455078125
0.1160278320
-0.1612548828
-0.1060180664
0.2053833008
-0.1710205078
-0.1490478516
-0.1972045898
-0.0242919922
0.1598510742
0.1907958984
-0.1456298828
0.1127929688
0.0029296875
-0.0197143555
0.0384521484
-0.0051269531
-0.0163574219
-0.0125732422
-0.0173339844
-0.0101928711
-0.0127563477
-0.0051269531
0.0046386719
-0.0227050781
0.0195312500
0.0070190430
0.0101318359
0.0073852539
-0.0489501953
-0.0319213867
-0.0245361328
0.0332641602
-0.0041503906
0.0600585938
0.0054321289
0.0815429688
0.0654907227
-0.0568237305
0.0134887695
-0.0217895508
0.0954589844
0.0230712891
0.0746459961
0.0742797852
0.0235595703
-0.0336303711
0.0134277344
-0.0308227539
-0.0037841797
-0.0086059570
-0.0229492188
-0.0250854492
0.0140380859
0.0191650391
0.0429687500
-0.0126953125
-0.0034790039
0.0399780273
-0.0073852539
0.0272216797
-0.1145019531
-0.1124267578
0.0377197266
-0.0630493164
-0.1313476562
0.0883178711
-0.1289672852
-0.1017456055
0.0292968750
0.1491699219
0.0250854492
0.0985107422
0.0592041016
-0.1280517578
-0.0777587891
-0.0524902344
-0.0025024414
0.0098266602
0.0078735352
-0.0021362305
-0.0036010742
-0.0031738281
-0.0079345703
0.0073242188
0.0124511719
0.0094604492
0.0111083984
-0.0054931641
0.0175170898
0.0036010742
0.0316162109
0.0089721680
0.0401000977
0.0665893555
-0.0786132812
0.1284179688
0.0261230469
-0.0809936523
-0.0673828125
-0.0674438477
-0.0787353516
0.0714111328
-0.0690917969
0.0774536133
0.0975341797
-0.0296630859
-0.0299072266
-0.0988769531
