-0.0855102539
-0.0850219727
0.1390380859
-0.1003417969
0.0497436523
-0.0460815430
-0.1240844727
0.0197143555
0.0187988281
-0.2095336914
0.0745239258
0.0147705078
-0.0981445312
-0.0926513672
0.0067749023
0.0798339844
-0.0034790039
-0.0112304688
-0.0091552734
0.0197753906
0.0089721680
0.0030517578
-0.0048828125
-0.0068359375
-0.0079345703
0.0074462891
0.0139770508
-0.0007324219
0.0087280273
0.0181274414
-0.0015258789
-0.0195922852
-0.0702514648
-0.0433959961
0.0036621094
0.0153198242
-0.0310668945
-0.0446166992
0.0582885742
-0.0159912109
-0.0116577148
-0.0605468750
-0.0318603516
-0.0293579102
0.0325927734
-0.0348510742
-0.0185546875
0.0496826172
0.0268554688
0.0169677734
0.0405883789
-0.0502929688
0.0449218750
-0.0281982422
-0.0020141602
0.0000610352
-0.0086059570
-0.0012817383
0.0043945312
-0.0665283203
-0.0122070312
0.0062866211
-0.0316162109
0.0401611328
-0.2998657227
-0.0010375977
-0.3223876953
-0.0542602539
0.1515502930
-0.3117065430
0.3544921875
0.3424072266
0.3157958984
-0.2755737305
0.0274047852
-0.2219848633
-0.0745849609
0.2684326172
0.0147705078
-0.1247558594
-0.0020751953
-0.1055297852
-0.0162353516
0.0037231445
-0.1718139648
0.1301879883
-0.0684814453
0.1111450195
0.1224975586
-0.0391845703
0.0291137695
-0.0963745117
0.1129150391
0.1761474609
0.1069335938
0.0963134766
-0.0076293945
-0.0081176758
-0.0147094727
0.0017700195
0.0120849609
0.0061035156
-0.0139770508
0.0001831055
-0.0053100586
-0.0019531250
0.0033569336
0.0171508789
0.0036010742
0.0087890625
0.0087280273
0.0036010742
-0.0602416992
-0.1906127930
-0.0043945312
-0.0371093750
-0.1793823242
0.0813598633
-0.1469116211
-0.0731201172
0.0155029297
0.1631469727
-0.0849609375
0.1547851562
0.0128784180
-0.1691894531
-0.0162353516
-0.0869140625
-0.0072021484
0.0050659180
0.0249633789
-0.0045166016
-0.0043334961
0.0221557617
-0.0079956055
0.0155029297
-0.0189208984
0.0203247070
-0.0109252930
0.0043334961
0.0371704102
-0.0068359375
0.0042114258
0.0121459961
0.0537109375
0.0176391602
-0.0213623047
0.0098876953
-0.0132446289
-0.0425415039
0.0051269531
-0.0399780273
-0.0218505859
-0.0068969727
0.0509033203
0.0331420898
0.0169067383
0.0211181641
0.0034179688
-0.0529785156
