-0.0282592773
-0.0815429688
0.0999145508
-0.0515747070
0.0513305664
-0.0152587891
-0.0644531250
0.0072021484
0.0020751953
-0.0682373047
0.0595092773
0.0418701172
-0.0855712891
-0.0839843750
0.0160522461
0.0812988281
0.0053710938
0.0076293945
-0.0046997070
0.0043945312
-0.0031738281
0.0058593750
-0.0051879883
-0.0093383789
-0.0112915039
0.0061645508
0.0098876953
0.0063476562
0.0181274414
0.0076293945
0.0083007812
-0.0076904297
-0.0499267578
-0.0350341797
0.0425415039
0.0040893555
0.0546264648
-0.0155639648
0.0543212891
-0.0667724609
-0.0138549805
-0.0307617188
-0.0444335938
-0.0363769531
0.0444946289
-0.0286865234
0.0355224609
0.0742797852
-0.1013793945
0.1064453125
0.1969604492
-0.1500244141
0.2150878906
-0.1202392578
-0.1221313477
0.1439208984
-0.1553955078
-0.1729736328
-0.1864013672
-0.1089477539
0.1644897461
0.1654663086
-0.0908203125
0.1428833008
-0.0192260742
0.0145874023
-0.0128173828
0.0082397461
0.0072631836
-0.0194702148
0.0093383789
0.0161743164
0.0238037109
-0.0120239258
0.0099487305
-0.0198364258
-0.0203247070
0.0007934570
0.0075683594
0.0040283203
-0.0243530273
-0.1525268555
-0.0736694336
0.1237792969
-0.0694580078
0.1200561523
-0.0665283203
0.1221923828
0.1270751953
-0.1273193359
0.1310424805
-0.1439208984
0.1704101562
0.1271972656
0.1866455078
0.1815185547
-0.0090332031
0.0405883789
0.0350341797
0.0252685547
-0.0341186523
-0.0214843750
0.0228881836
0.0256347656
-0.0185546875
0.0582275391
-0.0234375000
0.0388793945
0.0266113281
-0.0188598633
-0.0195922852
-0.0042114258
-0.2203369141
-0.2777709961
0.0615234375
-0.0690307617
-0.1990966797
0.1887207031
-0.2362670898
-0.1387329102
0.0695800781
0.2469482422
-0.0815429688
0.2434692383
0.1057739258
-0.2771606445
-0.0799560547
-0.2304687500
-0.0148315430
0.0231933594
0.0138549805
-0.0235595703
-0.0172729492
-0.0065917969
-0.0261230469
-0.0145874023
0.0091552734
0.0140380859
-0.0189819336
-0.0333862305
0.0217895508
-0.0025024414
0.0032958984
0.0065917969
0.2267456055
0.0120239258
-0.2493896484
0.3189086914
-0.0050048828
-0.2682495117
-0.2951049805
-0.2780151367
-0.2789916992
0.3161621094
-0.1449584961
0.2948608398
0.3397827148
0.0355224609
0.0305175781
-0.2874145508
