0.0006103516
0.0084228516
0.0237426758
-0.0054321289
-0.0002441406
-0.0185546875
-0.0236816406
-0.0204467773
-0.0183715820
0.0077514648
-0.0121459961
-0.0195312500
-0.0153198242
0.0074462891
-0.0154418945
-0.0174560547
-0.0112304688
0.0222167969
0.0255737305
-0.0041503906
0.0020751953
0.0256347656
-0.0032958984
0.0049438477
-0.0115356445
-0.0220947266
0.0123291016
0.0352172852
-0.0136108398
-0.0074462891
0.0091552734
-0.0333862305
-0.2335815430
-0.1315917969
-0.1481933594
0.0503540039
0.0290527344
-0.2191772461
0.2208251953
-0.0847778320
-0.1794433594
-0.1599731445
-0.0252075195
-0.1308593750
0.0386962891
-0.0473022461
0.0948486328
0.2248535156
-0.1015014648
0.1242675781
0.1876831055
-0.2473144531
0.2456665039
-0.1280517578
-0.1680908203
0.1695556641
-0.1171264648
-0.1405639648
-0.1674804688
-0.1279907227
0.1782836914
0.1424560547
-0.1055297852
0.1511230469
-0.1726684570
-0.0321655273
-0.1051635742
-0.0489501953
0.0316162109
-0.1169433594
0.1605834961
0.1690673828
0.1888427734
-0.1247558594
-0.0054321289
-0.0771484375
0.0203857422
0.1665039062
0.0798950195
-0.0139160156
-0.1186523438
-0.1984252930
0.1001586914
0.1250610352
-0.2320556641
0.2725830078
-0.1969604492
0.1490478516
0.2817993164
-0.0770874023
0.1992797852
-0.2424926758
0.2098388672
0.2283935547
0.2573242188
0.3399658203
0.0638427734
0.0293579102
0.0592041016
0.0059814453
-0.0444335938
0.0273437500
0.0333251953
0.0368041992
0.0353393555
-0.0296630859
0.0183715820
0.0007324219
0.0601806641
-0.0026855469
-0.0303344727
-0.0192871094
0.0080566406
-0.0250854492
0.0141601562
-0.0054321289
-0.0153808594
0.0187377930
-0.0435791016
-0.0122070312
-0.0219116211
0.0243530273
-0.0330810547
0.0131835938
0.0054321289
-0.0134277344
-0.0227661133
-0.0353393555
-0.3388061523
0.2482910156
0.0784301758
-0.0109252930
-0.3016357422
0.0303344727
-0.0782470703
0.3666992188
-0.3634033203
0.0562744141
0.0487060547
0.3431396484
0.0568237305
-0.2879638672
0.1989746094
0.2823486328
0.0192260742
-0.0092163086
-0.0137939453
0.0164184570
-0.0002441406
0.0138549805
0.0139160156
0.0043945312
0.0029907227
0.0046386719
-0.0044555664
-0.0104980469
0.0060424805
-0.0082397461
0.0087280273
0.0134277344
