-0.0452270508
-0.0391845703
0.0087890625
-0.0339355469
-0.0430297852
-0.0526123047
-0.0252075195
-0.0026855469
-0.0491333008
-0.0214843750
0.0576171875
0.0328369141
-0.0323486328
-0.0552978516
0.0457763672
0.0496826172
-0.3121337891
0.3497924805
0.1145629883
-0.3508911133
0.0260009766
0.2626953125
-0.0627441406
0.3505859375
0.3588256836
-0.0386352539
0.0505371094
0.0773315430
0.1873168945
-0.3609619141
-0.1412963867
-0.0158691406
-0.0809936523
-0.0643920898
-0.0984497070
0.0282592773
0.0308837891
-0.0862426758
0.0364990234
-0.0776977539
-0.0931396484
-0.1032714844
-0.0140991211
-0.0870361328
0.0883178711
-0.0010375977
0.0146484375
0.1018066406
-0.0256958008
0.0671386719
0.1085205078
-0.0873413086
0.0502319336
-0.0675048828
-0.0766601562
0.0454711914
-0.0625000000
-0.0922241211
-0.0764160156
-0.1270141602
0.1034545898
0.0095825195
-0.0895996094
0.0883789062
-0.0853881836
-0.0015869141
-0.0559692383
-0.0522460938
0.0207519531
-0.0565795898
0.0235595703
0.0621948242
0.0794067383
-0.0960693359
0.0428466797
-0.0022583008
0.0340576172
0.0552978516
0.0060424805
0.0126342773
-0.0676269531
-0.0922241211
0.0786132812
0.0640869141
-0.0112915039
0.0433959961
-0.0583496094
0.0583496094
0.1003417969
-0.0128784180
0.0780029297
-0.0758666992
0.0848999023
0.0669555664
0.0638427734
0.0826416016
-0.0037841797
0.0037231445
0.0072631836
0.0119628906
0.0000610352
-0.0062255859
0.0006713867
0.0043334961
0.0060424805
-0.0043945312
-0.0042724609
0.0053100586
0.0053100586
-0.0155639648
-0.0101928711
0.0061035156
-0.1036376953
-0.0897827148
0.0060424805
0.0225219727
-0.0676269531
0.0819091797
-0.0696411133
-0.0618286133
-0.0390014648
0.0513305664
0.0006103516
0.1109008789
0.0164794922
-0.0695190430
-0.0175781250
-0.0502319336
-0.0286865234
0.0226440430
-0.0105590820
-0.0165405273
-0.0220947266
-0.0108642578
-0.0205688477
0.0756225586
-0.0246582031
0.0390625000
0.0291137695
0.0668334961
0.0502319336
-0.0148315430
-0.0064697266
0.0213012695
0.1005249023
-0.0097045898
-0.0928344727
0.0918579102
-0.0533447266
-0.0695190430
-0.0332641602
-0.0841674805
-0.0482788086
0.0494995117
-0.0171508789
0.0805053711
-0.0024414062
0.0183105469
-0.0103759766
-0.0673828125
