-0.0474853516
-0.0727539062
0.0227661133
-0.0734252930
-0.0160522461
-0.0101928711
-0.0786132812
-0.0278320312
-0.0438232422
-0.0629272461
0.0589599609
0.0393066406
-0.0373535156
-0.0537109375
-0.0086669922
0.0443115234
-0.0346679688
0.0203247070
-0.0122680664
-0.0422973633
0.0103759766
0.0414428711
0.0109863281
0.0357055664
0.0410156250
0.0216674805
0.0426025391
0.0262451172
0.0277099609
-0.0363769531
0.0072631836
-0.0216064453
-0.0845947266
-0.0385742188
-0.0846557617
0.0325927734
0.0309448242
-0.1328125000
0.1079101562
0.0081176758
-0.1062011719
-0.0641479492
-0.0256958008
-0.0050048828
0.0509033203
-0.0385131836
-0.0017700195
0.0900268555
-0.0919799805
0.0377807617
0.0843505859
-0.0407714844
0.0424194336
-0.0830688477
0.0026855469
0.0320434570
-0.0438842773
-0.0709838867
-0.0845947266
-0.0664062500
0.1062622070
0.0916137695
-0.0314331055
0.1034545898
0.0037841797
-0.0266723633
0.0011596680
0.0400390625
-0.0237426758
-0.0060424805
0.0061035156
0.0180664062
0.0191650391
-0.0046386719
-0.0140380859
-0.0208129883
0.0206298828
0.0255737305
-0.0097656250
0.0166625977
-0.0181884766
-0.0938110352
-0.0203857422
0.0607910156
-0.0509643555
0.0297851562
-0.0548095703
0.0726318359
0.0140380859
-0.0880737305
0.0619506836
0.0071411133
0.0881958008
0.0522460938
0.0451049805
0.0516357422
0.0097656250
0.0000000000
0.0284423828
-0.0005493164
0.0131225586
0.0164794922
-0.0234985352
-0.0032348633
0.0197143555
0.0082397461
0.0207519531
0.0090332031
0.0090942383
0.0094604492
-0.0151367188
0.0187988281
-0.3171997070
-0.2925415039
0.0866088867
-0.0924072266
-0.2840576172
0.3095703125
-0.2700805664
-0.2465209961
0.0354614258
0.2494506836
-0.1749267578
0.2805786133
0.1773071289
-0.2970581055
-0.1442260742
-0.2692871094
-0.0005493164
0.0057983398
0.0560913086
0.0062866211
-0.0023803711
0.0092773438
0.0133666992
0.0064697266
0.0127563477
0.0253295898
0.0244750977
0.0426635742
0.0284423828
0.0072021484
-0.0059204102
-0.0040893555
0.0510864258
0.0535888672
-0.0655517578
0.1006469727
-0.0320434570
-0.0394287109
-0.0540771484
-0.0750122070
-0.0382080078
0.0583496094
-0.0618896484
0.0673828125
0.0893554688
0.0610351562
-0.0955200195
-0.0773315430
