-0.0613403320
-0.0451049805
0.0623168945
-0.0630493164
-0.0225830078
-0.0113525391
-0.0369873047
0.0426025391
-0.0270385742
-0.0587158203
0.0307006836
0.0440673828
-0.0063476562
-0.0697631836
-0.0515747070
0.0437622070
-0.0188598633
0.0454711914
-0.0285644531
-0.0205078125
-0.0222778320
0.0363769531
0.0064086914
0.0286865234
0.0303955078
0.0653686523
0.0073852539
0.0295410156
0.0701904297
-0.0389404297
-0.0290527344
-0.0259399414
-0.1314697266
-0.0222167969
-0.0656738281
0.0390014648
0.0200195312
-0.1515502930
0.1273803711
0.0110473633
-0.1502685547
-0.1236572266
-0.0960083008
-0.0573730469
0.0718994141
-0.0578002930
-0.0271606445
0.1444702148
-0.0267944336
0.0336303711
0.0201416016
-0.0283203125
0.0261840820
-0.0405883789
0.0197753906
0.0294189453
-0.0232543945
-0.0195312500
-0.0415039062
-0.0435791016
0.0615844727
0.0510864258
0.0009765625
0.0518188477
-0.0478515625
-0.0277709961
-0.0313110352
0.0743408203
-0.0102539062
-0.0384521484
0.0396118164
0.0282592773
0.0861206055
-0.0364379883
0.0100708008
-0.0484008789
0.0526733398
0.0347290039
0.0253295898
0.0090942383
-0.0297241211
-0.1524047852
-0.0142822266
0.1192016602
-0.0296630859
0.0739746094
-0.0554809570
0.1680297852
0.1032104492
-0.1375122070
0.1037597656
-0.0244750977
0.1639404297
0.0186767578
0.0902709961
0.0769042969
0.0151367188
0.0007324219
0.0192871094
0.0043945312
0.0023193359
-0.0049438477
-0.0231933594
-0.0068969727
-0.0043945312
0.0183715820
0.0207519531
-0.0057373047
0.0171508789
0.0057373047
-0.0242919922
0.0083007812
-0.3024902344
-0.3039550781
0.1248168945
-0.0610961914
-0.2966918945
0.2714233398
-0.2722778320
-0.2123413086
0.0357666016
0.2664794922
-0.1720581055
0.2958984375
0.1693725586
-0.3126220703
-0.1442871094
-0.2966918945
0.0195312500
0.0048217773
0.0291748047
-0.0007934570
-0.0076293945
0.0078735352
0.0010375977
0.0010986328
0.0140991211
-0.0094604492
0.0192260742
0.0112304688
0.0219116211
0.0007934570
0.0103759766
0.0037841797
0.0269775391
0.0227050781
-0.0560302734
0.0744628906
-0.0189819336
-0.0303344727
-0.0369262695
-0.0616455078
-0.0090942383
0.0175170898
-0.0689086914
0.0522460938
0.0463867188
0.0097045898
0.0050659180
-0.0675659180
