-0.0466918945
-0.0637207031
0.0291137695
-0.1181640625
-0.0030517578
-0.0040893555
-0.0655517578
0.0370483398
-0.0211791992
-0.0496826172
0.0723876953
0.0290527344
-0.0414428711
-0.0827636719
0.0470581055
0.0828857422
-0.3167724609
0.3186645508
0.1427001953
-0.3488159180
0.0451049805
0.2775878906
-0.0435180664
0.3388671875
0.3571166992
0.0842895508
0.0580444336
0.0761718750
0.2042236328
-0.3674316406
-0.0330200195
0.0161132812
-0.0117797852
-0.0151367188
-0.0172729492
0.0524902344
-0.0012817383
-0.0253295898
0.0072631836
-0.0416259766
-0.0130004883
-0.0559082031
0.0005493164
-0.0126953125
0.0032958984
-0.0044555664
-0.0073242188
0.0153198242
0.0137329102
0.1348266602
0.1300048828
-0.1312255859
0.0885620117
-0.0690307617
-0.0648193359
0.0838012695
-0.0889892578
-0.1188354492
-0.0915527344
-0.1114501953
0.1706542969
0.1436767578
-0.0866699219
0.1201782227
-0.1196289062
-0.0759277344
-0.1034545898
0.0291137695
-0.0534057617
-0.1154785156
0.1041870117
0.0657958984
0.1209716797
-0.1462402344
0.0654296875
-0.1328125000
0.0784301758
0.0635375977
0.0402832031
0.0141601562
-0.0195922852
-0.0379028320
0.0180664062
0.0195312500
-0.0016479492
0.0250854492
0.0100097656
0.0332641602
0.0430908203
0.0037231445
0.0353393555
-0.0267944336
0.0120849609
0.0112304688
0.0510253906
0.0041503906
0.0485229492
-0.0068359375
0.0199584961
-0.0256347656
0.0179443359
0.0009155273
-0.0166625977
0.0034179688
0.0163574219
-0.0303344727
0.0048828125
-0.0283813477
0.0146484375
0.0017089844
-0.0031738281
0.0308227539
-0.1436157227
-0.1666870117
-0.0172119141
0.0296020508
-0.1443481445
0.1151123047
-0.1523437500
-0.0991821289
-0.0072021484
0.1264648438
-0.1106567383
0.1457519531
0.0303955078
-0.1536254883
-0.0022583008
-0.0899047852
-0.0812377930
0.0411376953
0.0160522461
-0.0741577148
-0.0520019531
0.0058593750
0.0523071289
0.0630493164
-0.0374145508
-0.0367431641
-0.0324096680
0.0456542969
-0.0531616211
-0.0231323242
-0.0502319336
0.0072021484
-0.0115966797
0.0046386719
-0.0125122070
0.0201416016
-0.0398559570
-0.0015869141
-0.0046386719
0.0124511719
0.0061035156
-0.0288696289
0.0032958984
0.0351562500
-0.0121459961
0.0408935547
-0.0475463867
-0.0404052734
