-0.1357421875
-0.1365356445
0.0599365234
-0.1188964844
0.1036987305
-0.0855102539
-0.1309814453
-0.0401000977
0.0526733398
-0.0522460938
0.1407470703
0.0123901367
-0.1316528320
-0.1048583984
0.0521850586
0.1085815430
0.0937500000
-0.0675048828
0.0174560547
0.1045532227
0.0590209961
-0.0403442383
0.0412597656
-0.0819702148
-0.1057739258
-0.0300903320
0.0138549805
-0.0073242188
-0.0098266602
0.0618286133
0.0180053711
-0.0220336914
-0.0226440430
-0.0296630859
0.0011596680
-0.0025634766
0.0144042969
-0.0308227539
0.0126342773
-0.0102539062
-0.0082397461
-0.0210571289
0.0108032227
-0.0093383789
-0.0068969727
0.0071411133
-0.0218505859
0.0165405273
-0.1548461914
0.1737060547
0.2699584961
-0.2519531250
0.2427368164
-0.1749267578
-0.2156982422
0.1954956055
-0.1278686523
-0.1658935547
-0.1849975586
-0.2053222656
0.1975097656
0.1826782227
-0.1951293945
0.1570434570
-0.1089477539
0.0177612305
-0.0830688477
-0.0205688477
-0.0100097656
-0.0654907227
0.0726318359
0.0386962891
0.0682373047
-0.1057128906
-0.0475463867
-0.0563964844
0.0403442383
0.0857543945
0.0639648438
0.0379638672
-0.1056518555
-0.1300659180
0.0296020508
0.1314086914
-0.1069335938
0.2453002930
-0.1414794922
0.1315307617
0.2362060547
-0.0629882812
0.1552734375
-0.1536865234
0.1835937500
0.2124023438
0.2487792969
0.2774658203
-0.0012207031
0.3058471680
0.0709838867
0.2632446289
-0.2967529297
-0.2149047852
0.3455200195
0.3394165039
0.0392456055
0.1694946289
-0.3074340820
0.0261230469
0.1089477539
-0.3609008789
-0.0359497070
-0.3743896484
0.0106811523
-0.0417480469
0.0082397461
-0.0125732422
-0.0258789062
0.0469970703
-0.0489501953
-0.0354614258
0.0354614258
0.0611572266
-0.0092773438
0.0267333984
-0.0126342773
-0.0452270508
0.0108032227
-0.0004882812
-0.0358886719
0.0241088867
0.0183715820
0.0501708984
-0.0232543945
0.0391845703
-0.0438232422
0.0392456055
-0.0444335938
0.0566406250
0.0644531250
0.0202636719
0.0197753906
-0.0211791992
0.0523681641
0.0450439453
0.0314941406
0.0305786133
-0.0255737305
0.0692138672
-0.0227661133
0.0272216797
-0.0096435547
-0.0167236328
0.0027465820
0.0190429688
-0.0820312500
0.0015869141
0.0286865234
-0.0477905273
0.0278930664
0.0177612305
