-0.0216674805
-0.0539550781
0.0786132812
-0.0479736328
0.0411376953
-0.0306396484
-0.0555419922
0.0258178711
-0.0260009766
-0.0569458008
0.0628051758
0.0457763672
-0.0403442383
-0.0268554688
0.0133666992
0.0426025391
0.0033569336
-0.0089111328
0.0115966797
0.0042114258
0.0150146484
0.0036010742
-0.0027465820
-0.0130004883
-0.0148925781
-0.0013427734
0.0127563477
-0.0125122070
-0.0086669922
0.0112304688
0.0028076172
-0.0191040039
-0.0751953125
-0.0838623047
-0.0051269531
0.0606079102
0.0193481445
-0.0717773438
0.0778198242
-0.0433959961
-0.0333251953
-0.0950317383
-0.0162963867
-0.0706176758
0.0780639648
-0.0159301758
0.1215820312
0.1129760742
-0.0407714844
0.0936889648
0.2138671875
-0.1591796875
0.1653442383
-0.1209716797
-0.1230468750
0.2373046875
-0.1721801758
-0.0868530273
-0.1380615234
-0.1193847656
0.1971435547
0.1411132812
-0.0831298828
0.1776733398
-0.2053833008
-0.1188964844
-0.1917724609
0.0565795898
-0.0637207031
-0.2264404297
0.2083740234
0.1732177734
0.2041625977
-0.2299804688
-0.0520629883
-0.1685180664
0.0023803711
0.1363525391
0.0360717773
-0.1099853516
-0.0279541016
-0.0964965820
0.0297241211
0.0438842773
-0.0701293945
0.1219482422
-0.0833129883
0.0896606445
0.1249389648
-0.0254516602
0.1007690430
-0.1281127930
0.0960693359
0.0658569336
0.1118164062
0.0995483398
0.0097045898
0.0143432617
0.0164794922
-0.0131835938
-0.0134887695
-0.0180053711
0.0026855469
0.0216064453
0.0263671875
0.0199584961
-0.0123901367
0.0148315430
0.0015869141
-0.0015258789
-0.0300292969
-0.0111694336
-0.2053222656
-0.2109375000
0.0397338867
-0.0431518555
-0.1733398438
0.1577758789
-0.1898193359
-0.1027832031
0.1077880859
0.2229614258
-0.0864257812
0.2328491211
0.0491333008
-0.2191162109
-0.0576171875
-0.1810913086
-0.0189819336
0.0137939453
0.0102539062
-0.0206298828
-0.0066528320
0.0178222656
-0.0545043945
0.0239257812
-0.0246582031
0.0245971680
0.0432128906
0.0179443359
0.0509643555
-0.0506591797
0.0238647461
0.0519409180
0.2239990234
-0.0274658203
-0.2788085938
0.2901000977
-0.0251464844
-0.2921142578
-0.2546997070
-0.3153686523
-0.2942504883
0.2711791992
-0.1096801758
0.3270263672
0.2832031250
0.0664672852
-0.0075073242
-0.2971801758
