-0.1230468750
-0.1386718750
0.0600585938
-0.1370239258
0.0191040039
-0.0963745117
-0.1395874023
0.0327758789
-0.0004882812
-0.0968017578
0.1547241211
0.0595092773
-0.0798950195
-0.1662597656
0.0586547852
0.1310424805
-0.3247070312
0.3368530273
0.1473388672
-0.3510742188
0.0612182617
0.2824096680
-0.0962524414
0.3400878906
0.3427734375
0.0607910156
0.0339355469
0.0800781250
0.2073974609
-0.3560791016
-0.0108032227
0.0207519531
-0.0362548828
-0.0219726562
-0.0205688477
0.0538330078
0.0340576172
-0.0620117188
0.0310668945
-0.0332031250
-0.0193481445
-0.0556640625
-0.0228271484
-0.0206298828
0.0181884766
-0.0335693359
-0.0208129883
0.0498657227
-0.0646362305
0.0970458984
0.1520385742
-0.1527709961
0.1042480469
-0.0808105469
-0.0746459961
0.0876464844
-0.1252441406
-0.1107177734
-0.1160278320
-0.1287841797
0.1086425781
0.1469116211
-0.1022338867
0.1013183594
-0.0745239258
-0.0355224609
-0.0712890625
0.0352783203
-0.0145874023
-0.0653686523
0.0657958984
0.0410156250
0.0787353516
-0.0859985352
0.0225219727
-0.0683593750
0.0460815430
0.0594482422
0.0694580078
0.0171508789
-0.0283203125
-0.0281982422
0.0560913086
0.0128784180
0.0200195312
0.0372314453
-0.0032958984
0.0301513672
0.0558471680
0.0292968750
0.0142822266
-0.0222167969
-0.0050048828
0.0194702148
0.0371093750
0.0249633789
0.0045166016
0.0001831055
0.0191040039
-0.0015869141
0.0038452148
0.0064086914
-0.0050048828
-0.0033569336
0.0114135742
-0.0126953125
0.0198364258
-0.0034179688
0.0125122070
0.0057983398
-0.0063476562
0.0152587891
-0.1123657227
-0.1209106445
0.0051269531
0.0222167969
-0.1065673828
0.1033935547
-0.1039428711
-0.0540771484
-0.0042114258
0.0728759766
-0.0703125000
0.1024169922
-0.0089721680
-0.0975952148
-0.0018920898
-0.0927734375
-0.0968627930
0.0401611328
0.0325927734
-0.0070190430
-0.0346069336
-0.0028686523
0.0443725586
0.0742797852
-0.0512695312
0.0074462891
0.0028076172
0.0587768555
-0.0151367188
-0.0159301758
-0.0446166992
0.0286254883
0.0245971680
0.0074462891
-0.0311279297
0.0437622070
-0.0257568359
-0.0028686523
-0.0096435547
-0.0233154297
0.0018310547
0.0009155273
-0.0132446289
0.0401000977
-0.0089721680
0.0177612305
-0.0343017578
-0.0349731445
