-0.0250854492
0.0034179688
0.0715332031
-0.0498046875
-0.0158691406
0.0509643555
-0.0729370117
0.0053710938
0.0455322266
-0.0791625977
-0.0267944336
0.0240478516
0.0128173828
0.0114135742
-0.0140380859
-0.0253906250
0.0502319336
-0.0476684570
-0.0260620117
0.0641479492
0.0907592773
0.0141601562
-0.0076904297
-0.0601196289
-0.0740966797
0.0029907227
0.0099487305
0.0109252930
-0.0573730469
0.0624389648
0.0021972656
-0.0413818359
-0.2171020508
-0.0613403320
-0.1571044922
0.0447387695
-0.0298461914
-0.1981201172
0.1822509766
-0.0314941406
-0.1621093750
-0.1558837891
-0.0876464844
-0.0850830078
0.0800170898
-0.0441894531
0.0726928711
0.1823730469
-0.1630859375
0.1959228516
0.2694091797
-0.2569580078
0.2698364258
-0.2141723633
-0.2193603516
0.1473999023
-0.1735839844
-0.2013549805
-0.2334594727
-0.1131591797
0.1853027344
0.1830444336
-0.2285766602
0.1728515625
-0.0071411133
-0.0245971680
-0.0075683594
-0.0225219727
-0.0101928711
0.0074462891
0.0133056641
0.0257568359
0.0311889648
-0.0257568359
-0.0062255859
-0.0162963867
0.0128784180
-0.0077514648
0.0215454102
0.0245361328
-0.1360473633
-0.2752075195
-0.0099487305
0.2550048828
-0.2142333984
0.2635498047
-0.1400756836
0.2304077148
0.2953491211
-0.2772827148
0.2330322266
-0.1432495117
0.3015136719
0.2260742188
0.2623901367
0.3884887695
0.0241088867
-0.0052490234
0.0134887695
0.0030517578
-0.0033569336
-0.0242309570
-0.0090942383
-0.0032958984
0.0060424805
0.0108642578
0.0148925781
-0.0129394531
0.0052490234
-0.0081176758
-0.0155639648
0.0078125000
-0.0612792969
-0.1088256836
0.0443725586
-0.0012207031
-0.1117553711
0.0789184570
-0.1428222656
-0.0830078125
0.0214233398
0.1276855469
-0.0016479492
0.1370239258
-0.0079956055
-0.1051025391
-0.0274658203
-0.1010742188
-0.0126953125
0.0205078125
0.0013427734
0.0336303711
0.0019531250
-0.0237426758
-0.0072631836
0.0275268555
-0.0142822266
0.0169677734
-0.0038452148
0.0308837891
0.0222778320
0.0065307617
0.0484008789
0.0080566406
0.0657958984
-0.0083618164
-0.0218505859
0.0645141602
0.0187377930
0.0175781250
-0.0159301758
-0.0181884766
-0.0070800781
0.0293579102
-0.0590820312
-0.0041503906
0.0413818359
-0.0287475586
-0.0059204102
0.0049438477
