0.0200195312
-0.0385131836
0.0269775391
-0.0249633789
-0.0217285156
-0.0356445312
-0.0183105469
0.0090942383
0.0070800781
-0.0073242188
0.0052490234
0.0122680664
0.0073852539
0.0004272461
0.0321655273
0.0146484375
-0.0106201172
-0.0273437500
-0.0073852539
0.0112915039
0.0171508789
0.0057373047
-0.0512084961
-0.0003662109
-0.0236206055
-0.0037231445
0.0612182617
0.0217285156
-0.0254516602
0.0256347656
0.0182495117
0.0121459961
-0.1193237305
-0.0940551758
-0.0346069336
-0.0330810547
0.0751342773
-0.0997924805
0.0742187500
-0.0232543945
-0.0211791992
-0.1060791016
0.0020751953
-0.0831909180
0.0150756836
-0.0383300781
0.0123901367
0.1297607422
-0.1358642578
0.1264038086
0.3021240234
-0.1730346680
0.1896972656
-0.1537475586
-0.1881713867
0.2703247070
-0.1965942383
-0.1257934570
-0.1427001953
-0.1702880859
0.1808471680
0.1526489258
-0.1437377930
0.1749267578
-0.2916870117
-0.2099609375
-0.2714233398
-0.0369873047
-0.0969238281
-0.3385009766
0.2149047852
0.2883911133
0.3259887695
-0.3264160156
-0.0829467773
-0.2554321289
0.0810546875
0.3212280273
-0.0661010742
-0.2098388672
-0.0587158203
-0.0446777344
-0.0585327148
0.0382690430
-0.0459594727
0.0764160156
-0.0446166992
0.0942993164
0.0933837891
0.0121459961
0.0256347656
-0.0435180664
0.1326293945
0.0349731445
0.1069335938
0.1028442383
0.0188598633
-0.0227050781
0.0003051758
-0.0404052734
0.0361938477
0.0215454102
-0.0413818359
-0.0325317383
-0.0199584961
0.0262451172
0.0133056641
0.0452270508
-0.0271606445
0.0181274414
0.0020751953
0.0266723633
-0.0941162109
-0.1388549805
0.0104980469
-0.0500488281
-0.1159667969
0.0748291016
-0.0952758789
-0.0769042969
0.0169067383
0.0961914062
-0.0734863281
0.1425781250
0.0559082031
-0.1561889648
-0.0347900391
-0.0428466797
0.0121459961
-0.0120239258
-0.0165405273
0.0352783203
0.0079956055
-0.0017089844
-0.0072021484
-0.0122680664
-0.0006103516
0.0036010742
0.0211181641
-0.0007324219
0.0375976562
-0.0112304688
-0.0013427734
-0.0142211914
0.0467529297
0.0228881836
-0.0474243164
0.0204467773
-0.0191040039
0.0067138672
-0.0352172852
-0.0122070312
-0.0324096680
0.0455932617
-0.0129394531
0.0214843750
0.0432739258
-0.0386962891
0.0045776367
-0.0303344727
