-0.0122070312
0.0043945312
0.0289916992
-0.0302124023
-0.0087890625
0.0180664062
-0.0199584961
0.0002441406
-0.0092773438
-0.0204467773
-0.0164794922
0.0187988281
-0.0158691406
0.0070800781
0.0025024414
0.0096435547
0.0308837891
-0.0242309570
0.0229492188
0.0352783203
-0.0079345703
0.0068969727
-0.0294799805
-0.0361328125
-0.0313720703
-0.0129394531
0.0321044922
0.0371704102
-0.0433959961
0.0469970703
-0.0145263672
-0.0428466797
-0.1907958984
-0.0774536133
-0.0560302734
0.0200805664
-0.0326538086
-0.1129150391
0.1050415039
-0.0399780273
-0.0750122070
-0.1072387695
-0.0318603516
-0.0366821289
0.0454101562
-0.0825805664
-0.0289306641
0.1544189453
-0.1765747070
0.1889648438
0.2645874023
-0.2779541016
0.2309570312
-0.1756591797
-0.1679077148
0.1223754883
-0.1151733398
-0.1670532227
-0.2095947266
-0.1485595703
0.2667846680
0.2169189453
-0.1911621094
0.2196655273
-0.0098876953
-0.0101928711
0.0106811523
-0.0067138672
0.0057373047
0.0128784180
-0.0204467773
0.0131225586
-0.0012207031
-0.0015869141
0.0061035156
0.0243530273
0.0037231445
-0.0078735352
0.0139160156
0.0271606445
-0.1637573242
-0.2661132812
0.0776367188
0.2216796875
-0.2512817383
0.2757568359
-0.1766357422
0.2045288086
0.2504882812
-0.1983032227
0.2796630859
-0.2362670898
0.2255859375
0.1936645508
0.2982788086
0.4213256836
0.0244140625
-0.0187988281
0.0178222656
0.0366821289
-0.0007934570
0.0019531250
-0.0182495117
0.0357055664
0.0050659180
0.0050659180
-0.0035400391
0.0025634766
0.0383911133
-0.0219726562
-0.0306396484
-0.0261230469
-0.1365966797
-0.1920166016
0.0957031250
-0.0817260742
-0.2131347656
0.1802368164
-0.2237548828
-0.1578979492
-0.0062255859
0.2180175781
-0.0809936523
0.1820678711
0.0615844727
-0.2144775391
-0.2009887695
-0.0846557617
-0.0216674805
-0.0057983398
-0.0102539062
0.0097656250
0.0269775391
-0.0299072266
-0.0067749023
0.0169067383
-0.0378417969
0.0143432617
0.0485839844
0.0390625000
0.0007324219
-0.0210571289
0.0399169922
0.0139770508
0.1107177734
0.0257568359
-0.0402832031
0.0798339844
0.0393066406
0.0032958984
-0.0661621094
-0.0152587891
-0.0450439453
0.0770874023
-0.0324707031
0.0287475586
0.0686035156
0.0082397461
0.0126953125
-0.0145263672
