-0.0966796875
-0.0509643555
0.1589965820
-0.0749511719
0.0479736328
-0.0399169922
-0.1542968750
0.0530395508
0.0751342773
-0.1475830078
0.0758056641
0.0013427734
-0.1059570312
-0.0656127930
-0.0021362305
0.0458374023
0.0144653320
0.0037841797
-0.0023803711
0.0253295898
-0.0050048828
0.0197143555
-0.0186767578
-0.0145263672
-0.0261230469
-0.0071411133
-0.0108032227
0.0075073242
-0.0286254883
0.0141601562
-0.0032348633
-0.0102539062
-0.1516113281
-0.0291137695
-0.1055297852
0.0597534180
0.0143432617
-0.1288452148
0.1768188477
-0.1055908203
-0.1322631836
-0.1135253906
-0.1049194336
-0.0683593750
0.1364135742
-0.0336303711
0.0459594727
0.1875000000
-0.1780395508
0.1901245117
0.3090209961
-0.3102416992
0.2916259766
-0.2200317383
-0.2102661133
0.1797485352
-0.2417602539
-0.2144165039
-0.2161254883
-0.2182617188
0.2474365234
0.2877197266
-0.1574096680
0.2520751953
-0.0021362305
-0.0154418945
0.0159912109
-0.0058593750
0.0000000000
0.0292358398
-0.0245971680
0.0105590820
-0.0341186523
-0.0053710938
0.0323486328
0.0244140625
0.0300903320
-0.0208129883
-0.0272216797
0.0411987305
-0.0863037109
-0.2212524414
-0.0410156250
0.2167968750
-0.1394653320
0.2663574219
-0.1003417969
0.1968383789
0.2891845703
-0.1809692383
0.2283325195
-0.1546020508
0.2404785156
0.1622924805
0.2697753906
0.3044433594
0.0587158203
0.0305786133
0.0424804688
0.0027465820
-0.0119018555
-0.0124511719
0.0303955078
0.0291137695
0.0086669922
0.0113525391
-0.0166625977
0.0765380859
-0.0028076172
-0.0368652344
0.0299682617
-0.0092163086
-0.1583251953
-0.2149658203
0.1323242188
-0.1491088867
-0.2614135742
0.2191772461
-0.2468261719
-0.1779174805
0.0424194336
0.2651367188
-0.0148315430
0.2003173828
0.1403808594
-0.2491455078
-0.0880737305
-0.2390136719
0.0181884766
-0.0059814453
0.0020751953
0.0333251953
0.0037231445
0.0053100586
-0.0295410156
-0.0265502930
-0.0060424805
0.0089721680
0.0207519531
-0.0275878906
-0.0003051758
-0.0438842773
-0.0163574219
0.0283203125
0.0263671875
-0.0398559570
-0.0341796875
0.0502929688
0.0536499023
-0.0268554688
0.0050659180
-0.0308837891
-0.0333251953
0.0379028320
-0.0336914062
0.0193481445
0.0650024414
0.0238647461
0.0187377930
-0.0310668945
