-0.0202026367
-0.0264892578
0.0169677734
-0.0548706055
0.0349121094
-0.0332031250
-0.0256958008
0.0448608398
-0.0039062500
-0.0060424805
0.0803833008
0.0494995117
-0.0119628906
-0.0465087891
0.0308837891
0.0543823242
-0.3280639648
0.2891845703
0.1419067383
-0.3281250000
-0.1124267578
0.2675781250
-0.0533447266
0.3304443359
0.3511352539
-0.0142211914
0.2138061523
0.0719604492
0.1643066406
-0.3486938477
-0.1290283203
-0.0612182617
-0.0225219727
-0.0505371094
-0.0402221680
0.0216064453
0.0291748047
-0.0562744141
0.0197753906
-0.0321655273
-0.0131225586
-0.0292968750
-0.0068969727
-0.0273437500
0.0547485352
0.0186157227
0.0092773438
0.0261840820
-0.0499877930
0.1079101562
0.1192016602
-0.0659790039
0.0836791992
-0.1181640625
-0.1069946289
0.0392456055
-0.0797119141
-0.1188964844
-0.1026611328
-0.1170043945
0.1342773438
0.1111450195
-0.1405639648
0.1539306641
-0.0109863281
0.0243530273
-0.0049438477
-0.0140991211
-0.0283203125
-0.0120849609
0.0121459961
0.0103149414
0.0275878906
-0.0138549805
0.0062255859
-0.0111083984
0.0219726562
0.0222778320
-0.0084228516
0.0072631836
-0.0177001953
-0.0079956055
-0.0040893555
0.0026855469
0.0144042969
0.0507812500
-0.0042724609
0.0753784180
0.0214233398
-0.0102539062
-0.0164184570
-0.0109252930
0.0371093750
-0.0056762695
0.0347290039
0.0254516602
0.0281372070
-0.0154418945
-0.0128173828
-0.0227661133
0.0256958008
0.0280151367
-0.0103759766
-0.0103759766
0.0026855469
0.0181274414
-0.0144042969
0.0344848633
-0.0066528320
0.0005493164
0.0059204102
0.0297851562
-0.1055908203
-0.1673583984
-0.0020751953
-0.0270996094
-0.0795288086
0.1431274414
-0.1151123047
-0.1159057617
0.0501098633
0.1207885742
-0.0537719727
0.1627197266
0.0726318359
-0.1472167969
-0.0511474609
-0.0728149414
-0.0635986328
0.0771484375
-0.0014648438
0.0629272461
-0.0337524414
0.0321655273
-0.0505371094
0.0993041992
-0.0931396484
0.0624389648
0.1052246094
0.1185302734
0.0894775391
-0.0710449219
-0.0012207031
0.0887451172
-0.0249633789
0.0123291016
0.0222167969
-0.0082397461
-0.0310058594
0.0264282227
0.0176391602
0.0205078125
0.0285034180
-0.0342407227
-0.0169677734
-0.0164184570
-0.0167236328
-0.0180053711
0.0084838867
0.0258789062
