-0.0147094727
-0.0153808594
0.0289306641
-0.0536499023
-0.0097656250
-0.0643310547
-0.0622558594
0.0306396484
-0.0012817383
-0.0393676758
0.0406494141
0.0353393555
-0.0178222656
-0.0445556641
0.0598754883
0.0119018555
0.0036621094
-0.0048828125
-0.0101318359
0.0220336914
0.0293579102
0.0029296875
-0.0460205078
-0.0187377930
-0.0289916992
-0.0195922852
-0.0098266602
0.0010375977
0.0308227539
0.0384521484
0.0509033203
-0.0471191406
-0.1002807617
-0.0921630859
-0.0335693359
0.0172119141
0.0733032227
-0.0864257812
0.0776367188
-0.1055908203
-0.0512084961
-0.0853881836
-0.0430908203
-0.0847778320
0.0545654297
-0.0355834961
0.0372314453
0.1339721680
-0.1307983398
0.1135253906
0.2371215820
-0.1925659180
0.2292480469
-0.1521606445
-0.1884155273
0.2423706055
-0.1792602539
-0.1318359375
-0.1734008789
-0.1186523438
0.1594848633
0.1704711914
-0.1380615234
0.1472167969
-0.3099975586
-0.1429443359
-0.2933959961
0.0133056641
-0.0664672852
-0.3115844727
0.3375244141
0.2587890625
0.3290405273
-0.2941284180
-0.1341552734
-0.2971801758
0.0783081055
0.3067016602
-0.0602416992
-0.1598510742
-0.0435180664
-0.0374145508
-0.0433959961
-0.0349731445
-0.0216674805
0.0818481445
-0.0367431641
0.0227661133
0.0877075195
-0.0369262695
0.0377807617
-0.0720825195
0.0302734375
0.0464477539
0.0590209961
0.0920410156
0.0211181641
0.0057373047
-0.0002441406
-0.0073852539
0.0120849609
-0.0084838867
-0.0214233398
-0.0177612305
-0.0278930664
-0.0007324219
0.0139770508
0.0032958984
-0.0310058594
0.0108032227
-0.0183715820
0.0209350586
-0.0277099609
-0.0531616211
-0.0081176758
0.0067749023
-0.0571899414
0.0575561523
-0.0503540039
-0.0385131836
0.0473022461
0.0383911133
-0.0409545898
0.0501708984
0.0168457031
-0.0535888672
-0.0004272461
-0.0294799805
0.0186157227
0.0070190430
0.0000000000
0.0205688477
0.0031127930
-0.0075683594
0.0092773438
-0.0094604492
0.0071411133
-0.0076293945
0.0241088867
-0.0311279297
-0.0036621094
-0.0043945312
-0.0171508789
0.0046386719
0.1544189453
-0.0584716797
-0.1062011719
0.0994873047
-0.0610351562
-0.0945434570
-0.1067504883
-0.0746459961
-0.1133422852
0.0798950195
-0.1122436523
0.1150512695
0.1032104492
-0.0133666992
-0.0186157227
-0.1175537109
