-0.2482910156
-0.2785034180
0.1793212891
-0.3154296875
0.2475585938
-0.2196655273
-0.2358398438
-0.0001220703
0.1895751953
-0.2213134766
0.3244018555
0.2189331055
-0.2628784180
-0.2360839844
-0.0156250000
0.3109130859
0.0064086914
-0.0021362305
0.0082397461
0.0270996094
-0.0042114258
0.0191040039
-0.0117187500
-0.0183105469
-0.0072021484
-0.0115966797
0.0494384766
0.0184936523
0.0093994141
0.0150146484
-0.0079956055
-0.0038452148
-0.1497192383
-0.0512084961
-0.0769042969
-0.0234985352
0.0568237305
-0.1401367188
0.1475219727
-0.0021362305
-0.1719970703
-0.1685180664
0.0292358398
-0.0880126953
0.0011596680
-0.0410766602
0.0843505859
0.1349487305
-0.0401611328
0.0798950195
0.1093139648
-0.1629638672
0.1178588867
-0.0770263672
-0.0596313477
0.0905151367
-0.0733642578
-0.0888671875
-0.1140747070
-0.0848388672
0.1072387695
0.0979003906
-0.0693969727
0.1268310547
0.0220947266
0.0133666992
0.0228271484
-0.0174560547
0.0108642578
0.0139770508
-0.0003051758
0.0057373047
0.0006713867
0.0192871094
0.0153808594
0.0023193359
0.0141601562
-0.0063476562
0.0009155273
0.0155029297
-0.0521240234
-0.1098632812
0.0592651367
0.1198730469
-0.0158691406
0.1107788086
-0.0540771484
0.1108398438
0.1198730469
-0.0447998047
0.1158447266
-0.0621337891
0.1096191406
0.0621948242
0.1055908203
0.1516723633
0.0206909180
0.0198974609
0.0220947266
0.0437011719
-0.0488891602
0.0300292969
0.0203857422
0.0239868164
-0.0158081055
0.0125122070
-0.0090332031
0.0032958984
-0.0126953125
-0.0292358398
-0.0170288086
-0.0027465820
-0.2034912109
-0.1921997070
-0.0037841797
-0.1294555664
-0.1661376953
0.1716308594
-0.1980590820
-0.1325073242
-0.0316162109
0.1486816406
-0.0918579102
0.2355957031
0.0510253906
-0.1868896484
-0.0487670898
-0.1184082031
0.0022583008
-0.0075683594
0.0125122070
-0.0108032227
0.0339355469
0.0244140625
-0.0167236328
-0.0007324219
-0.0086059570
0.0429687500
0.0430908203
-0.0031127930
0.0012817383
-0.0104980469
0.0165405273
0.0117187500
0.0157470703
0.0147705078
-0.0341186523
0.0331420898
-0.0108642578
-0.0139770508
-0.0022583008
-0.0394897461
-0.0173950195
0.0236816406
0.0030517578
0.0280761719
0.0268554688
0.0090332031
-0.0030517578
-0.0151977539
