-0.0266113281
-0.0320434570
0.0688476562
-0.0260620117
0.0206909180
0.0232543945
-0.0656738281
0.0259399414
0.0534057617
-0.1016235352
0.0930786133
0.0527343750
-0.0576171875
-0.0013427734
0.0197143555
0.0253906250
0.0418090820
-0.0399780273
-0.0003051758
0.0399780273
0.0262451172
-0.0162353516
0.0027465820
-0.0198974609
-0.0358276367
-0.0119018555
-0.0059814453
0.0263061523
0.0290527344
0.0250244141
-0.0094604492
0.0244140625
-0.3762207031
-0.2132568359
-0.3284301758
-0.0169067383
-0.0786743164
-0.3273925781
0.3485107422
-0.0203857422
-0.3928222656
-0.2651977539
-0.2133789062
-0.1358642578
-0.0508422852
-0.1341552734
0.1409912109
0.2667846680
-0.1466674805
0.0891723633
0.1644287109
-0.1489257812
0.1333618164
-0.1445312500
-0.0732421875
0.0996704102
-0.1388549805
-0.0893554688
-0.1043701172
-0.0861816406
0.1802978516
0.1289672852
-0.1066894531
0.0755004883
-0.0093994141
-0.0034179688
0.0068359375
0.0081787109
-0.0126953125
0.0032958984
0.0098266602
0.0148925781
0.0238647461
-0.0004272461
-0.0153198242
-0.0139770508
0.0094604492
0.0041503906
-0.0067138672
0.0041503906
-0.0946655273
-0.1135864258
0.0577392578
0.0383911133
-0.0691528320
0.1586914062
-0.0369873047
0.1235351562
0.1187744141
-0.0574340820
0.1125488281
-0.0909423828
0.1021118164
0.0234375000
0.1237792969
0.1577758789
-0.0018310547
-0.0162963867
0.0195312500
-0.0001831055
-0.0184936523
0.0194091797
0.0101928711
-0.0064697266
0.0092773438
0.0237426758
-0.0185546875
0.0048828125
-0.0128173828
0.0189208984
-0.0032348633
-0.0040893555
-0.0383911133
-0.0463867188
0.0299072266
-0.0233764648
-0.0330200195
0.0195312500
-0.0339355469
-0.0234985352
0.0126953125
0.0550537109
-0.0202636719
0.0476684570
0.0156250000
-0.0422363281
0.0037231445
-0.0182495117
-0.0235595703
0.0004272461
-0.0112304688
0.0057983398
-0.0086059570
0.0212402344
0.0088500977
0.0086669922
-0.0126342773
-0.0075073242
0.0219726562
0.0281372070
-0.0068359375
0.0009765625
0.0354614258
0.0069580078
0.0316162109
-0.0014648438
-0.0185546875
0.0248413086
-0.0170898438
0.0014648438
-0.0054931641
-0.0362548828
-0.0212402344
0.0062255859
-0.0364990234
0.0062255859
0.0006713867
-0.0281372070
-0.0042114258
-0.0172729492
