-0.2504882812
-0.2987670898
0.2318725586
-0.2488403320
0.3515014648
-0.2226562500
-0.2413330078
0.1123657227
0.1553955078
-0.2519531250
0.3258056641
0.0771484375
-0.2530517578
-0.2573242188
-0.0109252930
0.2737426758
0.0374145508
-0.0214843750
0.0255737305
0.0457763672
0.0446166992
0.0128784180
-0.0426635742
-0.0327758789
-0.0371704102
0.0031127930
0.0108642578
0.0037841797
0.0014038086
0.0230102539
-0.0364990234
0.0101928711
-0.0941772461
-0.0168457031
-0.0659790039
0.0036010742
-0.0132446289
-0.0844726562
0.0603027344
-0.0424194336
-0.0466308594
-0.0679321289
-0.0473632812
-0.0180664062
0.0772705078
0.0136108398
0.0065307617
0.0968017578
-0.0759277344
0.1099243164
0.1757812500
-0.1838989258
0.1640625000
-0.0990600586
-0.0966796875
0.0932617188
-0.0802001953
-0.1040039062
-0.0926513672
-0.0180053711
0.0693969727
0.1343994141
-0.1508178711
0.1185302734
0.0152587891
0.0051269531
0.0184936523
-0.0904541016
-0.0102539062
0.0180053711
0.0010375977
0.0340576172
-0.0212402344
0.0081787109
0.0294799805
-0.0319213867
0.0135498047
0.0025634766
0.0014038086
0.0399780273
-0.0420532227
-0.1694335938
-0.0305786133
0.1190185547
-0.1176147461
0.1918945312
-0.0108642578
0.1740112305
0.1889038086
-0.1378784180
0.1207885742
-0.0554809570
0.1464843750
0.1508789062
0.1602172852
0.2491455078
0.0184936523
0.0485229492
-0.0014648438
0.0596313477
-0.0402221680
-0.0489501953
0.0528564453
0.0817871094
0.0281372070
0.0427856445
-0.0404663086
-0.0534057617
0.0256347656
-0.0620727539
-0.1028442383
-0.0433959961
-0.0548706055
-0.1254882812
0.0514526367
-0.0311279297
-0.1051025391
0.1369018555
-0.1593627930
-0.0915527344
0.0560913086
0.1492309570
-0.0144653320
0.1390991211
-0.0104370117
-0.1240844727
-0.0409545898
-0.0698852539
-0.0014038086
0.0191650391
0.0114746094
0.0212402344
-0.0039062500
-0.0010986328
0.0040283203
0.0025024414
-0.0017700195
-0.0263061523
-0.0027465820
-0.0295410156
0.0009155273
0.0001831055
-0.0076293945
0.0203857422
-0.0244140625
-0.0203857422
0.0014038086
0.0316772461
0.0252075195
-0.0102539062
0.0026245117
-0.0195922852
-0.0303955078
0.0437011719
-0.0111694336
0.0128173828
0.0338745117
0.0080566406
0.0493164062
-0.0119628906
