-0.1118164062
-0.1688232422
0.1826171875
-0.1309204102
0.1213989258
-0.1440429688
-0.1154174805
-0.0048217773
0.1460571289
-0.1535034180
0.1624145508
0.0427856445
-0.0996704102
-0.1765136719
0.0479736328
0.0799560547
0.0288085938
-0.0101928711
0.0486450195
0.0242309570
0.0331420898
0.0150756836
-0.0368041992
-0.0045166016
-0.0131835938
-0.0209350586
-0.0145874023
0.0239868164
-0.0006103516
0.0134887695
0.0401000977
0.0072021484
-0.0322875977
-0.0296630859
-0.0084838867
-0.0026855469
0.0101318359
-0.0246582031
0.0338745117
-0.0189819336
0.0024414062
0.0184326172
-0.0004882812
-0.0014038086
0.0550537109
-0.0040283203
-0.0335083008
-0.0013427734
-0.1415405273
0.1641235352
0.2583007812
-0.1725463867
0.2147827148
-0.1702270508
-0.1441040039
0.2097167969
-0.1336669922
-0.1221923828
-0.1932983398
-0.1080932617
0.2350463867
0.1997070312
-0.2009887695
0.2048339844
-0.0079345703
0.0148925781
0.0164184570
-0.0156860352
0.0351562500
-0.0014648438
0.0182495117
-0.0025634766
0.0158081055
0.0084838867
-0.0189208984
-0.0212402344
-0.0197753906
0.0167846680
0.0151367188
0.0075073242
-0.0680541992
-0.0726318359
-0.0046997070
0.0592041016
-0.0796508789
0.1378784180
-0.0454101562
0.0595092773
0.1547241211
-0.1112670898
0.0733642578
-0.1251831055
0.0520019531
0.0979003906
0.1483764648
0.1335449219
0.0589599609
0.3359375000
0.2090454102
0.2948608398
-0.2518310547
-0.2296142578
0.3255615234
0.2105102539
0.0728149414
0.0481567383
-0.1459960938
-0.0426025391
0.2564086914
-0.3043212891
-0.2415771484
-0.3402709961
-0.0017089844
-0.0453491211
-0.0026245117
0.0055541992
-0.0342407227
0.0164794922
-0.0490112305
-0.0133666992
0.0406494141
0.0518188477
0.0070190430
0.0388793945
-0.0036621094
-0.0438232422
0.0221557617
0.0093383789
0.0074462891
0.0156250000
0.0391845703
0.0493774414
-0.0303955078
0.0135498047
-0.0059204102
-0.0095825195
-0.0054321289
-0.0277099609
-0.0070800781
-0.0029296875
0.0258178711
-0.0124511719
0.0211181641
0.0177001953
0.0451660156
-0.0220947266
0.0050048828
0.0246582031
-0.0155029297
-0.0003051758
-0.0188598633
-0.0275878906
0.0031127930
0.0400390625
-0.0397338867
0.0182495117
0.0393676758
-0.0355834961
0.0386962891
0.0098876953
