-0.0490112305
-0.0368652344
0.0891723633
-0.0066528320
0.0277099609
0.0262451172
-0.0446777344
0.0284423828
0.0507812500
-0.0769653320
0.0502929688
-0.0370483398
-0.0328979492
-0.0078125000
0.0290527344
0.0140991211
0.0087890625
0.0032348633
-0.0056152344
0.0137329102
0.0269775391
0.0150146484
0.0095214844
0.0026855469
-0.0128784180
0.0466918945
0.0145263672
0.0244140625
0.0159301758
0.0031127930
-0.0003662109
-0.0258178711
-0.1369628906
-0.0551147461
-0.0286254883
0.0384521484
-0.0335693359
-0.0850830078
0.0695190430
-0.0012817383
-0.1079711914
-0.0780639648
-0.0669555664
-0.0532226562
0.0935058594
-0.0703735352
-0.0418090820
0.1318969727
-0.2369384766
0.2131958008
0.3148803711
-0.2719116211
0.3241577148
-0.2316894531
-0.2424926758
0.1483764648
-0.2737426758
-0.2502441406
-0.2243041992
-0.1566162109
0.2467651367
0.2478637695
-0.1958618164
0.2110595703
-0.0148925781
0.0017700195
0.0147094727
0.0136108398
0.0134887695
-0.0182495117
0.0005493164
0.0103149414
0.0108032227
-0.0104370117
0.0307617188
-0.0151977539
0.0126953125
0.0191040039
-0.0213623047
0.0023803711
-0.0903930664
-0.2042236328
0.0167236328
0.1741943359
-0.1662597656
0.2489624023
-0.1104125977
0.2121582031
0.2792358398
-0.1462402344
0.1536865234
-0.1265258789
0.2915649414
0.1763916016
0.1976318359
0.2611694336
0.0361938477
0.0167236328
0.0439453125
0.0256958008
0.0064697266
0.0005493164
0.0010986328
0.0253906250
-0.0084228516
-0.0040893555
-0.0278930664
0.0082397461
0.0290527344
0.0001220703
-0.0017700195
-0.0405273438
-0.1146240234
-0.1650390625
0.0778808594
-0.1464233398
-0.1953735352
0.1392822266
-0.1770019531
-0.1520385742
0.0023803711
0.2328491211
-0.0074462891
0.1757202148
0.1179809570
-0.1812744141
-0.1122436523
-0.1243896484
0.0204467773
-0.0027465820
0.0079956055
0.0118408203
0.0081787109
-0.0102539062
-0.0242919922
-0.0178833008
0.0132446289
-0.0003051758
0.0081176758
-0.0059204102
-0.0111083984
0.0043945312
0.0185546875
-0.0098876953
0.0271606445
0.0272216797
-0.0166625977
0.0567626953
0.0101928711
-0.0128784180
-0.0065307617
-0.0379638672
-0.0305175781
0.0169067383
-0.0053100586
0.0139770508
0.0408325195
0.0016479492
0.0325927734
-0.0188598633
