-0.0488281250
-0.0454711914
0.0072021484
-0.0447998047
-0.0303955078
-0.0314331055
-0.0548706055
0.0233154297
-0.0047607422
-0.0272216797
0.1029052734
0.0306396484
-0.0077514648
-0.0695190430
0.0325317383
0.0251464844
-0.3410034180
0.3286132812
0.1293334961
-0.3461914062
0.0228881836
0.2901611328
-0.1091308594
0.3386230469
0.3484497070
0.0140380859
0.0739746094
0.0892333984
0.1837768555
-0.3572387695
-0.0703735352
-0.0410156250
-0.0612182617
-0.0421142578
-0.0755615234
0.0117797852
0.0216674805
-0.0928955078
0.0305786133
-0.0420532227
-0.0644531250
-0.0892333984
-0.0317382812
-0.0616455078
0.0669555664
0.0131225586
0.0059814453
0.0958862305
-0.0166015625
0.0137329102
0.0444335938
-0.0397338867
0.0150146484
-0.0241699219
-0.0391845703
0.0135498047
-0.0341796875
-0.0488281250
-0.0287475586
-0.0390014648
0.0264282227
0.0311279297
-0.0304565430
0.0467529297
-0.1741333008
-0.0186767578
-0.1087646484
-0.0451660156
-0.0440063477
-0.1375732422
0.1024780273
0.0969238281
0.1433715820
-0.1176757812
0.0311279297
-0.0752563477
0.0780639648
0.1163940430
-0.0054321289
-0.0120849609
-0.0251464844
-0.0111083984
0.0009155273
0.0034179688
0.0017700195
0.0078735352
-0.0114746094
0.0206909180
0.0181274414
0.0042724609
0.0010986328
-0.0227661133
-0.0045166016
0.0188598633
0.0174560547
-0.0011596680
0.0002441406
0.0310668945
0.0111083984
-0.0058593750
-0.0098266602
-0.0310058594
0.0233764648
0.0159301758
-0.0104370117
0.0175170898
-0.0112915039
-0.0007934570
-0.0017700195
-0.0334472656
-0.0079345703
0.0215454102
-0.0847167969
-0.1218261719
0.0602416992
0.0605468750
-0.1153564453
0.1157226562
-0.1313476562
-0.0899047852
-0.0117187500
0.0949096680
-0.0408935547
0.1224365234
0.0497436523
-0.1123657227
-0.0338134766
-0.0643310547
-0.0363159180
0.0266113281
-0.0175170898
-0.0200805664
-0.0258789062
-0.0203857422
0.0182495117
0.0446777344
-0.0288696289
-0.0091552734
-0.0086669922
0.0529785156
0.0330200195
-0.0192260742
-0.0117797852
0.0320434570
0.0073852539
-0.0296630859
-0.0454101562
0.0562744141
-0.0332641602
-0.0468750000
-0.0285644531
-0.0445556641
-0.0226440430
0.0328369141
-0.0379028320
0.0500488281
0.0192260742
0.0277709961
0.0050048828
-0.0505981445
