-0.0158081055
-0.0058593750
0.0205688477
-0.0052490234
0.0329589844
0.0541381836
-0.0617065430
0.0574340820
0.0373535156
-0.0710449219
0.0308227539
-0.0239868164
-0.0179443359
-0.0247802734
0.0045166016
0.0003051758
0.0073242188
-0.0197143555
0.0105590820
0.0259399414
0.0280761719
0.0111694336
0.0167236328
-0.0499877930
-0.0134887695
0.0131835938
0.0111083984
0.0220947266
0.0341796875
0.0172729492
-0.0051269531
0.0078735352
-0.3672485352
-0.0995483398
-0.3045043945
-0.0273437500
-0.0008544922
-0.3222045898
0.3639526367
-0.0469970703
-0.3925170898
-0.2904052734
-0.2482910156
-0.1180419922
0.0054321289
-0.1215820312
0.1690063477
0.3131713867
-0.0568237305
0.0742187500
0.0155029297
-0.1234741211
0.0144042969
-0.0498046875
-0.0145263672
0.0817260742
-0.0872192383
-0.0789794922
-0.0693359375
0.0000610352
-0.0043334961
0.0773315430
-0.1003417969
0.0335693359
0.0111083984
0.0021972656
0.0342407227
0.0170898438
-0.0355224609
-0.0020751953
0.0054931641
0.0034179688
0.0150756836
0.0202636719
0.0104370117
-0.0135498047
-0.0046386719
-0.0499267578
-0.0021972656
-0.0172119141
-0.0173339844
-0.1154785156
-0.0025634766
0.0457153320
-0.0549926758
0.1158447266
-0.0103149414
0.1202392578
0.0730590820
-0.0642700195
0.0662231445
-0.0479736328
0.1191406250
0.0043945312
0.0930175781
0.0963745117
0.0306396484
-0.0317993164
0.0070800781
-0.0287475586
0.0018920898
0.0139160156
-0.0251464844
-0.0001831055
0.0102539062
0.0186767578
0.0286254883
0.0133056641
-0.0122070312
0.0288696289
0.0192260742
0.0095214844
-0.0163574219
-0.0338745117
0.0222167969
0.0433959961
-0.0271606445
0.0253295898
-0.0188598633
-0.0326538086
0.0010375977
0.0343627930
0.0118408203
0.0473632812
0.0230102539
-0.0463867188
-0.0218505859
-0.0052490234
-0.0025024414
0.0269775391
0.0335083008
0.0126953125
-0.0340576172
0.0123901367
0.0298461914
-0.0036621094
-0.0283813477
-0.0289306641
0.0325927734
0.0173950195
0.0278320312
0.0087280273
-0.0079345703
0.0346679688
0.0054931641
0.0164794922
-0.0382080078
0.0289306641
-0.0250854492
-0.0001831055
0.0093383789
-0.0161132812
-0.0133666992
0.0051879883
-0.0140380859
0.0169677734
0.0170288086
-0.0150146484
-0.0182495117
-0.0131835938
