-0.0493774414
-0.0147705078
0.0280151367
-0.0390625000
0.0043334961
-0.0527343750
-0.0487060547
0.0029907227
-0.0029907227
-0.0347290039
0.0128784180
-0.0261230469
-0.0319824219
-0.0778808594
0.0400390625
0.0118408203
-0.0045776367
-0.0014038086
0.0018920898
0.0100097656
0.0148925781
0.0044555664
-0.0122680664
-0.0001220703
-0.0096435547
-0.0136108398
0.0100097656
0.0020751953
0.0005493164
0.0049438477
0.0095825195
-0.0239868164
-0.0736083984
-0.0599975586
-0.0506591797
-0.0001831055
0.0581665039
-0.0931396484
0.0942993164
-0.0889892578
-0.0427246094
-0.1236572266
-0.0652465820
-0.0532226562
0.0325927734
-0.0369262695
-0.0214843750
0.1602172852
-0.0325317383
0.0351562500
0.1367187500
-0.0645751953
0.1174926758
-0.0718383789
-0.0800781250
0.1334838867
-0.1011962891
-0.0383911133
-0.0666503906
-0.0522460938
0.0639038086
0.0742187500
-0.0973510742
0.0922851562
-0.2989501953
-0.0888671875
-0.2885131836
0.0581054688
-0.0167846680
-0.3153076172
0.3385009766
0.2943115234
0.3721313477
-0.3220214844
-0.0647583008
-0.2893066406
0.0781860352
0.3030395508
-0.0391845703
-0.1608886719
-0.0358276367
-0.0546264648
-0.0187988281
0.0197753906
-0.0603637695
0.0803222656
-0.0307617188
0.0739135742
0.0986328125
-0.0961914062
0.0644531250
-0.0845947266
0.0635375977
0.0513305664
0.0835571289
0.1105346680
-0.0297851562
-0.0408325195
-0.0089111328
-0.0493774414
0.0471191406
-0.0069580078
-0.0429077148
-0.0557250977
-0.0131835938
-0.0214843750
0.0400390625
0.0082397461
-0.0574951172
0.0388183594
-0.0344848633
0.0416259766
-0.1389770508
-0.1731567383
0.0316772461
-0.0787353516
-0.1246337891
0.1146240234
-0.1436157227
-0.0723876953
0.0471801758
0.1239013672
-0.0916748047
0.1731567383
0.1008911133
-0.1720581055
-0.0710449219
-0.0826416016
-0.0015258789
0.0148315430
-0.0081787109
0.0177001953
-0.0220947266
-0.0059814453
-0.0302124023
0.0061645508
-0.0125122070
0.0158081055
0.0317993164
-0.0158081055
0.0411987305
-0.0290527344
-0.0028686523
0.0239868164
0.0809936523
0.0205688477
-0.0778198242
0.0957031250
-0.0954589844
-0.0480346680
-0.1110839844
-0.0485229492
-0.0593261719
0.1010742188
-0.0902709961
0.0824584961
0.0758056641
-0.0238647461
0.0048217773
-0.0578002930
