-0.0069580078
-0.0062866211
0.0166015625
0.0001831055
-0.0061645508
0.0244750977
-0.0106811523
0.0187988281
0.0117797852
-0.0127563477
0.0136718750
0.0015869141
-0.0072021484
0.0028076172
0.0111694336
0.0140380859
0.0219116211
-0.0136108398
0.0065917969
0.0328369141
0.0144653320
0.0067749023
-0.0142822266
-0.0266113281
-0.0334472656
0.0137329102
0.0101928711
0.0396728516
0.0158081055
0.0287475586
0.0311889648
-0.0549926758
-0.1137084961
-0.0228271484
-0.0462036133
-0.0093383789
-0.0049438477
-0.0891113281
0.1113891602
-0.0413208008
-0.0601196289
-0.0114135742
-0.0803833008
-0.0211791992
0.0509643555
-0.0827026367
-0.0130615234
0.0839233398
-0.2436523438
0.1986083984
0.3024902344
-0.2871093750
0.2878417969
-0.2312011719
-0.2189941406
0.1282958984
-0.2371215820
-0.2738647461
-0.2783813477
-0.1717529297
0.2313232422
0.2644653320
-0.2236328125
0.2512207031
-0.0132446289
0.0096435547
0.0290527344
0.0226440430
-0.0123901367
0.0028076172
-0.0040893555
0.0073242188
-0.0083618164
0.0165405273
0.0265502930
0.0053710938
-0.0017089844
0.0078735352
-0.0120849609
0.0158691406
-0.1240844727
-0.2152709961
0.1014404297
0.1563110352
-0.1510620117
0.2891235352
-0.1752319336
0.1992187500
0.2768554688
-0.1064453125
0.2130737305
-0.1928710938
0.1870117188
0.1617431641
0.2578125000
0.3186645508
0.0340576172
0.0548095703
0.0441284180
0.0557250977
-0.0334472656
-0.0241699219
0.0159301758
0.0643310547
0.0419311523
-0.0124511719
-0.0158691406
0.0687866211
0.0300292969
-0.0162353516
-0.0106201172
-0.0624389648
-0.0216064453
-0.0084838867
-0.0012817383
-0.0006103516
-0.0305175781
0.0231323242
-0.0268554688
-0.0288696289
-0.0527343750
0.0584106445
-0.0042724609
0.0165405273
0.0229492188
-0.0271606445
-0.0131225586
-0.0786743164
0.0133056641
0.0151977539
0.0072631836
0.0222167969
0.0079956055
-0.0164184570
-0.0175781250
-0.0058593750
-0.0253906250
0.0139770508
-0.0100097656
0.0103759766
-0.0039672852
-0.0109252930
-0.0072631836
0.0048217773
0.0880126953
0.0386352539
-0.0307006836
0.0733642578
-0.0197143555
-0.0559082031
-0.0521240234
-0.0680541992
-0.0323486328
0.0664062500
-0.0451049805
0.0347900391
0.0715332031
-0.0115966797
0.0207519531
-0.0507202148
