-0.0396728516
-0.0413818359
0.0112304688
-0.0510253906
-0.0216064453
0.0039062500
-0.0589599609
0.0352783203
-0.0322875977
-0.0332641602
0.1032104492
0.0360107422
-0.0090942383
-0.0667724609
0.0085449219
0.0339355469
-0.3411254883
0.3287353516
0.1243286133
-0.3488159180
-0.0067749023
0.2838134766
-0.0484008789
0.3432617188
0.3558349609
0.0578613281
0.1011962891
0.0770874023
0.2108764648
-0.3502197266
-0.1151733398
-0.0216064453
-0.0961914062
-0.0529785156
-0.1110229492
0.0208129883
0.0166625977
-0.1178588867
0.0619506836
-0.0717773438
-0.0864257812
-0.0921020508
-0.0346679688
-0.0805664062
0.0518188477
-0.0402221680
0.0056762695
0.1116333008
0.0023193359
0.0002441406
0.0491943359
-0.0306396484
0.0008544922
-0.0205688477
-0.0150756836
-0.0048828125
-0.0076904297
-0.0375366211
-0.0241699219
-0.0210571289
0.0292358398
0.0036010742
-0.0110473633
-0.0045166016
-0.0878295898
-0.0025634766
-0.0674438477
0.0112915039
-0.0266113281
-0.0834960938
0.0901489258
0.0227050781
0.1286621094
-0.0964355469
0.0581054688
-0.0791015625
0.1026611328
0.0831909180
0.0062255859
-0.0067749023
-0.0126342773
0.0043945312
0.0080566406
-0.0009765625
0.0020141602
-0.0054321289
-0.0014648438
0.0148315430
0.0291137695
0.0015258789
0.0015258789
-0.0056762695
-0.0045166016
0.0083618164
0.0077514648
0.0010986328
0.0032348633
0.0137939453
0.0104370117
-0.0060424805
0.0026855469
-0.0191040039
0.0064697266
0.0105590820
0.0070190430
0.0001220703
-0.0048217773
0.0046386719
-0.0072631836
-0.0193481445
0.0133666992
0.0131225586
-0.1151733398
-0.1303710938
0.0165405273
0.0089721680
-0.1115112305
0.1257934570
-0.1124877930
-0.0943603516
-0.0286865234
0.0785522461
-0.0502929688
0.1062622070
0.0459594727
-0.1005859375
-0.0093994141
-0.0508422852
-0.0278320312
0.0126342773
0.0075683594
-0.0325317383
0.0001831055
-0.0041503906
0.0054321289
0.0203247070
0.0043945312
0.0069580078
0.0173950195
0.0183715820
0.0195922852
-0.0238037109
-0.0028076172
0.0098266602
-0.0111694336
-0.0230102539
-0.0289916992
0.0435791016
-0.0419311523
-0.0267333984
-0.0197753906
-0.0376586914
-0.0098876953
0.0048828125
-0.0218505859
0.0253295898
-0.0051269531
0.0125122070
0.0042724609
-0.0358886719
