-0.0169067383
-0.0531005859
0.0593872070
-0.0199584961
0.0238647461
-0.0115966797
-0.0401611328
0.0351562500
0.0186767578
-0.0438842773
0.0615844727
0.0338745117
-0.0644531250
-0.0122070312
0.0194702148
0.0437011719
0.0148315430
-0.0122070312
0.0324707031
0.0049438477
0.0039672852
-0.0007324219
-0.0028076172
-0.0075683594
-0.0061645508
-0.0162353516
0.0087280273
0.0057373047
-0.0075073242
0.0007324219
-0.0293579102
-0.0054931641
-0.3649902344
-0.1535034180
-0.3417968750
-0.0782470703
-0.0479736328
-0.3389282227
0.3261108398
-0.0268554688
-0.3812866211
-0.2935180664
-0.1241455078
-0.1657104492
0.0018310547
-0.1362304688
0.1653442383
0.2951049805
-0.1468505859
0.1312866211
0.1942138672
-0.1453857422
0.1347045898
-0.1651611328
-0.1245727539
0.1767578125
-0.1649169922
-0.0988769531
-0.1533813477
-0.0898437500
0.1975097656
0.1509399414
-0.1651611328
0.1037597656
-0.0050659180
-0.0089111328
0.0162353516
-0.0001831055
-0.0114135742
-0.0086059570
-0.0013427734
0.0068359375
-0.0012207031
0.0040283203
0.0005493164
-0.0012207031
0.0229492188
0.0021972656
-0.0018920898
-0.0084838867
-0.0648193359
-0.1223144531
0.0418090820
0.0830688477
-0.0568847656
0.1071166992
0.0078125000
0.1138305664
0.1173706055
-0.0837402344
0.0465087891
-0.0424194336
0.1021728516
0.0329589844
0.0878906250
0.1289062500
0.0214843750
-0.0051879883
0.0164184570
-0.0126953125
-0.0086669922
-0.0056762695
0.0045776367
-0.0210571289
-0.0036010742
0.0354614258
-0.0208129883
0.0035400391
-0.0077514648
0.0188598633
0.0182495117
0.0019531250
-0.1027832031
-0.0868530273
-0.0049438477
-0.0555419922
-0.0974121094
0.1165161133
-0.0888671875
-0.0685424805
0.0023193359
0.1212768555
-0.0666503906
0.1170043945
0.0040283203
-0.1055908203
-0.0364990234
-0.0712280273
0.0069580078
-0.0064697266
0.0041503906
0.0042724609
0.0012817383
0.0112304688
0.0116577148
-0.0087890625
0.0068969727
-0.0006103516
0.0091552734
0.0043945312
0.0112915039
0.0058593750
0.0070190430
-0.0053100586
0.0280151367
0.0166625977
-0.0622558594
0.0335083008
-0.0042114258
-0.0140380859
-0.0141601562
-0.0422973633
-0.0309448242
0.0148925781
-0.0015869141
0.0159912109
0.0233154297
-0.0857543945
-0.0109252930
-0.0541381836
