0.0050659180
-0.0011596680
0.0388793945
-0.0039062500
0.0300903320
0.0011596680
0.0043945312
0.0161132812
0.0319824219
0.0257568359
-0.0150756836
-0.0065917969
0.0237426758
0.0072021484
0.0125122070
-0.0333862305
0.0126953125
0.0120239258
0.0169677734
0.0019531250
0.0354003906
0.0300903320
-0.0388183594
0.0010986328
0.0025024414
0.0145874023
0.0095214844
0.0404052734
-0.0148925781
-0.0059814453
-0.0190429688
-0.0268554688
-0.2588500977
-0.1516723633
-0.2241821289
0.0165405273
-0.0928955078
-0.2363281250
0.2351074219
-0.0795898438
-0.1910400391
-0.2028808594
-0.0350952148
-0.0774536133
0.0905761719
-0.0974121094
0.0473632812
0.2707519531
-0.0858154297
0.0975341797
0.1537475586
-0.1669311523
0.1401977539
-0.1737670898
-0.0825805664
-0.0214843750
-0.0910644531
-0.1748657227
-0.1566162109
-0.0929565430
0.1826782227
0.1273803711
-0.0830078125
0.0511474609
-0.0062866211
-0.0047607422
-0.0126342773
-0.0198974609
-0.0005493164
-0.0148315430
0.0050048828
-0.0023193359
0.0136718750
-0.0370483398
0.0328979492
-0.0046386719
0.0067138672
0.0079345703
0.0228881836
0.0437011719
-0.1165161133
-0.2892456055
-0.0032348633
0.2624511719
-0.1903076172
0.2569580078
-0.1262817383
0.2624511719
0.2354125977
-0.2543334961
0.2957763672
-0.1734619141
0.2557373047
0.2114868164
0.2291870117
0.4396972656
0.0278930664
-0.0200805664
0.0175781250
-0.0087890625
0.0126342773
-0.0043334961
-0.0424804688
0.0037231445
-0.0301513672
-0.0098266602
0.0232543945
-0.0255737305
-0.0006713867
0.0166015625
0.0046386719
0.0109252930
-0.0691528320
-0.1032714844
0.0443725586
0.0141601562
-0.1220092773
0.0443725586
-0.1460571289
-0.0897216797
0.0183715820
0.1539306641
-0.0229492188
0.0313720703
0.0013427734
-0.0857543945
-0.0564575195
-0.1366577148
0.0036621094
-0.0024414062
0.0034790039
0.0155639648
0.0098876953
-0.0137939453
0.0005493164
-0.0037841797
-0.0025634766
0.0036621094
0.0018310547
0.0004272461
-0.0001220703
0.0005493164
-0.0012817383
0.0026245117
0.0195922852
0.0083007812
-0.0126342773
0.0261840820
0.0220947266
0.0029907227
-0.0029296875
-0.0006103516
-0.0003662109
0.0130615234
-0.0126342773
-0.0043334961
0.0137329102
-0.0124511719
0.0057983398
0.0073852539
