-0.0726928711
-0.1054687500
0.0250854492
-0.1304931641
0.0172119141
-0.0489501953
-0.1011352539
0.0555419922
0.0083007812
-0.0534667969
0.1375122070
0.0449218750
-0.0540771484
-0.1262817383
0.0451049805
0.0729370117
-0.2855834961
0.3132934570
0.1417236328
-0.3124389648
0.1066894531
0.2568359375
-0.0408325195
0.3062133789
0.3211059570
0.0598754883
0.0346679688
0.0072021484
0.2041015625
-0.3323364258
-0.0617065430
0.0255126953
-0.0704956055
-0.0932617188
-0.1030883789
0.0565185547
0.0584716797
-0.0950927734
0.0718994141
-0.0646362305
-0.0767822266
-0.1165771484
-0.0248413086
-0.0147094727
0.0458374023
-0.0417480469
0.0167846680
0.0823974609
-0.0750122070
0.0849609375
0.0913696289
-0.1495971680
0.0763549805
-0.0825195312
-0.0524291992
0.0792846680
-0.0646972656
-0.1026000977
-0.0860595703
-0.1262817383
0.0966186523
0.1093750000
-0.0777587891
0.0947875977
-0.1138305664
-0.0510253906
-0.0930175781
-0.0063476562
-0.0082397461
-0.0681152344
0.0573730469
0.0609130859
0.1204833984
-0.0958862305
0.0532836914
-0.0856933594
0.0147094727
0.0484008789
0.0369873047
0.0517578125
-0.0355224609
-0.0544433594
0.0516967773
0.0156860352
0.0268554688
0.0658569336
-0.0193481445
0.0748291016
0.0583496094
-0.0526733398
0.0289916992
-0.0386352539
0.0664672852
0.0559082031
0.0744628906
0.0566406250
0.0218505859
-0.0024414062
0.0213012695
-0.0025634766
-0.0031738281
-0.0108032227
-0.0076293945
-0.0012207031
0.0631103516
-0.0331420898
0.0107421875
0.0152587891
0.0176391602
0.0005493164
-0.0403442383
0.0141601562
-0.2462158203
-0.2406005859
-0.0221557617
0.0000610352
-0.2155151367
0.1983032227
-0.2037353516
-0.1477661133
-0.0027465820
0.1617431641
-0.0610351562
0.2270507812
0.0714111328
-0.2117309570
-0.0414428711
-0.1702270508
-0.1626586914
0.1100463867
0.0379638672
-0.0732421875
-0.1273803711
0.0437622070
0.0300903320
0.1621093750
-0.0945434570
-0.0197753906
0.0390625000
0.1433715820
0.0020751953
-0.1010131836
-0.0488891602
0.1129760742
0.0342407227
0.0321655273
-0.0643920898
0.0592041016
-0.0526733398
-0.0160522461
-0.0155639648
-0.0394897461
-0.0040283203
0.0106811523
0.0034179688
0.0582885742
0.0233764648
0.0617065430
-0.0631713867
-0.0556030273
