-0.0838623047
-0.0631713867
0.0978393555
-0.0748291016
0.1004028320
0.0054931641
-0.1269531250
0.0380859375
0.0344848633
-0.0633544922
0.0985107422
0.0254516602
-0.1169433594
-0.0786743164
0.0648193359
0.0909423828
0.0153198242
0.0089111328
-0.0268554688
0.0303344727
-0.0222778320
0.0049438477
-0.0287475586
-0.0250244141
-0.0161132812
0.0070800781
0.0169677734
-0.0086059570
0.0067749023
0.0259399414
-0.0072631836
0.0094604492
-0.2979125977
-0.0355834961
-0.2270507812
0.0631713867
0.1023559570
-0.3065795898
0.2706298828
-0.1155395508
-0.3837890625
-0.3239135742
-0.1483764648
-0.2238769531
0.0932617188
-0.1027221680
0.2307739258
0.3035278320
-0.2002563477
0.1508789062
0.1952514648
-0.2235107422
0.1979980469
-0.2108764648
-0.1124267578
0.1857299805
-0.1924438477
-0.1726074219
-0.1995849609
-0.0753784180
0.2238159180
0.2775878906
-0.1400756836
0.2152709961
-0.0093383789
0.0032958984
0.0341186523
0.0392456055
-0.0151367188
-0.0107421875
0.0072021484
-0.0012207031
0.0241699219
0.0088500977
0.0113525391
0.0177612305
-0.0367431641
-0.0100708008
0.0421752930
0.0107421875
-0.0426635742
-0.1160888672
0.0222778320
0.0258178711
0.0051269531
0.0954589844
-0.0700683594
0.1036987305
0.0904541016
-0.0715332031
0.0659179688
-0.0145263672
0.0999145508
0.0547485352
0.0842285156
0.0859985352
0.0073852539
-0.0113525391
0.0134277344
-0.0020141602
-0.0014038086
0.0125732422
-0.0073852539
-0.0112915039
0.0000610352
0.0087890625
0.0031738281
0.0016479492
0.0027465820
0.0023803711
0.0009155273
0.0064086914
-0.0627441406
-0.1027221680
0.0509643555
0.0635986328
-0.0809936523
0.0739746094
-0.0680541992
-0.0689086914
0.0078125000
0.0264282227
-0.0090942383
0.1125488281
0.0641479492
-0.0971069336
-0.0116577148
-0.0702514648
-0.0420532227
0.0726318359
0.0327758789
0.0240478516
-0.0443115234
0.0534667969
-0.0385131836
0.0238037109
0.0211791992
-0.0201416016
0.0305786133
0.0151367188
-0.0030517578
0.0100708008
0.0255737305
0.0213623047
-0.0117797852
0.0636596680
-0.0019531250
0.0212402344
-0.0106201172
0.0236816406
0.0228271484
-0.0094604492
0.0271606445
-0.0138549805
0.0137939453
-0.0249633789
0.0148925781
0.0365600586
-0.0220336914
0.0024414062
