-0.0957641602
-0.0592651367
0.1112060547
-0.1610107422
0.0867919922
-0.1068725586
-0.1162719727
0.0261230469
0.0140380859
-0.1226196289
0.1264038086
0.0181274414
-0.0806884766
-0.1666870117
0.0267944336
0.0659790039
-0.0231323242
0.0230102539
-0.0070190430
0.0070190430
-0.0036010742
0.0048828125
-0.0086059570
-0.0025024414
-0.0273437500
-0.0180053711
0.0003051758
-0.0081176758
0.0280151367
0.0025634766
-0.0192871094
0.0001831055
-0.1365966797
-0.0450439453
-0.1168212891
-0.0050048828
0.0435180664
-0.1613159180
0.1246948242
-0.0357055664
-0.1406860352
-0.1689453125
-0.0759277344
-0.0634765625
0.0469360352
-0.0523681641
0.0377197266
0.2143554688
-0.0351562500
0.0057983398
0.1026000977
-0.0815429688
0.0874633789
-0.0633544922
-0.0682983398
0.1048583984
-0.0740356445
-0.0347290039
-0.0717773438
-0.0941162109
0.0924072266
0.0759277344
-0.0347900391
0.0640258789
-0.3052978516
-0.1391601562
-0.2761230469
0.0669555664
-0.1705322266
-0.3097534180
0.3041992188
0.2639770508
0.3480224609
-0.3060913086
-0.0816650391
-0.3220214844
0.1288452148
0.2987670898
-0.0335083008
-0.1439208984
-0.0704956055
-0.0537719727
0.0487060547
0.0067749023
-0.0899658203
0.0840454102
-0.0225219727
0.1021118164
0.1452026367
-0.0043334961
0.0585327148
-0.0879516602
0.0516357422
0.0887451172
0.0924072266
0.1000976562
-0.0203247070
-0.0100097656
0.0154418945
-0.0228271484
-0.0051879883
-0.0034790039
-0.0042114258
-0.0020141602
0.0339355469
0.0112915039
0.0292358398
0.0087890625
0.0339965820
-0.0034179688
-0.0426025391
0.0037841797
-0.1298217773
-0.1819458008
-0.0032348633
-0.0598754883
-0.1297607422
0.0751342773
-0.1735839844
-0.0328369141
0.0537719727
0.1031494141
-0.1475219727
0.2141723633
0.0485839844
-0.2033081055
-0.0751953125
-0.1140747070
-0.0109252930
0.0344848633
0.0067138672
0.0285034180
-0.0253295898
0.0348510742
-0.0385742188
0.0379028320
-0.0372314453
0.0103759766
0.0430908203
0.0000000000
0.0320434570
-0.0183715820
-0.0051879883
0.0164794922
0.1045532227
0.0123291016
-0.1468505859
0.1102294922
-0.0461425781
-0.0509643555
-0.1215820312
-0.1406860352
-0.1149291992
0.1186523438
-0.0857543945
0.1267089844
0.0967407227
-0.0097045898
0.0134887695
-0.1102294922
