-0.0581665039
-0.0410156250
0.0277099609
-0.0357055664
-0.0538330078
-0.0192260742
-0.0552978516
0.0112304688
-0.0678100586
-0.0438232422
0.0791625977
0.0000000000
-0.0307006836
-0.0992431641
0.0458374023
0.0526733398
-0.3236694336
0.3369750977
0.1578369141
-0.3506469727
0.0387573242
0.2651977539
-0.0817871094
0.3408203125
0.3634643555
-0.0067749023
0.0331420898
0.0949096680
0.1909790039
-0.3733520508
-0.0808105469
-0.0355834961
-0.1075439453
-0.0600585938
-0.1385498047
0.0328369141
-0.0087280273
-0.1055908203
0.0979614258
-0.1030883789
-0.0825805664
-0.1342163086
-0.0411376953
-0.0947265625
0.1008911133
-0.0296630859
0.0097656250
0.1179199219
-0.0511474609
0.0701904297
0.1414184570
-0.1325683594
0.0415649414
-0.0958862305
-0.0894775391
0.0401611328
-0.0834960938
-0.1514282227
-0.1203002930
-0.1173095703
0.0913085938
0.0816650391
-0.1146240234
0.1058959961
-0.0465698242
0.0059814453
-0.0297851562
-0.0135498047
-0.0014648438
-0.0269165039
0.0177001953
0.0203247070
0.0334472656
-0.0515747070
0.0095825195
-0.0263671875
0.0029296875
0.0165405273
0.0185546875
0.0124511719
-0.0581665039
-0.0689697266
0.0783691406
0.0298461914
0.0140991211
0.0941772461
-0.0512084961
0.0822753906
0.0922241211
-0.0322875977
0.0577392578
-0.0674438477
0.0701904297
0.0585327148
0.0781250000
0.0299682617
0.0075073242
0.0108642578
0.0387573242
-0.0046386719
-0.0017089844
-0.0054931641
0.0097045898
0.0076904297
-0.0184936523
-0.0028076172
-0.0064697266
0.0161132812
0.0054321289
-0.0043945312
-0.0115356445
0.0065307617
-0.1286621094
-0.1316528320
0.0227661133
0.0487670898
-0.1388549805
0.1188964844
-0.1306152344
-0.0930786133
-0.0143432617
0.0999755859
-0.0547485352
0.1353149414
0.0196533203
-0.1219482422
-0.0445556641
-0.0910644531
-0.0535888672
0.0275878906
0.0181884766
-0.0731811523
-0.0568847656
-0.0053100586
0.0244750977
0.0778198242
-0.0628051758
0.0348510742
-0.0065307617
0.0977783203
0.0652465820
-0.0242919922
-0.0153198242
0.0468750000
0.0290527344
-0.0001220703
-0.0406494141
0.0457153320
-0.0328369141
-0.0198974609
-0.0304565430
-0.0386352539
-0.0266113281
0.0165405273
-0.0289306641
0.0387573242
-0.0024414062
-0.0119018555
-0.0205688477
-0.0274658203
