-0.0896606445
-0.0997924805
0.0483398438
-0.1278076172
0.0046386719
-0.0650634766
-0.1072387695
0.0419921875
-0.0123291016
-0.0875854492
0.1199340820
0.0294189453
-0.0600585938
-0.1132202148
0.0474243164
0.1054687500
-0.3159179688
0.3337402344
0.1503906250
-0.3579101562
0.0894775391
0.2857055664
-0.0875244141
0.3413085938
0.3500976562
0.0571899414
0.0281372070
0.1021728516
0.1915893555
-0.3569946289
-0.0067138672
0.0178222656
-0.0125732422
-0.0061645508
-0.0021972656
0.0223388672
0.0093383789
-0.0333251953
-0.0015869141
-0.0465698242
-0.0209350586
-0.0406494141
-0.0135498047
-0.0261230469
0.0418090820
-0.0168457031
0.0029296875
0.0392456055
-0.0424194336
0.0756835938
0.1141967773
-0.1060180664
0.0596923828
-0.0532836914
-0.0420532227
0.0845947266
-0.1048583984
-0.1149902344
-0.0847778320
-0.0777587891
0.1305541992
0.0996093750
-0.0598754883
0.0737304688
-0.0678710938
-0.0333251953
-0.0547485352
0.0208129883
-0.0281982422
-0.0458984375
0.0749511719
0.0169677734
0.0691528320
-0.0605468750
0.0270996094
-0.0944824219
0.0191650391
0.0535888672
0.0816040039
0.0393676758
-0.0410766602
-0.0504760742
0.0697021484
0.0053100586
0.0250244141
0.0534667969
0.0059814453
0.0671386719
0.0772094727
0.0114746094
0.0238647461
-0.0317382812
0.0184936523
0.0466308594
0.0809326172
0.0243530273
0.0239257812
-0.0173950195
0.0425415039
-0.0394897461
0.0275878906
0.0072631836
-0.0260620117
-0.0161132812
0.0291748047
-0.0171508789
0.0587768555
0.0081787109
0.0241088867
0.0166625977
-0.0186767578
0.0291748047
-0.1232910156
-0.1627197266
0.0087280273
0.0277709961
-0.1247558594
0.1069335938
-0.1516723633
-0.0621948242
0.0277709961
0.1054687500
-0.0814819336
0.1388549805
0.0050048828
-0.1223754883
-0.0140991211
-0.1182861328
-0.0954589844
0.0435791016
0.0473632812
-0.0272216797
-0.0601196289
0.0142822266
0.0545043945
0.0799560547
-0.0665283203
-0.0148315430
-0.0140380859
0.0752563477
-0.0325317383
-0.0319213867
-0.0317382812
0.0430297852
0.0177001953
0.0286254883
-0.0452880859
0.0488281250
-0.0124511719
-0.0269775391
-0.0145874023
-0.0310058594
-0.0019531250
-0.0084228516
-0.0095825195
0.0646362305
0.0053710938
0.0131225586
-0.0271606445
-0.0571899414
