-0.2662963867
-0.2930908203
0.2348632812
-0.2750244141
0.2500000000
-0.2213745117
-0.2357177734
0.1129150391
0.3327636719
-0.1867675781
0.3461914062
0.1282348633
-0.2356567383
-0.1915283203
-0.0061645508
0.2589721680
-0.0082397461
0.0107421875
0.0224609375
-0.0206298828
0.0097045898
0.0277709961
-0.0139770508
0.0148315430
0.0098876953
0.0021972656
0.0262451172
0.0394287109
-0.0253295898
-0.0143432617
-0.0065307617
0.0094604492
-0.1430053711
-0.0418090820
-0.0681152344
-0.0497436523
-0.0817260742
-0.0964965820
0.0985107422
-0.0143432617
-0.0804443359
-0.0350952148
0.0138549805
-0.0253295898
0.0898437500
-0.0516967773
0.0642089844
0.1128540039
-0.0199584961
0.1058349609
0.1300659180
-0.1041259766
0.0488281250
-0.0941772461
-0.0036621094
0.0114746094
-0.0347290039
-0.0474243164
-0.0884399414
-0.0454101562
0.1219482422
0.0861206055
-0.0474853516
0.1574707031
0.0200195312
-0.0097656250
0.0148925781
-0.0393676758
-0.0076904297
0.0021972656
0.0033569336
-0.0048217773
-0.0032348633
0.0122680664
-0.0062866211
0.0048217773
-0.0076904297
-0.0061035156
0.0099487305
0.0009155273
-0.0109863281
-0.0498657227
0.0090942383
-0.0000610352
-0.0480346680
0.0768432617
-0.0073242188
0.0482788086
0.0429687500
-0.0463256836
0.0587768555
-0.0133056641
0.0399169922
0.0451660156
0.0347290039
0.0493164062
-0.0319824219
0.0141601562
-0.0247802734
0.0414428711
-0.0330200195
-0.0317382812
0.0249023438
0.0853881836
-0.0131225586
0.0375976562
-0.0618286133
0.0180664062
-0.0029296875
-0.0659790039
0.0493164062
-0.0127563477
-0.0378417969
-0.0775146484
0.0361938477
-0.0608520508
-0.0754394531
0.1063842773
-0.1189575195
-0.0562744141
-0.0457763672
0.0689697266
-0.0369262695
0.0263061523
-0.0223388672
-0.1014404297
-0.0786743164
0.0120239258
-0.0303344727
0.0205688477
-0.0104980469
-0.0018920898
-0.0192260742
0.0130615234
-0.0129394531
0.0100097656
-0.0270996094
0.0194091797
0.0049438477
0.0138549805
0.0527343750
-0.0140991211
0.0198364258
0.0209350586
0.0883178711
0.0203247070
-0.0604858398
0.0325927734
0.0211181641
-0.0331420898
-0.0383300781
-0.0506591797
-0.0341186523
0.0518188477
0.0398559570
0.0382080078
0.0375366211
-0.0023803711
0.0281372070
-0.0457763672
