-0.0493164062
-0.0382690430
0.0063476562
-0.0662231445
-0.0336303711
-0.0226440430
-0.0548095703
0.0252075195
-0.0341796875
-0.0203247070
0.0696411133
0.0162353516
-0.0101318359
-0.0651855469
0.0415649414
0.0531616211
-0.3320312500
0.3390502930
0.1165771484
-0.3582153320
0.0473022461
0.2930297852
-0.0866699219
0.3511352539
0.3531494141
0.0314331055
0.0795898438
0.0872802734
0.1771240234
-0.3593139648
-0.0612182617
-0.0190429688
-0.0281372070
-0.0297851562
-0.0501708984
0.0301513672
0.0216674805
-0.0622558594
0.0155029297
-0.0599975586
-0.0587768555
-0.0776367188
-0.0136108398
-0.0632324219
0.0531005859
-0.0086059570
-0.0090942383
0.0700683594
-0.0272216797
0.0854492188
0.0819702148
-0.1353759766
0.0518798828
-0.0695800781
-0.0895996094
0.0426635742
-0.0773925781
-0.1213378906
-0.0847167969
-0.1063842773
0.0838012695
0.0829467773
-0.0767211914
0.0880737305
-0.0774536133
-0.0482177734
-0.0886230469
-0.0102539062
-0.0134887695
-0.0800781250
0.0563354492
0.0416259766
0.1104125977
-0.1052246094
0.0161132812
-0.0845947266
0.0588989258
0.0797119141
0.0227661133
-0.0110473633
-0.0425415039
-0.0209960938
0.0103149414
0.0208129883
0.0177001953
0.0355834961
-0.0138549805
0.0571899414
0.0631103516
-0.0326538086
0.0393676758
-0.0430908203
0.0431518555
0.0283813477
0.0590209961
0.0217285156
0.0186157227
0.0164794922
0.0165405273
0.0026245117
0.0169067383
0.0065307617
0.0119018555
0.0134277344
-0.0043945312
0.0154418945
-0.0081787109
0.0102539062
-0.0051269531
-0.0087280273
0.0062866211
0.0197143555
-0.1267700195
-0.1422119141
0.0258178711
0.0486450195
-0.1091918945
0.1150512695
-0.1320800781
-0.0410156250
-0.0302124023
0.1048583984
-0.0496215820
0.1234130859
0.0500488281
-0.1124877930
-0.0292358398
-0.0830688477
-0.0476684570
0.0109252930
0.0025634766
-0.0224609375
-0.0164184570
-0.0164794922
0.0111083984
0.0174560547
-0.0195312500
-0.0139770508
-0.0138549805
0.0452880859
0.0230712891
-0.0028076172
-0.0019531250
-0.0075683594
0.0186767578
0.0064697266
-0.0403442383
0.0522460938
-0.0434570312
-0.0320434570
-0.0319213867
-0.0240478516
-0.0217895508
0.0109252930
-0.0095825195
0.0551147461
0.0213012695
0.0073852539
-0.0372924805
-0.0731811523
