-0.0309448242
-0.0139160156
0.0446777344
-0.0057983398
0.0170898438
0.0201416016
-0.0310058594
-0.0145263672
0.0379028320
-0.0258178711
0.0363769531
-0.0144653320
-0.0162963867
-0.0053710938
0.0238647461
0.0220336914
0.0512084961
-0.0552978516
0.0375976562
0.0206298828
0.0310058594
-0.0120239258
0.0011596680
-0.0436401367
-0.0290527344
-0.0253295898
0.0263671875
0.0107421875
-0.0411376953
0.0103759766
-0.0166015625
-0.0662841797
-0.1030883789
-0.0652465820
-0.0774536133
0.0155639648
-0.0156250000
-0.1481933594
0.0635375977
-0.0487670898
-0.0811767578
-0.0960693359
-0.0219116211
-0.0486450195
0.0202636719
-0.0473632812
0.0130615234
0.0972900391
-0.2542114258
0.2009887695
0.3356933594
-0.2232666016
0.2714233398
-0.2720336914
-0.2277221680
0.1475830078
-0.2140502930
-0.2310180664
-0.2805786133
-0.2238159180
0.2693481445
0.2359619141
-0.2412109375
0.2142333984
0.0124511719
0.0038452148
0.0239868164
-0.0119628906
-0.0020141602
0.0005493164
-0.0046386719
-0.0065307617
-0.0005493164
0.0046997070
-0.0059814453
0.0281372070
0.0042724609
-0.0057983398
-0.0047607422
-0.0182495117
-0.1200561523
-0.2232666016
0.0460205078
0.1737060547
-0.1475830078
0.2756958008
-0.2039184570
0.1874389648
0.2796020508
-0.0552368164
0.2169189453
-0.1537475586
0.2360839844
0.1608886719
0.2532348633
0.3157348633
0.0292968750
0.0037231445
0.0039672852
0.0007324219
0.0002441406
-0.0145263672
-0.0010375977
-0.0016479492
0.0022583008
-0.0057373047
0.0025634766
-0.0022583008
0.0095825195
-0.0025634766
0.0036621094
-0.0080566406
0.0002441406
-0.0125732422
0.0057373047
-0.0239257812
-0.0239257812
0.0227050781
-0.0401611328
-0.0149536133
-0.0070800781
0.0622558594
0.0167236328
0.0062866211
0.0178222656
-0.0340576172
-0.0338134766
-0.0444335938
-0.0186157227
0.0352783203
-0.0307006836
0.0252685547
-0.0178833008
0.0254516602
-0.0287475586
0.0465087891
-0.0210571289
0.0203247070
0.0043945312
0.0638427734
0.0648803711
-0.0103759766
-0.0009155273
0.0249023438
0.0882568359
-0.0062866211
-0.0189208984
0.0794067383
-0.0291748047
0.0153198242
-0.0284423828
-0.0386352539
-0.0052490234
0.0299072266
-0.0667724609
-0.0041503906
0.0563354492
-0.0265502930
0.0165405273
0.0294189453
