-0.0347900391
-0.0232543945
0.0828857422
-0.0315551758
0.0100097656
-0.0208740234
-0.0275878906
0.0396728516
-0.0244140625
-0.0565795898
0.0398559570
0.0488281250
-0.0195312500
-0.0374755859
0.0465698242
0.0284423828
0.0063476562
-0.0006103516
0.0032348633
-0.0139160156
0.0220947266
-0.0054931641
-0.0291748047
-0.0043334961
-0.0151977539
0.0012207031
-0.0034790039
0.0110473633
0.0041503906
0.0178222656
0.0166015625
-0.0102539062
-0.1076660156
-0.0917968750
0.0036010742
-0.0124511719
0.0381469727
-0.0966796875
0.1001586914
-0.1241455078
-0.0724487305
-0.0971069336
-0.0915527344
-0.0458374023
0.0455932617
-0.0606079102
0.0160522461
0.1089477539
-0.1145019531
0.0999755859
0.2203979492
-0.1891479492
0.2449951172
-0.1344604492
-0.1823120117
0.1711425781
-0.1812133789
-0.1497802734
-0.2026367188
-0.1552734375
0.2147216797
0.1885986328
-0.1137084961
0.1836547852
-0.3168945312
-0.0458374023
-0.3234252930
-0.0540161133
-0.0211791992
-0.3233032227
0.3536987305
0.3223266602
0.3251953125
-0.2841186523
-0.0627441406
-0.2849731445
-0.0093994141
0.2600708008
0.0891113281
-0.1107177734
-0.0482788086
-0.1215820312
-0.0025634766
0.0637207031
-0.0298461914
0.1218872070
-0.0883789062
0.1022949219
0.1187133789
-0.0274047852
0.0896606445
-0.1331176758
0.0413818359
0.1356811523
0.1156005859
0.1036987305
0.0022583008
0.0173950195
-0.0083618164
-0.0191040039
-0.0060424805
0.0138549805
0.0196533203
0.0036621094
-0.0151367188
0.0127563477
0.0045776367
0.0270385742
-0.0288085938
-0.0125732422
-0.0217895508
-0.0344848633
-0.1668090820
-0.2056884766
0.0044555664
-0.0222778320
-0.1893310547
0.1576538086
-0.2194824219
-0.1221313477
0.0648803711
0.1962280273
-0.1431274414
0.2321777344
0.0014038086
-0.2324218750
-0.0456542969
-0.2171020508
0.0103149414
0.0187377930
-0.0081176758
0.0086669922
-0.0145263672
-0.0017700195
-0.0058593750
-0.0104980469
0.0124511719
0.0214233398
0.0161743164
-0.0180053711
0.0366821289
-0.0160522461
0.0206909180
0.0100708008
0.1237182617
-0.0137939453
-0.1317749023
0.1701660156
-0.0388793945
-0.0824584961
-0.1270141602
-0.1273193359
-0.0968627930
0.1035156250
-0.1417846680
0.1086425781
0.1181030273
0.0443725586
0.1096801758
-0.1373901367
