-0.0860595703
-0.0814208984
0.0562744141
-0.0516357422
0.0286254883
-0.0244750977
-0.0599365234
-0.0269165039
0.0164184570
-0.0726318359
0.0795288086
0.0195312500
-0.0579833984
-0.0377197266
0.0003051758
0.0101318359
0.0468750000
-0.0262451172
0.0123901367
0.0582275391
0.0199584961
-0.0228881836
0.0261230469
-0.0536499023
-0.0458984375
-0.0117797852
-0.0076293945
0.0011596680
0.0029907227
0.0353393555
-0.0244140625
0.0069580078
-0.0725097656
-0.0103759766
0.0001220703
0.0192871094
0.0057983398
-0.0587158203
0.0391845703
-0.0470581055
-0.0525512695
-0.0462036133
0.0010986328
0.0050048828
0.0261230469
-0.0098876953
-0.0278930664
0.0525512695
-0.1631469727
0.1721191406
0.2818603516
-0.2604980469
0.2247924805
-0.1779785156
-0.2258911133
0.2066650391
-0.1355590820
-0.2072143555
-0.2049560547
-0.1892089844
0.1807861328
0.1956787109
-0.2282104492
0.1928100586
-0.0831298828
0.0172119141
-0.0596923828
0.0126342773
0.0231933594
-0.0625610352
0.0742187500
0.0885620117
0.0691528320
-0.0570678711
-0.0471191406
-0.0043334961
-0.0046386719
0.0519409180
0.0412597656
0.0151977539
-0.0860595703
-0.1356811523
0.0257568359
0.1387939453
-0.1356811523
0.2006225586
-0.1312255859
0.1361694336
0.2358398438
-0.0808105469
0.1427612305
-0.1165771484
0.1799316406
0.1445922852
0.2258300781
0.2708740234
-0.0675048828
0.3077392578
0.0192260742
0.2827758789
-0.2876586914
-0.2086791992
0.3455200195
0.3239135742
0.0029296875
0.1845703125
-0.3315429688
0.0523071289
0.1387939453
-0.3644409180
-0.0241088867
-0.3351440430
0.0054321289
-0.0189819336
0.0020751953
0.0044555664
-0.0274047852
0.0385131836
-0.0709838867
-0.0097045898
0.0115356445
0.0422973633
0.0337524414
0.0310058594
0.0030517578
-0.0510253906
-0.0054321289
-0.0124511719
-0.0224609375
0.0137329102
0.0552368164
0.0191040039
-0.0351562500
0.0219726562
-0.0629882812
0.0150756836
-0.0213012695
0.0385742188
0.0549316406
0.0238647461
0.0335693359
0.0071411133
0.0382080078
0.0357666016
0.0612182617
0.0319824219
-0.0455932617
0.0678100586
-0.0028686523
-0.0609741211
-0.0320434570
-0.0866088867
-0.0745849609
0.0563354492
-0.0767211914
0.0657958984
0.0749511719
-0.0856933594
0.0033569336
-0.0446777344
