0.0009765625
-0.0170898438
0.0454101562
-0.0064086914
0.0166625977
0.0051879883
0.0039672852
-0.0311279297
0.0043334961
-0.0306396484
0.0270385742
0.0094604492
-0.0202026367
0.0081787109
0.0155639648
0.0172119141
0.0330810547
-0.0424194336
0.0358886719
0.0147705078
0.0111083984
-0.0062866211
-0.0140991211
-0.0275878906
-0.0447998047
-0.0298461914
0.0380859375
0.0200805664
-0.0388793945
0.0466918945
-0.0061035156
-0.0457153320
-0.2945556641
-0.1073608398
-0.1565551758
0.0074462891
0.0060424805
-0.2400512695
0.2328491211
-0.0480346680
-0.2028808594
-0.2189941406
-0.1648559570
-0.0433959961
0.0660400391
-0.0933837891
0.0900268555
0.2307739258
-0.1223754883
0.1909179688
0.3002929688
-0.2684936523
0.2427368164
-0.2050170898
-0.1963500977
0.1338500977
-0.1552124023
-0.2057495117
-0.2125854492
-0.1380615234
0.2119750977
0.1947021484
-0.1564941406
0.1998901367
-0.0077514648
-0.0067138672
-0.0062866211
-0.0115966797
0.0099487305
-0.0112915039
0.0018920898
-0.0066528320
-0.0012207031
-0.0067749023
0.0089111328
-0.0068359375
-0.0046386719
0.0091552734
-0.0045166016
0.0006713867
-0.1689453125
-0.2424926758
0.1000976562
0.1934814453
-0.1629028320
0.2795410156
-0.2403564453
0.1809692383
0.2887573242
-0.1433105469
0.2747192383
-0.2510986328
0.1454467773
0.2585449219
0.3297119141
0.4298095703
0.0075073242
0.0108642578
0.0433349609
-0.0046386719
-0.0069580078
-0.0347290039
-0.0118408203
0.0260620117
0.0181274414
-0.0265502930
0.0119018555
-0.0041503906
0.0341796875
-0.0092773438
-0.0167236328
-0.0283203125
-0.1843872070
-0.2000732422
0.0632934570
-0.1011962891
-0.2220458984
0.1688842773
-0.2305908203
-0.1066284180
0.0177001953
0.1752319336
-0.0966796875
0.1772460938
0.0607299805
-0.2014770508
-0.1422729492
-0.1627807617
0.0063476562
0.0320434570
0.0202636719
-0.0026245117
-0.0104370117
-0.0236816406
0.0019531250
-0.0032958984
0.0231933594
0.0176391602
-0.0222167969
-0.0072021484
-0.0046386719
0.0285034180
0.0518798828
-0.0164794922
0.0532836914
0.0168457031
-0.0371704102
0.1097412109
0.0078125000
0.0026245117
-0.0515136719
-0.0499877930
-0.0287475586
0.0876464844
-0.0546264648
0.0341796875
0.0765380859
0.0298461914
0.0221557617
-0.0241699219
