-0.0032348633
-0.0075073242
0.0230102539
-0.0139160156
0.0021972656
-0.0134277344
-0.0146484375
0.0029296875
-0.0166625977
-0.0166015625
0.0233154297
0.0086669922
-0.0094604492
-0.0095825195
0.0139160156
0.0081787109
-0.0079956055
0.0029907227
0.0119628906
0.0008544922
0.0059204102
0.0038452148
-0.0001831055
-0.0094604492
-0.0032348633
-0.0016479492
0.0272216797
-0.0006713867
0.0064086914
0.0100097656
0.0039672852
-0.0217285156
-0.1286621094
-0.0682983398
-0.0115356445
0.0214233398
0.0187988281
-0.0980224609
0.0786743164
-0.0454101562
-0.0751953125
-0.0882568359
-0.0566406250
-0.0636596680
0.0430908203
-0.0455932617
0.0551147461
0.1179199219
-0.0784301758
0.0875244141
0.2037963867
-0.1687622070
0.1802368164
-0.1044311523
-0.0779418945
0.1699218750
-0.1373291016
-0.0686035156
-0.1605224609
-0.0823364258
0.1793823242
0.1513061523
-0.0982666016
0.1540527344
-0.0573730469
0.0172729492
-0.0478515625
-0.0161132812
-0.0220947266
-0.0302124023
0.0733642578
0.0683593750
0.0551147461
-0.0552368164
-0.0093994141
-0.0209960938
0.0109252930
0.0080566406
-0.0213012695
-0.0003051758
-0.0966186523
-0.2218627930
-0.0160522461
0.1765136719
-0.0950927734
0.1893920898
-0.1099853516
0.1624755859
0.2065429688
-0.1588745117
0.2128906250
-0.1865234375
0.1896362305
0.1973266602
0.2012939453
0.2412719727
0.0066528320
0.0067749023
0.0392456055
-0.0081176758
-0.0111083984
-0.0222778320
-0.0082397461
-0.0122680664
0.0073852539
0.0251464844
0.0376586914
0.0016479492
0.0354003906
0.0087280273
-0.0297241211
0.0017700195
-0.1663818359
-0.2058715820
0.0338134766
-0.0643920898
-0.1495971680
0.1376953125
-0.1938476562
-0.0954589844
0.0473632812
0.2026977539
-0.0709838867
0.1923217773
0.0320434570
-0.2565917969
0.0024414062
-0.1812744141
0.0014648438
0.0387573242
0.0125122070
0.0100708008
-0.0341186523
0.0053710938
-0.0152587891
-0.0008544922
0.0021362305
-0.0038452148
0.0234375000
-0.0256958008
0.0491943359
-0.0211181641
-0.0045776367
0.0208740234
0.2017822266
-0.0054931641
-0.2599487305
0.2909545898
-0.0332031250
-0.2964477539
-0.2677001953
-0.3003540039
-0.2895507812
0.2978515625
-0.1031494141
0.3262329102
0.3247680664
0.0363769531
0.0182495117
-0.3188476562
