-0.2880859375
-0.2944335938
0.2561645508
-0.2684936523
0.3479614258
-0.1638793945
-0.2718505859
-0.0509033203
0.2458496094
-0.2955932617
0.2835083008
0.0711669922
-0.2410888672
-0.2376708984
0.0040283203
0.2272338867
0.0101928711
-0.0095214844
0.0103149414
0.0120849609
0.0174560547
0.0142822266
-0.0034179688
-0.0028076172
-0.0061645508
-0.0089111328
0.0217895508
0.0137329102
-0.0217895508
-0.0020751953
0.0205078125
0.0046386719
-0.0010375977
-0.0183105469
-0.0057373047
0.0264892578
0.0296630859
-0.0099487305
-0.0020141602
-0.0011596680
-0.0214843750
-0.0139160156
0.0020141602
-0.0257568359
-0.0167846680
0.0114135742
0.0151977539
0.0158691406
-0.0836181641
0.1358032227
0.1303100586
-0.0725708008
0.0573120117
-0.0223388672
-0.0557250977
0.1157836914
-0.0520019531
-0.0639038086
-0.0866088867
-0.0353393555
0.0501708984
0.0830688477
-0.1183471680
0.1007080078
0.0000000000
-0.0067138672
0.0046997070
-0.0031738281
0.0039672852
0.0034179688
0.0049438477
-0.0065307617
0.0147094727
0.0183105469
-0.0093383789
-0.0111694336
-0.0066528320
-0.0032958984
0.0095825195
0.0166015625
0.0064697266
-0.0400390625
0.0362548828
0.0054931641
-0.0305175781
0.0216674805
0.0041503906
0.0312500000
0.0278320312
0.0015869141
0.0194091797
-0.0459594727
0.0124511719
0.0154418945
0.0354614258
0.0355834961
-0.0123901367
0.0431518555
0.0049438477
0.0391845703
-0.0755615234
-0.0237426758
0.0822143555
0.0753784180
0.0382690430
0.0402832031
-0.0186767578
-0.0130004883
0.0100097656
-0.0491333008
0.0106811523
-0.0805053711
-0.0393676758
-0.0477294922
0.0250854492
-0.0419921875
-0.0415039062
0.0664672852
-0.0830688477
-0.0345458984
0.0124511719
0.0453491211
0.0277099609
0.0579223633
0.0258178711
-0.0700683594
-0.0284423828
-0.0050659180
0.0421142578
-0.0332031250
0.0317993164
0.0367431641
0.0257568359
0.0473022461
0.0332031250
-0.0095825195
0.0146484375
0.0392456055
0.0633544922
0.0377807617
0.0293579102
0.0249023438
-0.0289916992
-0.0083618164
0.0072631836
0.0371093750
-0.0198364258
0.0728149414
-0.0266723633
-0.0086059570
-0.0635986328
-0.0372924805
-0.0128173828
0.0635986328
-0.0179443359
0.0402221680
0.0561523438
-0.0098266602
0.0037841797
-0.0122680664
