-0.0090332031
-0.0192260742
0.0391235352
0.0047607422
0.0135498047
-0.0133666992
-0.0231323242
-0.0198974609
0.0027465820
-0.0205688477
0.0271606445
-0.0061035156
-0.0161132812
-0.0151977539
0.0130615234
0.0234375000
0.0055541992
-0.0162963867
0.0322265625
0.0302734375
0.0184326172
0.0036010742
0.0110473633
-0.0158691406
-0.0112915039
-0.0345458984
0.0234375000
0.0062255859
-0.0123291016
0.0134277344
0.0067749023
0.0298461914
-0.0714721680
-0.0322875977
-0.0270385742
-0.0256347656
-0.0139770508
-0.0815429688
0.0627441406
-0.0167846680
-0.0519409180
-0.0422973633
0.0005493164
-0.0491333008
-0.0070190430
-0.0167846680
-0.0131225586
0.0344238281
-0.1403198242
0.1374511719
0.1968383789
-0.1068725586
0.1836547852
-0.1450195312
-0.1423950195
0.1335449219
-0.0979614258
-0.1179809570
-0.1570434570
-0.1336059570
0.1488647461
0.1428222656
-0.1356811523
0.0874023438
-0.0242919922
0.0204467773
-0.0205078125
-0.0239868164
-0.0054321289
-0.0176391602
0.0230102539
0.0180053711
0.0305786133
-0.0177001953
0.0265502930
0.0081176758
0.0107421875
0.0185546875
-0.0017700195
0.0024414062
-0.1043090820
-0.1586914062
0.0308837891
0.1669921875
-0.1048583984
0.1935424805
-0.1612548828
0.1300659180
0.2357177734
-0.1140136719
0.1688232422
-0.1412963867
0.2239379883
0.1806640625
0.2204589844
0.2887573242
-0.0666503906
0.3179931641
0.0225219727
0.3294067383
-0.2754516602
-0.2012329102
0.3394775391
0.2978515625
-0.0408935547
0.1246337891
-0.3725585938
0.0159912109
0.0688476562
-0.3560791016
0.0167236328
-0.3421020508
0.0003662109
-0.0064086914
0.0140380859
0.0198974609
-0.0102539062
0.0410156250
-0.0322265625
-0.0429077148
0.0247192383
0.0388793945
-0.0156860352
0.0308837891
-0.0204467773
-0.0249023438
0.0293579102
-0.0276489258
-0.0629882812
0.0321655273
0.0344848633
-0.0241699219
-0.0554199219
0.0065917969
-0.0568847656
0.0447387695
-0.0596923828
0.0097656250
0.0427246094
0.0406494141
0.0764160156
-0.0273437500
-0.0264282227
0.0070800781
0.0394897461
0.0044555664
-0.0489501953
0.0517578125
-0.0219726562
-0.0408325195
-0.0189819336
-0.0699462891
-0.0433959961
0.0312500000
-0.0415039062
0.0689086914
0.0350952148
-0.0518188477
0.0059814453
-0.0497436523
