-0.0703125000
-0.0441284180
0.1019897461
-0.0523681641
0.0428466797
-0.0351562500
-0.0738525391
-0.0198974609
0.0038452148
-0.0494995117
0.0590820312
0.0221557617
-0.0286865234
-0.0047607422
-0.0325927734
0.0437622070
0.0459594727
-0.0499877930
0.0156250000
0.1312255859
0.0614624023
-0.0348510742
-0.0327148438
-0.1257934570
-0.1046752930
0.0004882812
0.0003662109
0.0335083008
-0.0127563477
0.1142578125
-0.0350341797
-0.0379028320
-0.0619506836
0.0126342773
-0.0147705078
-0.0032958984
-0.0209960938
-0.0501708984
0.0388793945
-0.0333862305
-0.0253295898
-0.0278320312
-0.0340576172
-0.0341796875
0.0455322266
-0.0592041016
-0.0300903320
0.0496215820
-0.1453857422
0.1317138672
0.1459350586
-0.2742919922
0.2737426758
-0.1661376953
-0.1771240234
0.0947265625
-0.1354370117
-0.1799316406
-0.2279052734
-0.1416625977
0.2052001953
0.1954956055
-0.1743164062
0.1803588867
-0.0053100586
0.0036621094
0.0223388672
-0.0007934570
-0.0039062500
0.0008544922
-0.0036010742
0.0042724609
-0.0015869141
0.0125732422
0.0056152344
0.0195312500
-0.0120239258
0.0136108398
-0.0028686523
0.0191040039
-0.1304321289
-0.2595825195
0.0516967773
0.1997070312
-0.1859130859
0.2929687500
-0.1658325195
0.2250366211
0.2990112305
-0.2642822266
0.2397460938
-0.2003784180
0.2993774414
0.1790161133
0.3018188477
0.3815917969
0.0064086914
0.0501708984
0.0935668945
0.0444335938
-0.0729980469
-0.0332031250
0.0410156250
0.0451660156
-0.0259399414
0.0085449219
-0.0563964844
-0.0104370117
0.0100097656
-0.0541381836
-0.0855102539
-0.0693359375
-0.1686401367
-0.2393798828
0.0440063477
-0.0466918945
-0.2187500000
0.1290893555
-0.2428588867
-0.1623535156
0.0005493164
0.2791748047
-0.1063842773
0.2316284180
0.0497436523
-0.2359619141
-0.1290283203
-0.1483154297
-0.0195922852
0.0007324219
0.0051879883
-0.0026245117
0.0193481445
-0.0242309570
-0.0194702148
0.0261840820
-0.0047607422
-0.0010375977
0.0159912109
0.0077514648
0.0215454102
-0.0136108398
0.0124511719
0.0040283203
0.1750488281
-0.0203857422
-0.1115112305
0.1298217773
0.0183105469
-0.0380859375
-0.0652465820
-0.1121826172
-0.0810546875
0.0811767578
-0.0784301758
0.0778808594
0.0839233398
-0.0590820312
0.0032348633
-0.0612182617
