-0.0651245117
-0.0845336914
0.0828857422
-0.0825195312
0.0006103516
-0.0032958984
-0.1137695312
0.0270385742
0.0087280273
-0.0614013672
0.0982666016
-0.0085449219
-0.0894165039
-0.0234375000
0.0130004883
0.0507812500
0.0133056641
-0.0113525391
0.0092163086
-0.0025634766
0.0073242188
0.0142211914
0.0093383789
0.0001831055
-0.0067749023
-0.0216674805
-0.0039062500
-0.0064086914
-0.0056152344
-0.0073242188
0.0053100586
-0.0006713867
-0.0838012695
-0.0128784180
-0.0419311523
0.0496215820
0.0305786133
-0.0517578125
0.0534057617
0.0119628906
-0.0362548828
-0.0484008789
-0.0413818359
-0.0251464844
0.0343017578
-0.0174560547
0.0250854492
0.0633544922
-0.1090698242
0.1355590820
0.2485961914
-0.2761230469
0.2156372070
-0.2174072266
-0.1893310547
0.1162719727
-0.2001953125
-0.2202148438
-0.1724243164
-0.1387939453
0.1010742188
0.2106933594
-0.1250000000
0.1049194336
0.0100708008
-0.0032958984
0.0343627930
-0.0186157227
-0.0147094727
0.0004272461
-0.0023193359
-0.0123291016
-0.0010375977
0.0265502930
0.0151977539
0.0103759766
0.0189819336
-0.0003662109
0.0142211914
0.0083007812
0.0026245117
-0.1164550781
-0.1209106445
0.1123657227
-0.0039062500
0.0782470703
-0.0001831055
0.0929565430
0.1269531250
-0.1257934570
0.0203857422
-0.0267333984
0.1101074219
0.0883178711
0.0831298828
0.0561523438
0.0119628906
-0.0023803711
0.0072021484
-0.0034179688
-0.0051879883
0.0018920898
-0.0047607422
-0.0015258789
-0.0041503906
0.0266723633
-0.0001831055
-0.0124511719
0.0286254883
-0.0028686523
-0.0250244141
-0.0044555664
-0.0783081055
-0.1109619141
0.0258178711
-0.0362548828
-0.1253662109
0.1029663086
-0.1026000977
-0.1161499023
0.0215454102
0.1599121094
-0.0410766602
0.0997924805
0.0305175781
-0.1243896484
-0.0382080078
-0.0946044922
-0.3137207031
0.2902221680
0.0713500977
-0.1237792969
-0.3577270508
-0.0254516602
-0.0204467773
0.3405151367
-0.3522949219
-0.0491943359
0.0267333984
0.3206176758
0.0616455078
-0.2796020508
0.1412963867
0.3142089844
0.0703125000
0.0251464844
-0.0270385742
0.0612182617
0.0131835938
-0.0011596680
-0.0322265625
-0.0274658203
-0.0408325195
0.0505981445
-0.0456542969
0.0231933594
0.0358886719
-0.0255737305
0.0059204102
-0.0244750977
