-0.0380859375
-0.0047607422
0.0037841797
-0.0789184570
0.0070190430
-0.0668945312
-0.0508422852
0.0394287109
0.0383911133
-0.0458984375
0.0048828125
0.0137939453
-0.0052490234
-0.0081787109
0.0178222656
0.0106811523
-0.0117187500
-0.0036621094
-0.0083618164
0.0088500977
0.0244140625
0.0060424805
-0.0057373047
-0.0006103516
-0.0201416016
-0.0111083984
0.0022583008
-0.0218505859
0.0076293945
0.0086669922
0.0001831055
0.0013427734
-0.1506958008
-0.1049194336
-0.0548706055
-0.0498657227
0.0509033203
-0.1396484375
0.0983276367
-0.0296630859
-0.0856933594
-0.1677246094
-0.0548095703
-0.0485839844
0.0288085938
-0.1301269531
-0.0360107422
0.1734008789
0.0102539062
0.0778808594
0.1692504883
-0.1649780273
0.0929565430
-0.0999755859
-0.1168823242
0.1237182617
-0.1022338867
-0.0788574219
-0.1101684570
-0.1267089844
0.0793457031
0.0933227539
-0.0794677734
0.0776367188
-0.3167114258
-0.0794067383
-0.2943725586
-0.0148925781
-0.1121826172
-0.3355102539
0.2985229492
0.3524780273
0.3615722656
-0.3071899414
-0.0185546875
-0.2387084961
0.0764160156
0.2860107422
-0.0466308594
-0.1115722656
-0.1073608398
-0.1384887695
0.1121215820
0.0545043945
-0.1313476562
0.1510009766
-0.0961303711
0.1079101562
0.1282348633
-0.0252685547
0.0834960938
-0.0897216797
0.1397705078
0.0860595703
0.0892944336
0.1243896484
0.0415649414
0.0003051758
0.0307006836
-0.0398559570
0.0136718750
-0.0029907227
-0.0068359375
-0.0249023438
0.0411987305
-0.0131835938
0.0003051758
0.0420532227
0.0098876953
-0.0117797852
-0.0173339844
0.0087890625
-0.1500244141
-0.2448730469
-0.0076904297
-0.0563354492
-0.1755981445
0.1550292969
-0.2149047852
-0.1138916016
0.0164794922
0.2153930664
-0.1315307617
0.2177734375
0.1085815430
-0.2133789062
-0.1546020508
-0.0822143555
-0.0072021484
0.0052490234
-0.0011596680
0.0606079102
-0.0007324219
0.0070190430
-0.0465698242
0.0216674805
-0.0446166992
0.0662231445
0.0869750977
0.0084838867
0.0565185547
-0.0290527344
-0.0095825195
0.0131835938
0.0681152344
0.0109863281
-0.0490722656
0.0399780273
-0.0331420898
-0.0587158203
-0.0252075195
-0.0664062500
-0.0379028320
0.0467529297
0.0219116211
0.0397949219
0.0505371094
0.0556030273
0.0145263672
-0.0345458984
