-0.0079956055
-0.0067138672
0.0316772461
-0.0427246094
0.0184326172
0.0167236328
-0.0533447266
0.0323486328
0.0465087891
-0.0540161133
0.0457763672
0.0241699219
0.0006713867
0.0260620117
0.0861206055
0.0278320312
0.0748901367
-0.0750122070
-0.0380859375
0.0816650391
0.0728149414
-0.0290527344
-0.0024414062
-0.0775756836
-0.0581665039
-0.0143432617
0.0260620117
-0.0279541016
-0.0336303711
0.0982055664
-0.0408325195
0.0179443359
-0.3615112305
-0.1762084961
-0.3140869141
0.0197753906
-0.0473022461
-0.3341064453
0.3029174805
-0.0538940430
-0.3840332031
-0.3317871094
-0.1962890625
-0.1217041016
-0.0202636719
-0.1111450195
0.1276855469
0.3136596680
-0.0698242188
0.0783081055
0.1079101562
-0.1027221680
0.0675659180
-0.0990600586
-0.0712280273
0.0979003906
-0.1093139648
-0.0882568359
-0.1109619141
-0.0615234375
0.1138305664
0.0938110352
-0.1328125000
0.0859985352
-0.1151123047
0.0393676758
-0.1062011719
0.0462646484
-0.0531005859
-0.1004028320
0.0979003906
0.0741577148
0.1343994141
-0.1038818359
0.0745239258
-0.0681762695
0.0056762695
0.0236816406
0.0181274414
-0.0186157227
-0.0973510742
-0.1408081055
0.0834350586
0.0523681641
-0.1278076172
0.1954345703
-0.1315307617
0.1715698242
0.1597290039
-0.0533447266
0.1779174805
-0.0936889648
0.0446777344
0.1322021484
0.1564941406
0.2507324219
0.0445556641
-0.0178222656
0.0690917969
-0.0279541016
0.0261840820
0.0068359375
-0.0054321289
-0.0504150391
0.0297241211
0.0318603516
0.0231933594
-0.0053100586
0.0250244141
0.0390014648
-0.0128784180
0.0183715820
-0.1333618164
-0.1764526367
0.0565185547
-0.0076904297
-0.1295776367
0.0972900391
-0.0952148438
-0.0878295898
0.0015258789
0.1375732422
-0.1002197266
0.1703491211
0.0109863281
-0.1772460938
-0.1098632812
-0.1580200195
-0.0031738281
0.0079956055
-0.0046386719
0.0194091797
0.0108032227
0.0057983398
-0.0076904297
0.0023193359
0.0194702148
0.0012207031
0.0286254883
-0.0039062500
0.0258178711
-0.0097656250
0.0122680664
-0.0115966797
0.0570678711
0.0234375000
-0.0558471680
0.0496215820
-0.0405273438
-0.0560302734
-0.0665893555
-0.0942382812
-0.0617675781
0.0213623047
-0.0667724609
0.0908203125
0.0280151367
0.0433959961
-0.0219116211
-0.0610351562
