-0.0178222656
0.0159912109
0.0304565430
-0.0155639648
0.0007934570
-0.0127563477
-0.0113525391
-0.0042724609
-0.0148315430
-0.0287475586
0.0028076172
-0.0244750977
0.0056152344
-0.0155029297
0.0129394531
0.0133056641
-0.0068969727
-0.0029907227
0.0038452148
-0.0040893555
0.0067749023
-0.0040893555
0.0005493164
-0.0095825195
-0.0177001953
-0.0156250000
0.0141601562
-0.0010375977
-0.0090942383
0.0037231445
0.0101318359
-0.0165405273
-0.1816406250
-0.1021728516
-0.1178588867
-0.0488281250
-0.0149536133
-0.1605834961
0.1589355469
-0.1076049805
-0.1274414062
-0.1947021484
-0.0820922852
-0.0469360352
-0.0020751953
-0.0719604492
0.0157470703
0.1815795898
-0.0930786133
0.0925903320
0.1723632812
-0.1663818359
0.1552734375
-0.1512451172
-0.1024780273
0.1894531250
-0.1126098633
-0.0535888672
-0.1248168945
-0.1296386719
0.1790161133
0.1729125977
-0.1205444336
0.1027832031
-0.3361816406
-0.0365600586
-0.3084716797
-0.0487670898
-0.0147094727
-0.3212280273
0.3331298828
0.3385620117
0.3416748047
-0.3161010742
-0.0330810547
-0.2789916992
0.0437622070
0.2840576172
0.0513916016
-0.0447998047
-0.0574951172
-0.1416015625
0.0084228516
0.0755004883
-0.0969238281
0.1391601562
-0.0634765625
0.1539306641
0.2015991211
-0.0379028320
0.1112670898
-0.1418457031
0.1296386719
0.0839843750
0.1382446289
0.1447143555
-0.0077514648
-0.0171508789
-0.0040283203
-0.0075073242
-0.0028686523
0.0024414062
0.0105590820
-0.0042724609
0.0186767578
-0.0042114258
0.0128784180
0.0020751953
-0.0113525391
-0.0245361328
0.0332031250
0.0059814453
-0.0770874023
-0.0945434570
0.0115356445
-0.0307006836
-0.0673217773
0.0449829102
-0.1079711914
-0.0171508789
0.0224609375
0.0338745117
-0.0205688477
0.0992431641
0.0090942383
-0.1293334961
0.0216674805
-0.0864257812
0.0006103516
0.0004272461
0.0007324219
0.0073852539
0.0042724609
0.0046997070
-0.0123291016
0.0123291016
-0.0141601562
0.0017700195
0.0106811523
-0.0000610352
0.0269775391
-0.0288696289
0.0104370117
0.0141601562
0.0593261719
0.0043334961
-0.1058959961
0.1328735352
-0.0616455078
-0.0872802734
-0.1238403320
-0.0738525391
-0.0941772461
0.0999145508
-0.0932617188
0.0969238281
0.1042480469
-0.0223999023
0.0162963867
-0.1263427734
