-0.0050048828
-0.0049438477
0.0339965820
0.0086669922
0.0008544922
0.0298461914
-0.0352172852
0.0125122070
0.0197143555
-0.0117797852
0.0304565430
0.0039062500
-0.0043945312
-0.0284423828
-0.0142211914
0.0044555664
0.0190429688
-0.0159912109
0.0122680664
0.0134887695
0.0143432617
0.0139770508
-0.0023803711
-0.0165405273
-0.0038452148
-0.0001831055
0.0054931641
0.0118408203
0.0144042969
0.0043334961
-0.0117797852
-0.0361938477
-0.0521240234
-0.0116577148
-0.0168457031
0.0042724609
-0.0155029297
-0.0706176758
0.0541992188
0.0098876953
-0.0288696289
-0.0151977539
-0.0190429688
0.0021972656
0.0421752930
-0.0759887695
-0.0046386719
0.0292358398
-0.1724243164
0.1983642578
0.2973022461
-0.2968750000
0.2673339844
-0.2629394531
-0.2196655273
0.0612792969
-0.2023315430
-0.2966308594
-0.2722167969
-0.2359008789
0.2136840820
0.2407226562
-0.2446899414
0.2826538086
0.0162353516
0.0447998047
0.0049438477
-0.0020751953
0.0544433594
0.0093994141
0.0175170898
0.0006713867
0.0093994141
0.0092773438
0.0300292969
0.0297241211
0.0021362305
-0.0153808594
0.0318603516
0.0222778320
-0.1126098633
-0.1934814453
0.1036376953
0.1194458008
-0.1127929688
0.2509765625
-0.1766357422
0.1368408203
0.2403564453
-0.1149291992
0.1925659180
-0.1833496094
0.1779785156
0.1712036133
0.2671508789
0.3334350586
0.0103149414
0.0187377930
0.0609130859
-0.0102539062
0.0124511719
0.0058593750
-0.0043945312
-0.0294189453
-0.0118408203
-0.0042724609
0.0192871094
-0.0085449219
0.0422363281
0.0070190430
-0.0083007812
-0.0037231445
-0.0134277344
-0.0089721680
0.0106201172
-0.0361328125
-0.0307006836
0.0283813477
-0.0343017578
-0.0195922852
-0.0220336914
0.0590820312
0.0021362305
0.0205078125
0.0336914062
-0.0236816406
-0.0022583008
-0.0620117188
-0.0269165039
0.0402221680
0.0096435547
0.0520629883
-0.0001831055
0.0700073242
-0.0462036133
0.0317382812
-0.0007934570
0.0034179688
0.0078125000
0.0409545898
0.0126953125
-0.0063476562
0.0187988281
0.0018920898
0.0374755859
0.0321044922
-0.0249633789
0.0379638672
-0.0296020508
-0.0215454102
-0.0049438477
-0.0417480469
-0.0269775391
0.0167846680
-0.0006713867
0.0189208984
0.0155029297
0.0152587891
-0.0686645508
-0.0160522461
