-0.1090087891
-0.0647583008
0.1323852539
-0.1071777344
0.0426635742
-0.0463256836
-0.0946044922
0.0126342773
0.0065917969
-0.1164550781
0.0980224609
0.0589599609
-0.0139160156
-0.1337280273
-0.0203857422
0.0559082031
-0.2549438477
0.2753295898
0.0627441406
-0.2720336914
-0.0145874023
0.2183227539
0.0006713867
0.2919311523
0.2926635742
0.1538696289
-0.0750732422
0.1018066406
0.2355957031
-0.2958984375
0.0504150391
0.0936889648
-0.0694580078
-0.0483398438
-0.0181274414
0.0718383789
0.0560913086
-0.0720825195
0.0681762695
-0.0747680664
-0.0607910156
-0.0891723633
-0.0468750000
0.0161743164
0.0446777344
-0.0184936523
0.0503540039
0.0903930664
-0.1687011719
0.1315307617
0.1765136719
-0.1826171875
0.1873168945
-0.1636962891
-0.1227416992
0.1589355469
-0.1933593750
-0.1618652344
-0.1852416992
-0.1939697266
0.1672973633
0.2202148438
-0.1226196289
0.1665649414
-0.1314086914
-0.0318603516
-0.1126098633
-0.0601196289
-0.0114746094
-0.0919799805
0.1229858398
0.1261596680
0.0884399414
-0.0861816406
0.0291748047
-0.1530761719
-0.0064697266
0.1050415039
0.0976562500
0.0614013672
-0.0090332031
-0.1141357422
-0.0040283203
0.0881347656
-0.0213623047
0.0838623047
-0.0345458984
0.0769653320
0.0833129883
-0.0893554688
0.0971679688
-0.0912475586
0.0825805664
0.0506591797
0.0980224609
0.0301513672
0.0360107422
0.0225219727
-0.0048828125
-0.0040893555
0.0084838867
0.0116577148
0.0217285156
0.0237426758
0.0007934570
-0.0151977539
0.0035400391
0.0247192383
0.0012817383
-0.0227050781
0.0022583008
0.0096435547
-0.1915283203
-0.2675170898
0.1007080078
-0.0614624023
-0.2466430664
0.1398315430
-0.2528076172
-0.1440429688
-0.0044555664
0.2052001953
-0.0975341797
0.2581176758
0.0926513672
-0.2834472656
-0.0929565430
-0.2025146484
-0.0136718750
0.0227661133
0.0448608398
-0.0173950195
-0.0104980469
0.0206298828
0.0250244141
0.0284423828
-0.0193481445
-0.0165405273
0.0102539062
0.0166015625
-0.0109863281
-0.0117187500
0.0133056641
0.0216674805
0.0454101562
0.0401000977
-0.1366577148
0.1098022461
-0.1139526367
-0.1204833984
-0.0975341797
-0.1238403320
-0.0887451172
0.1038818359
-0.0941162109
0.1708984375
0.1275634766
0.0798339844
-0.0059204102
-0.1395874023
