-0.0353393555
-0.0098876953
0.0515747070
-0.0267333984
0.0216674805
-0.0048828125
-0.0643920898
0.0144042969
0.0490722656
-0.0490722656
0.0250854492
-0.0290527344
-0.0188598633
0.0006103516
0.0089111328
0.0452880859
0.0158691406
-0.0094604492
0.0120239258
0.0258178711
0.0089721680
0.0048828125
0.0017700195
-0.0108642578
-0.0164184570
-0.0004272461
0.0113525391
0.0096435547
0.0146484375
0.0031738281
-0.0064086914
-0.0133056641
-0.0919799805
-0.0249023438
-0.0256958008
0.0253906250
-0.0380249023
-0.0905761719
0.0832519531
-0.0018310547
-0.0817260742
-0.0626220703
-0.0696411133
-0.0394287109
0.0164794922
-0.0363769531
-0.0421752930
0.0856933594
-0.2526855469
0.2037353516
0.2957153320
-0.2826538086
0.2864379883
-0.2272949219
-0.2290039062
0.1289062500
-0.2222290039
-0.2554321289
-0.2843017578
-0.1243286133
0.2884521484
0.2731323242
-0.2317504883
0.2103881836
0.0028686523
-0.0066528320
0.0159301758
0.0052490234
0.0075073242
0.0222778320
-0.0119628906
0.0022583008
-0.0052490234
0.0153808594
0.0073852539
0.0070190430
0.0025634766
0.0072631836
-0.0049438477
0.0042114258
-0.1130371094
-0.2103271484
0.0856323242
0.1400146484
-0.2186889648
0.2702026367
-0.1475219727
0.2627563477
0.2623291016
-0.0880737305
0.1826171875
-0.1489257812
0.1785278320
0.1703491211
0.2358398438
0.3092651367
0.0649414062
0.0357055664
0.0296020508
0.0263671875
-0.0270385742
-0.0040893555
0.0345458984
0.0487060547
-0.0090942383
-0.0071411133
-0.0317993164
-0.0081787109
0.0115356445
-0.0406494141
0.0195312500
-0.0555419922
-0.0729370117
-0.1066284180
0.0250244141
-0.0812377930
-0.1269531250
0.0465087891
-0.1000976562
-0.1057128906
-0.0150146484
0.1491699219
-0.0304565430
0.1170654297
0.0467529297
-0.1188964844
-0.0875854492
-0.0997924805
0.0175781250
-0.0001220703
0.0051879883
0.0137939453
0.0068359375
-0.0006103516
-0.0144042969
-0.0045776367
-0.0121459961
0.0178833008
-0.0147705078
0.0014038086
0.0104980469
-0.0156250000
0.0099487305
-0.0024414062
0.0458984375
0.0223999023
-0.0194091797
0.0233764648
0.0230712891
-0.0053100586
-0.0021972656
-0.0158081055
-0.0172729492
0.0102539062
0.0112915039
-0.0102539062
0.0087890625
-0.0076293945
0.0176391602
0.0142211914
