-0.0263061523
-0.0370483398
0.0297241211
-0.0718994141
0.0614013672
-0.0148315430
-0.0338745117
-0.0018920898
-0.0006713867
-0.0639648438
0.0538940430
0.0187988281
-0.0289916992
-0.0491333008
-0.0153808594
0.0270385742
-0.0336303711
0.0494384766
-0.0330810547
-0.0466918945
0.0525512695
0.0396118164
0.0122680664
0.0371704102
0.0409545898
0.0290527344
-0.0291748047
0.0279541016
0.0374755859
-0.0513916016
0.0076904297
-0.0239868164
-0.0578002930
-0.0117187500
-0.0061035156
0.0042724609
-0.0188598633
-0.0474243164
0.0731811523
0.0061645508
-0.0600585938
-0.0338745117
-0.0347900391
0.0210571289
0.0239257812
-0.0728149414
-0.0156860352
0.0611572266
-0.0519409180
0.0928344727
0.1248779297
-0.0644531250
0.1451416016
-0.1412963867
-0.0387573242
0.0797729492
-0.1022338867
-0.0759887695
-0.1228637695
-0.0937500000
0.1277465820
0.1262207031
-0.0761108398
0.1104736328
-0.0231323242
0.0026245117
-0.0303955078
-0.0202636719
0.0059204102
-0.0030517578
0.0192260742
0.0360107422
0.0225830078
-0.0263671875
0.0031127930
-0.0064697266
-0.0048828125
0.0325927734
-0.0095214844
-0.0033569336
-0.0024414062
-0.0942382812
0.0013427734
0.1194458008
0.0047607422
0.0692138672
-0.0448608398
0.1030883789
0.0612182617
-0.1113891602
0.1166992188
-0.0323486328
0.1015625000
0.0269775391
0.0954589844
0.1099853516
0.0151977539
0.0083007812
0.0255126953
-0.0123901367
-0.0067138672
0.0041503906
-0.0070800781
-0.0084838867
-0.0020141602
0.0106811523
0.0145263672
-0.0003662109
0.0137329102
-0.0129394531
-0.0201416016
0.0017700195
-0.2573242188
-0.2785034180
0.2028808594
-0.1308593750
-0.2922973633
0.2885742188
-0.2756958008
-0.2728881836
0.0113525391
0.2874145508
-0.1322021484
0.2635498047
0.1998901367
-0.2915039062
-0.2009277344
-0.2572021484
-0.0002441406
0.0032958984
0.0080566406
-0.0021362305
-0.0014648438
-0.0080566406
-0.0036621094
0.0054931641
0.0040893555
-0.0075073242
0.0115356445
-0.0002441406
-0.0034790039
-0.0048828125
-0.0141601562
0.0062866211
0.0217895508
0.0322265625
-0.0049438477
0.0579223633
0.0110473633
-0.0249023438
-0.0101318359
-0.0229492188
-0.0067749023
0.0341796875
-0.0332641602
0.0247802734
0.0552978516
-0.0001220703
0.0067138672
-0.0358886719
