-0.2606811523
-0.3308715820
0.2091674805
-0.2764282227
0.2777099609
-0.2794799805
-0.2241821289
0.0811767578
0.2883300781
-0.2108154297
0.3200683594
0.0979003906
-0.2249755859
-0.1859741211
-0.0059204102
0.2852783203
-0.0095214844
0.0076293945
0.0286254883
-0.0016479492
0.0307617188
0.0363159180
-0.0165405273
0.0054931641
0.0131225586
0.0087890625
0.0220336914
0.0140991211
-0.0067138672
-0.0015869141
-0.0125732422
-0.0210571289
-0.0430908203
-0.0079956055
-0.0091552734
-0.0212402344
-0.0268554688
-0.0205078125
0.0287475586
0.0153198242
-0.0440063477
0.0060424805
0.0012817383
-0.0358886719
0.0183105469
0.0162963867
0.0119628906
0.0441284180
-0.0646362305
0.1193847656
0.1159667969
-0.0768432617
0.1001586914
-0.0440673828
-0.0199584961
0.0988159180
-0.0392456055
-0.0857543945
-0.1013793945
-0.0072631836
0.0700683594
0.0720825195
-0.0574951172
0.1430053711
0.0338134766
0.0198364258
0.0559082031
-0.0494384766
0.0381469727
0.0252685547
-0.0079345703
-0.0042724609
-0.0437622070
0.0352783203
0.0295410156
0.0134277344
0.0036010742
-0.0269775391
0.0571289062
0.0260620117
-0.0009765625
-0.0239868164
0.0216674805
-0.0121459961
-0.0177001953
0.0377807617
-0.0180664062
0.0115966797
0.0307006836
0.0015258789
0.0028076172
-0.0012817383
0.0244140625
0.0133056641
0.0098876953
0.0275878906
-0.0263671875
0.0781250000
-0.0086059570
0.0946655273
-0.1174926758
-0.0248413086
0.0917358398
0.1190795898
-0.0025024414
0.0642089844
-0.0726928711
-0.0036010742
-0.0099487305
-0.1124267578
-0.0449218750
-0.0339355469
-0.0723266602
-0.0559692383
0.0172729492
-0.0055541992
-0.0518188477
0.0572509766
-0.0723266602
-0.0379638672
-0.0103759766
0.0726928711
0.0184936523
0.0180664062
-0.0086059570
-0.0599975586
-0.0217285156
-0.0237426758
-0.0107421875
0.0106811523
0.0137329102
0.0061645508
-0.0007934570
0.0042724609
0.0032958984
0.0148925781
0.0074462891
-0.0051879883
0.0057983398
0.0078125000
0.0076904297
0.0194702148
-0.0001220703
0.0097045898
0.0003051758
0.0220336914
-0.0560913086
0.0584106445
0.0039062500
-0.0868530273
-0.0535278320
-0.0748901367
-0.0537109375
0.0845336914
0.0070190430
0.0970458984
0.0659790039
0.0046997070
0.0074462891
-0.0820922852
