0.0073852539
0.0009765625
0.0337524414
-0.0128784180
0.0059814453
-0.0236206055
-0.0156860352
-0.0299072266
0.0012207031
-0.0151977539
0.0200195312
0.0020751953
-0.0037841797
-0.0131835938
0.0180053711
-0.0015869141
-0.0185546875
0.0202636719
0.0121459961
-0.0150756836
0.0140991211
0.0125732422
0.0114135742
0.0166625977
0.0250244141
0.0270385742
0.0089111328
0.0009155273
0.0286865234
-0.0031738281
0.0175781250
-0.0148925781
-0.0317382812
-0.0277099609
0.0208129883
-0.0059204102
-0.0181274414
0.0021362305
0.0336914062
-0.0316162109
0.0115966797
-0.0150756836
-0.0161132812
-0.0547485352
0.0325317383
-0.0382690430
-0.0151367188
0.0330810547
-0.0393066406
0.0599975586
0.1264038086
-0.0734863281
0.0918579102
-0.0652465820
-0.0756225586
0.1036987305
-0.1165161133
-0.0471191406
-0.0673828125
-0.1068725586
0.1551513672
0.0407714844
-0.0832519531
0.0652465820
-0.0440063477
-0.0330810547
-0.0371704102
0.0038452148
-0.0086059570
-0.0024414062
0.0160522461
0.0923461914
0.0418090820
-0.0511474609
0.0004272461
-0.0039062500
0.0193481445
0.0402832031
-0.0017089844
-0.0193481445
-0.0870971680
-0.1745605469
0.0223999023
0.1315917969
-0.0728149414
0.2103881836
-0.1702880859
0.1610717773
0.2146606445
-0.0520019531
0.1715087891
-0.2312622070
0.1251220703
0.1801757812
0.2163085938
0.2222290039
0.0075073242
0.0400390625
0.0397338867
-0.0007934570
-0.0133666992
-0.0378417969
0.0083007812
0.0393066406
0.0269165039
0.0327148438
0.0169067383
0.0371704102
0.0589599609
-0.0286254883
-0.0473632812
-0.0175170898
-0.2181396484
-0.2681274414
0.1145019531
-0.1844482422
-0.2432250977
0.2073364258
-0.2722778320
-0.1828613281
0.0354614258
0.2243652344
-0.0833740234
0.2666015625
0.1306762695
-0.3164062500
-0.1430664062
-0.1647949219
0.0046997070
-0.0142822266
0.0067138672
0.0139160156
0.0296020508
-0.0293579102
-0.0135498047
-0.0144042969
0.0084838867
-0.0108642578
-0.0219116211
-0.0053710938
0.0090332031
-0.0263061523
0.0021972656
0.0017089844
0.2323608398
0.0119628906
-0.2382202148
0.3224487305
-0.0746459961
-0.2691650391
-0.3259277344
-0.2432861328
-0.2586669922
0.3312377930
-0.1497802734
0.2777099609
0.3290405273
-0.0055541992
0.0837402344
-0.2761230469
