-0.0057678223
-0.0116577148
0.0022888184
0.0045013428
0.0094299316
-0.0027770996
0.0001373291
0.0182037354
-0.0116882324
-0.0037689209
0.0039978027
0.0244750977
0.0092773438
0.0007019043
0.0126647949
0.0063934326
0.0038909912
-0.0049743652
-0.0040893555
0.0017852783
-0.0023803711
-0.0047912598
0.0024414062
-0.0008239746
-0.0003204346
0.0084228516
0.0008392334
-0.0010375977
0.0018005371
0.0013885498
0.0022888184
0.0026092529
-0.0016479492
0.0042419434
-0.0000152588
0.0003662109
0.0091857910
0.0000610352
0.0035400391
0.0065917969
0.0046691895
0.0073394775
-0.0032958984
0.0124511719
0.0004272461
-0.0147399902
-0.0003509521
-0.0034179688
0.0027008057
-0.0077209473
0.0034942627
0.0074157715
0.0024719238
-0.0102233887
0.0095062256
0.0105743408
-0.0022430420
-0.0016326904
-0.0119781494
-0.0046539307
0.0010070801
-0.0025329590
0.0066375732
-0.0001831055
0.0092620850
0.0132446289
0.0088653564
-0.0049591064
0.0002593994
0.0063629150
-0.0056915283
-0.0043334961
0.0029754639
0.0086669922
-0.0026397705
0.0098571777
-0.0028686523
-0.0045928955
0.0035705566
0.0050659180
-0.0035705566
0.0172882080
0.0040283203
-0.0061340332
0.0043945312
-0.0019378662
0.0075073242
-0.0055541992
0.0040893555
0.0028686523
-0.0036315918
0.0071868896
-0.0001068115
0.0028686523
0.0017395020
-0.0081481934
0.0085906982
0.0010223389
-0.0092926025
0.0010528564
0.0020904541
-0.0004425049
-0.0092620850
-0.0036468506
0.0006256104
0.0127563477
0.0003814697
0.0192260742
-0.0046234131
0.0033111572
0.0036315918
0.0148010254
0.0082702637
0.0291900635
-0.0222320557
0.0053710938
0.0399780273
-0.0172882080
0.0364227295
0.0123596191
0.0110778809
-0.0222320557
0.0246124268
-0.0087432861
-0.0067291260
0.0251922607
0.0191040039
0.0260314941
0.0142059326
-0.0033264160
-0.0030364990
-0.0048828125
0.0121307373
-0.0020141602
-0.0113830566
-0.0051727295
0.0031280518
0.0015716553
0.0170898438
-0.0048217773
0.0161895752
-0.0121459961
-0.0205993652
-0.0007476807
0.1761016846
-0.0165863037
-0.2775573730
0.2824401855
-0.0166168213
-0.3211364746
-0.2626647949
-0.2774505615
-0.2845153809
0.2921600342
-0.0915985107
0.3335876465
0.2973937988
0.0172576904
0.0086975098
-0.3365936279
