0.0000305176
0.0060119629
0.0043640137
-0.0023498535
0.0056915283
-0.0077667236
-0.0132141113
0.0160217285
-0.0174255371
-0.0182037354
-0.0186767578
0.0030975342
-0.0128326416
-0.0102233887
-0.0133056641
-0.0030822754
0.0010223389
-0.0007019043
0.0014648438
0.0006408691
-0.0022125244
-0.0001983643
-0.0001831055
-0.0007934570
-0.0015411377
-0.0024719238
0.0007171631
0.0012512207
-0.0022583008
0.0012359619
-0.0005493164
-0.0013427734
-0.0301055908
-0.0209197998
-0.0141601562
0.0399475098
0.0161437988
-0.0192260742
0.0085906982
-0.0046539307
-0.0311279297
-0.0373229980
-0.0166320801
-0.0021972656
0.0209197998
0.0182952881
0.0086212158
0.0214385986
-0.2265472412
0.1004943848
0.2071380615
-0.1618041992
0.2583007812
-0.1772003174
-0.2003784180
0.1230773926
-0.3058624268
-0.1695709229
-0.0848541260
-0.1182098389
0.0794067383
0.1779632568
-0.1098327637
0.0985717773
0.0206298828
-0.0099487305
0.0210113525
0.0224914551
-0.0158386230
0.0225982666
-0.0228118896
-0.0202026367
-0.0304718018
0.0312652588
0.0000915527
0.0077514648
0.0150299072
-0.0046844482
-0.0161285400
-0.0022430420
-0.0094299316
-0.0245361328
0.0297393799
0.0412292480
0.0079650879
0.0143432617
-0.0629882812
-0.0063476562
0.0374603271
-0.0311126709
-0.0275268555
0.0068359375
0.0498352051
0.0955047607
-0.0265350342
0.0207214355
0.0019073486
0.0010223389
-0.0084686279
-0.0041503906
0.0038146973
-0.0099487305
-0.0021057129
-0.0031433105
0.0066986084
0.0032806396
0.0110778809
-0.0036315918
0.0025634766
0.0099487305
0.0045928955
-0.0013275146
0.0140991211
-0.0092620850
0.0254364014
-0.0175933838
-0.0212402344
-0.0118865967
-0.0213012695
-0.0202789307
0.0071716309
0.0237274170
0.0314636230
0.0066986084
0.0267944336
-0.0011749268
-0.0098419189
-0.0019378662
-0.0282135010
0.0296783447
0.0231781006
-0.0211181641
-0.0367431641
0.0337066650
-0.0185241699
0.0205993652
-0.0204925537
-0.0350036621
-0.0048522949
0.0101013184
0.0264282227
-0.0462036133
0.0450592041
0.0267944336
-0.0574340820
-0.0256652832
-0.0180206299
0.0662841797
0.0006256104
-0.1178283691
-0.0290985107
-0.1212310791
-0.1426086426
0.1020965576
0.0275421143
0.1155090332
0.1257629395
0.1509246826
0.0025787354
-0.1246337891
