0.0003662109
0.0009307861
-0.0017547607
-0.0034484863
0.0045776367
-0.0007324219
-0.0019378662
-0.0021667480
-0.0019073486
0.0002746582
-0.0017089844
0.0011444092
-0.0019378662
0.0001068115
0.0052185059
0.0011749268
-0.0040130615
0.0011138916
0.0033721924
-0.0062103271
0.0077972412
0.0034637451
-0.0039672852
0.0065612793
0.0066528320
0.0004425049
0.0024719238
0.0016326904
-0.0008239746
-0.0054016113
0.0048217773
-0.0037384033
-0.0024414062
-0.0033264160
0.0033721924
-0.0000305176
0.0051727295
0.0012969971
-0.0000762939
-0.0001373291
0.0036926270
0.0023193359
0.0024261475
0.0039062500
0.0040283203
-0.0044097900
0.0045776367
-0.0006256104
0.0058593750
-0.0224304199
-0.0328826904
0.0200500488
-0.0007629395
0.0147705078
0.0202026367
-0.0022583008
0.0068054199
0.0037841797
0.0023956299
0.0146026611
-0.0226135254
-0.0093841553
0.0112152100
-0.0130615234
0.0039215088
0.0176086426
-0.0038146973
-0.0059967041
-0.0038299561
-0.0018920898
0.0102996826
0.0116729736
0.0111999512
0.0066223145
-0.0034179688
0.0044250488
-0.0058441162
-0.0015106201
0.0097503662
-0.0097808838
0.0028076172
0.0011138916
0.0016021729
0.0039672852
0.0181884766
-0.0065155029
0.0083465576
-0.0121917725
0.0014343262
0.0141448975
-0.0065765381
0.0037536621
-0.0033721924
0.0061950684
-0.0037078857
-0.0060577393
-0.0004577637
0.0073852539
-0.0009002686
0.0007934570
-0.0001678467
-0.0046234131
-0.0059051514
-0.0002288818
0.0060882568
0.0227203369
-0.0034637451
0.0014495850
0.0009918213
0.0030975342
-0.0058898926
0.0060729980
0.0083312988
0.0081176758
0.0036773682
0.0074005127
0.0168762207
0.0046234131
0.0108947754
0.0033721924
0.0021820068
-0.0086212158
0.0116729736
0.0019531250
-0.0082550049
0.0025939941
0.0082550049
-0.0020751953
-0.0398406982
0.0090484619
0.0247344971
-0.0153350830
-0.0163879395
0.0183563232
-0.0297241211
0.0461273193
-0.0475463867
-0.0115661621
-0.0131225586
0.0490875244
-0.0063934326
-0.0436096191
-0.0100555420
0.0153198242
0.1773529053
0.0127868652
-0.2562866211
0.2689666748
-0.0705261230
-0.2938690186
-0.2298736572
-0.2983856201
-0.2606811523
0.2613372803
-0.1430969238
0.3129119873
0.2718963623
0.0571594238
0.0426940918
-0.3227844238
