-0.0031738281
0.0010833740
-0.0023193359
-0.0070495605
0.0053558350
-0.0049591064
-0.0090332031
0.0025939941
0.0028533936
-0.0091552734
-0.0014953613
0.0074920654
0.0007171631
-0.0002136230
0.0029296875
-0.0053253174
0.0023040771
-0.0025024414
0.0047454834
0.0008544922
0.0056762695
-0.0006866455
-0.0003509521
-0.0010986328
-0.0023193359
-0.0121612549
-0.0018768311
0.0034637451
-0.0072174072
0.0019073486
0.0068511963
-0.0053710938
0.0086059570
0.0057220459
0.0124664307
0.0170593262
-0.0060424805
0.0030212402
-0.0221252441
0.0099487305
0.0051727295
-0.0003814697
-0.0002441406
0.0170440674
-0.0014495850
-0.0055389404
-0.0149383545
0.0008850098
-0.3263244629
0.1960296631
0.3155059814
-0.1380462646
0.2924041748
-0.2835845947
-0.2182617188
0.1166839600
-0.2343292236
-0.1934051514
-0.2091979980
-0.1535949707
0.2675476074
0.2357177734
-0.1840515137
0.1042022705
0.0132293701
-0.0147094727
0.0078277588
0.0114440918
0.0003356934
0.0069122314
-0.0220642090
-0.0183105469
-0.0085296631
0.0025787354
-0.0142364502
0.0132293701
0.0118408203
-0.0242004395
-0.0043487549
-0.0059661865
0.0027160645
-0.0132751465
0.0050354004
0.0097808838
-0.0254058838
-0.0085754395
-0.0114746094
-0.0100555420
0.0079040527
-0.0016937256
-0.0065917969
0.0376586914
0.0089569092
-0.0061340332
-0.0235137939
0.0041198730
0.0018615723
0.0045013428
0.0005340576
0.0025024414
-0.0030822754
-0.0054168701
0.0019226074
0.0016937256
-0.0028533936
0.0042419434
0.0064392090
-0.0028076172
0.0053100586
0.0026397705
-0.0030822754
-0.0057830811
0.0294036865
0.0187683105
-0.0051269531
0.0248565674
0.0113220215
-0.0329589844
0.0128784180
0.0143280029
0.0012359619
-0.0114746094
0.0358276367
-0.0186462402
-0.0032196045
0.0220031738
0.0153350830
0.0137023926
-0.0058441162
0.0037536621
-0.0106353760
0.0092468262
-0.0037994385
-0.0032043457
-0.0014648438
0.0052490234
-0.0072174072
0.0041503906
-0.0020751953
0.0060577393
-0.0006103516
-0.0070343018
0.0047912598
0.0075378418
0.0011291504
0.0023345947
0.0018768311
-0.0009613037
0.0014190674
0.0045776367
0.0015869141
0.0010223389
0.0012207031
-0.0009460449
-0.0037384033
-0.0025787354
-0.0004119873
0.0057067871
-0.0073394775
0.0012969971
