-0.0037994385
0.0050659180
-0.0053710938
-0.0051879883
0.0173797607
-0.0088348389
-0.0073699951
0.0016479492
-0.0165405273
-0.0113677979
-0.0087585449
0.0007629395
-0.0024566650
-0.0080413818
0.0062408447
-0.0026855469
0.0008087158
-0.0013885498
-0.0018768311
0.0012817383
0.0070648193
-0.0005340576
-0.0030212402
0.0001373291
-0.0003967285
0.0020751953
0.0001373291
-0.0012969971
-0.0004577637
0.0014801025
0.0046691895
-0.0013580322
-0.0185546875
-0.0119323730
-0.0037536621
0.0112304688
0.0110321045
-0.0137786865
0.0126037598
-0.0016479492
-0.0130462646
-0.0181884766
-0.0067291260
-0.0092315674
0.0144195557
-0.0064086914
0.0093994141
0.0157470703
0.0047454834
-0.0120849609
-0.0224609375
0.0090789795
0.0031738281
-0.0118408203
0.0133972168
0.0050964355
-0.0094757080
0.0103759766
0.0059967041
0.0021057129
-0.0129699707
0.0043945312
0.0113372803
-0.0204620361
0.0038604736
-0.0001831055
0.0024261475
0.0007171631
-0.0027923584
0.0042877197
-0.0017700195
0.0041656494
0.0002899170
0.0050201416
0.0003204346
0.0046539307
0.0029144287
-0.0019073486
-0.0012969971
0.0024871826
-0.0020751953
0.0062713623
0.0010070801
0.0035858154
0.0156555176
0.0005493164
0.0060272217
-0.0019226074
0.0017089844
0.0039520264
-0.0056152344
0.0081024170
-0.0005798340
0.0067749023
0.0020141602
0.0009307861
-0.0010986328
0.0081481934
-0.0108032227
-0.0011138916
-0.0044403076
-0.0109252930
0.0034179688
0.0083923340
0.0011596680
0.0284118652
-0.0016021729
0.0097198486
0.0052642822
-0.0017089844
0.0049896240
-0.0003967285
0.0237731934
0.0271301270
-0.0057678223
0.0174713135
0.0300140381
-0.0143585205
0.0254211426
0.0039520264
0.0003814697
-0.0159454346
0.0214691162
0.0017395020
-0.0033569336
0.0104217529
0.0261688232
0.0091705322
0.0025177002
0.0033416748
-0.0044860840
-0.0113983154
-0.0019226074
0.0050354004
-0.0043640137
-0.0093994141
0.0021209717
-0.0219879150
-0.0031433105
-0.0089111328
-0.0031280518
-0.0110473633
-0.0147247314
0.0036315918
0.1427917480
-0.0148773193
-0.2593536377
0.2715606689
-0.0623016357
-0.3132934570
-0.2559509277
-0.2890472412
-0.3002624512
0.3017120361
-0.0910797119
0.3236083984
0.3106689453
0.0732879639
0.0185394287
-0.3310546875
