-0.0069580078
-0.0018463135
-0.0004882812
0.0008392334
0.0034942627
0.0030670166
0.0001678467
-0.0031890869
-0.0045013428
-0.0033264160
-0.0057525635
-0.0002899170
0.0036773682
-0.0008087158
-0.0011901855
-0.0002441406
0.0005798340
0.0050354004
-0.0059509277
0.0038909912
0.0043334961
-0.0007324219
-0.0033721924
-0.0041198730
-0.0027008057
0.0066070557
-0.0043182373
0.0022277832
0.0099334717
0.0035552979
-0.0004882812
-0.0007324219
0.0132293701
0.0055389404
0.0251464844
0.0156555176
-0.0057525635
0.0147247314
-0.0102081299
0.0069274902
0.0035247803
0.0161590576
0.0013427734
0.0105895996
-0.0024566650
-0.0047912598
-0.0138702393
-0.0193634033
-0.2959747314
0.2051544189
0.2955932617
-0.2794494629
0.2658843994
-0.2065734863
-0.2159118652
0.1411895752
-0.2525482178
-0.2693634033
-0.2301940918
-0.1327667236
0.2340393066
0.2468872070
-0.2518310547
0.1880645752
-0.0034637451
-0.0065460205
-0.0026855469
-0.0152282715
-0.0001678467
-0.0032196045
0.0100708008
0.0041351318
0.0072174072
0.0005493164
0.0016937256
-0.0128479004
0.0090789795
0.0107269287
-0.0019073486
-0.0021820068
0.0046081543
-0.0070953369
-0.0001831055
0.0060882568
-0.0152130127
-0.0076599121
0.0261230469
-0.0034942627
-0.0089416504
-0.0088653564
-0.0061035156
-0.0135955811
0.0115203857
-0.0150604248
-0.0141754150
-0.0055847168
0.0033569336
0.0004730225
-0.0016174316
0.0010070801
0.0005035400
0.0070037842
-0.0016784668
0.0019073486
-0.0007324219
-0.0043182373
-0.0012207031
0.0013885498
-0.0013580322
0.0015106201
0.0069274902
-0.0032043457
0.0114135742
0.0113220215
-0.0071411133
0.0131072998
0.0090026855
-0.0083618164
0.0144042969
0.0079803467
-0.0021209717
-0.0105438232
-0.0047454834
-0.0134735107
-0.0085754395
0.0134277344
0.0089721680
-0.0013122559
-0.0017395020
0.0068359375
0.0083007812
-0.0002288818
-0.0070343018
0.0092620850
-0.0046386719
-0.0071258545
-0.0116119385
-0.0032653809
-0.0041351318
-0.0034484863
0.0082244873
-0.0198516846
-0.0089111328
0.0130157471
0.0145721436
-0.0055999756
0.0005340576
-0.0001525879
0.0018920898
0.0057830811
-0.0014190674
-0.0048522949
-0.0054321289
0.0062866211
-0.0104827881
-0.0050201416
0.0001525879
-0.0017700195
0.0014495850
0.0109252930
