-0.0030364990
-0.0095825195
0.0094299316
-0.0054931641
0.0285644531
0.0035552979
-0.0135955811
-0.0126037598
-0.0136108398
-0.0161743164
0.0046081543
0.0006561279
-0.0038452148
0.0044708252
0.0035400391
0.0069580078
0.0077667236
-0.0067291260
-0.0059661865
0.0163726807
0.0202789307
-0.0068206787
-0.0034332275
-0.0166320801
-0.0140991211
-0.0021209717
0.0157928467
-0.0011138916
-0.0084838867
0.0157318115
0.0081634521
-0.0119628906
0.0124969482
0.0036926270
0.0299072266
0.0114440918
0.0089874268
0.0100860596
0.0021514893
0.0035247803
0.0073394775
0.0203552246
-0.0036926270
-0.0078125000
0.0025939941
-0.0161437988
0.0055694580
-0.0176849365
-0.2545013428
0.1874847412
0.2671203613
-0.2862243652
0.2504425049
-0.1843109131
-0.2216033936
0.0582122803
-0.1844024658
-0.2545623779
-0.2398223877
-0.1939849854
0.2716522217
0.2170104980
-0.2661590576
0.2600708008
0.0085296631
-0.0074462891
0.0026245117
0.0007171631
-0.0020294189
0.0098266602
-0.0028533936
-0.0010986328
0.0008392334
0.0069885254
0.0001831055
0.0046539307
-0.0016326904
-0.0115814209
-0.0076446533
0.0021820068
0.0273132324
-0.0208435059
0.0131835938
-0.0010070801
0.0070953369
-0.0096435547
0.0143585205
-0.0286102295
0.0046691895
-0.0310363770
0.0088500977
-0.0482330322
0.0051269531
-0.0193328857
0.0103759766
-0.0231475830
0.0041046143
0.0008392334
0.0036315918
-0.0016174316
-0.0015716553
0.0028381348
-0.0015869141
-0.0009002686
0.0031738281
-0.0014953613
0.0073242188
0.0030822754
0.0044250488
0.0048370361
-0.0000762939
-0.0020751953
0.0186309814
0.0325012207
-0.0247192383
0.0326538086
0.0187377930
-0.0312194824
0.0288848877
0.0192413330
-0.0090332031
-0.0274505615
0.0107269287
-0.0250091553
-0.0177459717
0.0214385986
0.0004577637
0.0021972656
0.0025939941
-0.0057220459
0.0034179688
0.0009613037
0.0067138672
0.0047454834
0.0012512207
-0.0024414062
0.0007171631
-0.0031738281
-0.0091552734
-0.0043945312
0.0026702881
-0.0011901855
-0.0046234131
-0.0085754395
-0.0029907227
0.0114135742
-0.0130767822
-0.0006103516
-0.0141143799
-0.0221710205
-0.0135955811
-0.0037384033
-0.0176849365
0.0210266113
-0.0026092529
0.0188751221
0.0067749023
0.0148925781
-0.0076751709
-0.0117797852
