0.0052490234
0.0070190430
-0.0119323730
-0.0150604248
-0.0139160156
0.0049896240
-0.0048522949
-0.0210418701
-0.0087432861
0.0064392090
-0.0141296387
-0.0049896240
-0.0126800537
-0.0057678223
-0.0032043457
0.0082550049
0.0081329346
-0.0065002441
-0.0127716064
0.0149536133
0.0047302246
-0.0094604492
0.0085601807
-0.0139465332
-0.0131683350
0.0149230957
-0.0028686523
-0.0107574463
0.0103607178
0.0156555176
-0.0002288818
-0.0138854980
0.0053405762
-0.0012969971
0.0154113770
0.0057678223
0.0051727295
-0.0009918213
0.0016784668
0.0001373291
-0.0031280518
-0.0011901855
-0.0022430420
-0.0008392334
0.0019073486
-0.0014495850
-0.0016021729
-0.0001983643
-0.0074462891
-0.0044555664
-0.0111694336
-0.0066833496
-0.0114288330
0.0109710693
0.0085754395
0.0016937256
-0.0029754639
-0.0033111572
0.0022735596
0.0148010254
-0.0078125000
0.0019378662
0.0126647949
-0.0113830566
-0.0058135986
0.0048370361
0.0025482178
0.0006103516
-0.0036621094
-0.0030670166
0.0124359131
0.0054626465
0.0023498535
0.0008392334
-0.0086822510
-0.0095062256
-0.0058593750
0.0211029053
0.0033569336
0.0052490234
-0.0069580078
-0.0003967285
-0.0083160400
-0.0009307861
0.0093231201
-0.0003967285
0.0028991699
0.0046997070
0.0063629150
0.0032348633
0.0044860840
-0.0109863281
-0.0090789795
-0.0079345703
0.0115356445
-0.0039520264
0.1277770996
0.3207702637
0.1882781982
0.1801605225
-0.2798004150
-0.2183837891
0.3308105469
0.2867736816
0.0669097900
0.0869445801
-0.1499633789
-0.0495910645
0.1872406006
-0.3332214355
-0.2386169434
-0.3805236816
-0.0021667480
0.0021514893
-0.0108337402
0.0066680908
0.0051574707
0.0061798096
0.0059814453
-0.0052795410
0.0011291504
0.0030822754
-0.0073699951
-0.0006866455
-0.0115966797
0.0049896240
0.0016937256
0.0050201416
-0.0010986328
0.0002593994
-0.0007781982
0.0006256104
-0.0013275146
0.0011291504
0.0014953613
-0.0013732910
-0.0018615723
-0.0013732910
-0.0023956299
-0.0009002686
-0.0009613037
0.0000457764
-0.0008239746
0.0026245117
-0.0042877197
0.0030059814
0.0026855469
0.0001525879
-0.0040435791
-0.0028076172
-0.0012817383
0.0015563965
-0.0029754639
0.0031433105
-0.0018157959
0.0021362305
0.0027770996
0.0035858154
0.0013427734
-0.0018920898
