-0.0024566650
0.0021362305
0.0004119873
0.0052032471
0.0126037598
0.0090332031
0.0056152344
-0.0005645752
-0.0056762695
-0.0006408691
-0.0004272461
-0.0009460449
-0.0028991699
-0.0054321289
0.0003051758
-0.0028686523
-0.0000915527
0.0016632080
-0.0002593994
0.0016021729
0.0029907227
0.0002288818
-0.0036163330
-0.0012817383
-0.0007324219
-0.0028228760
0.0007324219
0.0039672852
0.0029449463
0.0019531250
-0.0004882812
-0.0077209473
-0.0282592773
-0.0212097168
-0.0175170898
-0.0000915527
0.0109863281
-0.0269317627
0.0073089600
0.0114440918
-0.0068054199
-0.0303497314
0.0028228760
0.0180358887
-0.0013732910
-0.0350952148
0.0164794922
0.0318603516
0.0040435791
-0.0129547119
0.0007934570
0.0034179688
0.0032958984
-0.0061492920
0.0020141602
0.0081481934
-0.0018310547
0.0000915527
0.0013275146
-0.0101165771
-0.0050354004
-0.0162658691
0.0067901611
-0.0023956299
-0.2758636475
-0.0682067871
-0.2587585449
-0.0564575195
-0.1239166260
-0.2732543945
0.2528076172
0.2541961670
0.2841949463
-0.2928771973
-0.0084991455
-0.2605438232
0.0644836426
0.2241058350
0.0858917236
-0.0879211426
0.0029907227
0.0005493164
0.0089263916
-0.0019226074
0.0023803711
-0.0003509521
0.0054626465
-0.0037994385
0.0054626465
0.0022583008
-0.0049285889
0.0028839111
0.0015258789
0.0036163330
-0.0029754639
-0.0026245117
0.0036621094
-0.0079803467
0.0056304932
-0.0094299316
0.0110931396
0.0038757324
-0.0211791992
-0.0173950195
-0.0055236816
0.0042572021
0.0051727295
-0.0091705322
-0.0026855469
0.0126495361
-0.0155334473
0.0211334229
0.0023803711
-0.0013122559
0.0051269531
0.0048675537
-0.0072479248
0.0085144043
-0.0010681152
-0.0045166016
-0.0054931641
-0.0005035400
0.0001831055
0.0048675537
-0.0022735596
-0.0096588135
-0.0039672852
-0.0130462646
0.0103607178
-0.0162963867
0.0129241943
-0.0012359619
0.0201873779
0.0113525391
-0.0340576172
0.0091552734
-0.0112304688
-0.0057220459
0.0122528076
0.0101165771
0.0245666504
-0.0370788574
-0.0182342529
-0.0050354004
0.0263519287
-0.0017700195
-0.0576324463
0.0115661621
-0.0196685791
-0.0649871826
0.0020904541
-0.0652618408
-0.0432128906
0.0141601562
0.0122375488
0.0561523438
0.0030364990
0.0216369629
0.0140991211
-0.0442657471
