-0.0263214111
-0.0303344727
0.0246887207
-0.0238189697
0.0106964111
-0.0209350586
-0.0286102295
-0.0060272217
0.0130462646
-0.0318145752
0.0336303711
0.0007781982
-0.0294342041
-0.0342712402
0.0143585205
0.0283660889
0.0016937256
-0.0041503906
0.0058135986
0.0019531250
0.0061340332
-0.0004425049
0.0025329590
-0.0023193359
-0.0023040771
-0.0061950684
0.0042266846
0.0046081543
-0.0058135986
0.0022430420
0.0000305176
0.0016174316
-0.0020141602
-0.0050048828
-0.0020599365
0.0184478760
0.0130004883
-0.0070800781
-0.0007019043
-0.0042419434
-0.0053253174
-0.0097656250
0.0003356934
-0.0029144287
-0.0028991699
0.0063171387
0.0267181396
0.0071563721
0.0187225342
-0.0068054199
-0.0079345703
0.0035705566
-0.0030212402
-0.0129852295
0.0009613037
0.0031280518
-0.0122070312
-0.0018463135
0.0014648438
0.0027313232
-0.0186920166
-0.0021667480
0.0060424805
-0.0005187988
-0.3041687012
0.0204925537
-0.2999420166
-0.0084838867
0.0245971680
-0.3154754639
0.3571014404
0.3376770020
0.3755645752
-0.2902374268
0.0302734375
-0.2640686035
0.0158233643
0.2797546387
-0.0413208008
-0.1046600342
0.0060882568
0.0089874268
-0.0161895752
-0.0041961670
0.0069427490
-0.0015869141
0.0140380859
0.0009460449
-0.0134429932
-0.0262603760
-0.0184936523
-0.0175170898
-0.0012969971
-0.0039672852
-0.0044555664
-0.0094146729
0.0229034424
-0.0043334961
-0.0386505127
0.0077972412
0.0017852783
-0.0149536133
0.0014953613
-0.0104522705
-0.0341644287
0.0034332275
0.0155181885
0.0091705322
-0.0153198242
0.0085754395
0.0399017334
0.0112152100
-0.0036773682
0.0148010254
-0.0418853760
0.0222015381
0.0285644531
-0.0347595215
0.0328979492
0.0131225586
0.0109405518
-0.0056762695
-0.0319671631
-0.0091247559
-0.0215911865
0.0204010010
0.0165863037
-0.0125579834
0.0004730225
-0.0023040771
-0.0037689209
0.0042877197
0.0017089844
0.0046234131
-0.0043029785
-0.0003051758
0.0006561279
0.0070495605
0.0042114258
-0.0004272461
-0.0014953613
0.0029296875
0.0025482178
0.0014953613
-0.0118255615
0.0073242188
-0.0037536621
-0.0137786865
0.0046691895
-0.0027008057
0.0062561035
-0.0017089844
-0.0008087158
0.0003204346
0.0160675049
0.0053100586
-0.0089569092
0.0077209473
-0.0074005127
-0.0024871826
