-0.0070495605
-0.0153656006
0.0081787109
-0.0032958984
-0.0094451904
0.0102844238
-0.0028839111
-0.0188903809
0.0006561279
-0.0057220459
0.0126342773
0.0123901367
0.0053100586
0.0002136230
0.0128631592
0.0130157471
0.0124816895
-0.0030517578
-0.0206146240
0.0199584961
0.0153503418
-0.0093078613
-0.0060577393
-0.0169677734
-0.0197448730
0.0174865723
-0.0104827881
-0.0088653564
0.0063323975
0.0219421387
0.0091552734
-0.0001373291
0.0052947998
0.0080566406
-0.0004425049
0.0030975342
-0.0070037842
0.0041198730
0.0026092529
0.0058441162
0.0085144043
0.0081481934
0.0010681152
-0.0018615723
-0.0053863525
-0.0033569336
-0.0075225830
-0.0033874512
-0.0052032471
-0.0110778809
-0.0071411133
0.0277404785
0.0086822510
-0.0017852783
-0.0013427734
-0.0006866455
-0.0112152100
0.0185546875
-0.0092926025
0.0127258301
0.0293731689
-0.0219573975
0.0047912598
-0.0073242188
0.0002746582
-0.0169830322
-0.0006866455
0.0134124756
-0.0135650635
0.0007324219
-0.0059051514
-0.0056457520
0.0005035400
-0.0046234131
-0.0064086914
-0.0059967041
-0.0002593994
0.0019378662
0.0004425049
0.0025939941
0.0070953369
0.0112762451
0.0115509033
-0.0057830811
0.0036010742
0.0000305176
-0.0080718994
-0.0070037842
-0.0028533936
0.0062713623
-0.0033569336
0.0096282959
0.0001983643
0.0072937012
-0.0014953613
0.0067443848
-0.0033874512
0.0042266846
-0.0022583008
0.0026092529
-0.0056762695
-0.0021209717
0.0068511963
0.0052490234
0.0047149658
0.0046844482
-0.0001831055
0.0183105469
-0.0022735596
-0.0023956299
-0.0114440918
-0.0002593994
-0.2746429443
-0.2668914795
0.1267700195
-0.2223358154
-0.3319091797
0.2971649170
-0.2746582031
-0.2589111328
-0.0350494385
0.2575073242
-0.1636657715
0.2376098633
0.2231292725
-0.2721252441
-0.1574859619
-0.2036590576
0.0003356934
-0.0050811768
-0.0060119629
-0.0106658936
0.0055999756
-0.0123901367
0.0116729736
0.0035705566
0.0048217773
-0.0040283203
-0.0004730225
0.0076446533
0.0073547363
0.0108032227
-0.0001831055
-0.0063323975
-0.0046386719
-0.0061187744
-0.0070495605
0.0029296875
0.0000457764
-0.0030059814
-0.0110626221
0.0082092285
0.0039672852
0.0075378418
0.0034942627
0.0038146973
0.0036468506
-0.0039520264
-0.0027770996
-0.0061492920
