-0.0004882812
-0.0043640137
0.0015258789
0.0036315918
0.0058898926
-0.0029296875
0.0000305176
0.0000915527
-0.0092773438
0.0021972656
-0.0010986328
0.0071716309
0.0023193359
0.0046081543
0.0014801025
0.0070037842
0.0138854980
-0.0091400146
-0.0124816895
0.0224609375
-0.0021514893
-0.0130310059
0.0081024170
-0.0215148926
-0.0222778320
-0.0024108887
-0.0036468506
-0.0063323975
-0.0011749268
0.0228576660
-0.0005645752
-0.0104827881
0.0104522705
0.0021820068
0.0247650146
-0.0050811768
0.0155029297
0.0122985840
0.0037384033
-0.0148315430
0.0141296387
0.0230865479
-0.0269927979
0.0106201172
-0.0005187988
0.0073699951
-0.0129089355
-0.0170135498
-0.2454223633
0.2090454102
0.3238983154
-0.2566223145
0.2127075195
-0.2157287598
-0.2448272705
0.1454925537
-0.2339477539
-0.2519683838
-0.2780761719
-0.1931610107
0.2131042480
0.2882690430
-0.2080993652
0.2688751221
-0.0085906982
-0.0061950684
-0.0047149658
-0.0082855225
-0.0096282959
-0.0084686279
0.0054016113
0.0010375977
0.0050506592
-0.0092010498
-0.0016632080
-0.0146179199
0.0141296387
0.0085601807
-0.0002746582
0.0015716553
0.0095825195
0.0052947998
-0.0348358154
0.0042419434
0.0085754395
-0.0149993896
0.0212860107
-0.0014038086
-0.0066986084
0.0107574463
-0.0157928467
0.0359649658
0.0040130615
-0.0268249512
-0.0104217529
-0.0260620117
-0.0060729980
-0.0109252930
-0.0114898682
-0.0107269287
0.0046844482
0.0096893311
0.0008850098
0.0064849854
-0.0065917969
0.0016784668
-0.0028839111
0.0029144287
-0.0131835938
0.0091857910
0.0216522217
0.0002899170
0.0191955566
0.0217437744
0.0009613037
0.0043487549
0.0209808350
-0.0160522461
0.0175018311
0.0118713379
-0.0149841309
-0.0159759521
0.0128326416
-0.0098571777
-0.0006256104
0.0132751465
0.0046386719
0.0122528076
0.0059204102
0.0043487549
-0.0061035156
0.0050964355
-0.0095977783
0.0026397705
-0.0101623535
-0.0070190430
-0.0092315674
0.0020294189
-0.0075378418
-0.0088195801
0.0075073242
-0.0145263672
-0.0032043457
0.0158386230
0.0009613037
-0.0063934326
0.0013580322
-0.0031127930
0.0036773682
0.0037841797
0.0019836426
-0.0048217773
-0.0018310547
0.0007171631
-0.0049896240
0.0008239746
-0.0008239746
0.0051422119
-0.0045776367
0.0001220703
