0.0066680908
0.0088806152
-0.0020294189
0.0015106201
0.0014038086
0.0054016113
-0.0013885498
0.0043029785
0.0000610352
0.0022430420
-0.0094604492
-0.0038452148
0.0006561279
0.0098266602
0.0028686523
-0.0091247559
0.0002441406
0.0000152588
-0.0012359619
-0.0038299561
-0.0036926270
-0.0010528564
0.0028839111
0.0037994385
0.0034790039
0.0040893555
-0.0019226074
-0.0036010742
0.0007476807
-0.0046997070
-0.0014190674
0.0056457520
-0.0080566406
-0.0108184814
-0.0050964355
0.0092468262
-0.0066375732
-0.0030059814
-0.0023040771
-0.0031280518
0.0067901611
-0.0077514648
-0.0082855225
0.0108795166
-0.0065917969
-0.0128173828
-0.0083312988
0.0112457275
0.0077667236
-0.0105590820
-0.0050201416
-0.0051574707
-0.0165252686
-0.0063476562
-0.0012054443
-0.0090637207
-0.0102691650
0.0038452148
-0.0049133301
0.0023803711
-0.0050201416
-0.0070648193
0.0077514648
-0.0051879883
-0.0089721680
-0.0108489990
-0.0117340088
0.0162353516
-0.0133361816
-0.0047149658
0.0070800781
0.0122528076
-0.0012512207
-0.0056152344
-0.0105895996
-0.0106048584
0.0066986084
0.0038146973
-0.0053558350
0.0047760010
0.0020751953
-0.0030517578
0.0017852783
0.0029754639
0.0006866455
0.0014190674
0.0016326904
0.0043487549
0.0014190674
0.0045318604
0.0032958984
-0.0006866455
0.0001068115
-0.0014953613
0.0074920654
-0.0001831055
-0.0002288818
0.0021514893
0.0031890869
-0.0000305176
-0.0022125244
-0.0010986328
-0.0012054443
0.0014495850
-0.0007476807
0.0032043457
0.0000762939
-0.0015716553
0.0060424805
-0.0010528564
-0.0012817383
-0.0001220703
0.0076141357
0.0088043213
0.0139465332
0.0047454834
-0.0035705566
0.0045623779
0.0014953613
-0.0181427002
-0.0142211914
0.0070495605
-0.0065155029
-0.0064239502
0.0155334473
0.0073547363
-0.0023193359
0.0109710693
-0.3890686035
0.3254241943
0.0256805420
-0.1208648682
-0.3931121826
-0.0018310547
-0.0607452393
0.3673248291
-0.3223571777
-0.0116729736
0.0171661377
0.3187255859
0.0372619629
-0.1913452148
0.1307067871
0.3134613037
-0.0016479492
-0.0017395020
0.0041961670
0.0006408691
0.0014953613
0.0034942627
-0.0013427734
0.0028991699
0.0005340576
0.0026397705
-0.0120086670
-0.0023345947
0.0025939941
-0.0040893555
-0.0041351318
0.0002593994
