-0.0008239746
0.0005187988
-0.0144195557
-0.0099487305
-0.0050964355
-0.0196075439
-0.0024261475
0.0043029785
0.0097656250
-0.0002136230
0.0000762939
-0.0010986328
0.0106506348
0.0046997070
0.0007781982
-0.0040283203
-0.0004730225
-0.0000457764
0.0048370361
-0.0014953613
0.0125732422
0.0024719238
0.0016632080
0.0012359619
0.0013732910
0.0014801025
0.0046234131
0.0038604736
-0.0064849854
-0.0012664795
0.0035552979
0.0086669922
-0.0041809082
0.0012664795
0.0011596680
-0.0002441406
0.0025787354
-0.0012969971
0.0041503906
0.0019531250
0.0023956299
0.0000000000
-0.0030517578
0.0078735352
-0.0042419434
-0.0074615479
-0.0017700195
0.0018615723
0.0116424561
-0.0065155029
-0.0064849854
-0.0063323975
-0.0039215088
0.0026397705
0.0012817383
-0.0061035156
0.0025787354
-0.0054016113
0.0025024414
-0.0016937256
-0.0087280273
-0.0070190430
0.0023956299
-0.0039520264
-0.2978668213
-0.0829772949
-0.2876892090
-0.0089416504
-0.1315307617
-0.3288574219
0.2831115723
0.3593902588
0.3501892090
-0.3100280762
-0.0243072510
-0.2465057373
0.0920257568
0.2806091309
-0.0787658691
-0.1346588135
-0.0065765381
0.0058746338
0.0045776367
-0.0047302246
-0.0083160400
0.0005950928
0.0090026855
0.0013427734
-0.0064392090
-0.0037841797
0.0016174316
-0.0052642822
0.0035858154
-0.0174407959
0.0070800781
0.0026397705
0.0028686523
0.0047302246
0.0089416504
0.0028228760
-0.0002441406
-0.0021514893
0.0008544922
-0.0031585693
-0.0037689209
0.0037689209
-0.0029144287
0.0095977783
-0.0007324219
-0.0024871826
-0.0066528320
0.0018615723
0.0026397705
0.0031280518
-0.0196228027
0.0087890625
0.0039520264
-0.0142822266
0.0090942383
0.0005340576
-0.0024414062
0.0007019043
-0.0095214844
-0.0074768066
-0.0069580078
0.0127563477
-0.0012207031
0.0071563721
-0.0052032471
0.0066528320
-0.0013732910
0.0262756348
-0.0005035400
0.0102691650
-0.0152282715
0.0030822754
0.0012207031
0.0115509033
0.0233764648
0.0034332275
0.0148773193
0.0021820068
0.0065002441
0.0079345703
-0.0041503906
-0.0015258789
-0.0017852783
-0.0068969727
0.0019073486
-0.0006103516
0.0015411377
0.0034332275
0.0012664795
-0.0016326904
0.0091705322
-0.0001068115
-0.0049133301
0.0032958984
-0.0013732910
0.0009765625
