-0.0068817139
-0.0063018799
-0.0011138916
-0.0051422119
0.0025177002
-0.0057067871
-0.0058746338
-0.0074462891
-0.0021972656
-0.0037994385
0.0038757324
-0.0034637451
0.0028533936
0.0016021729
0.0045471191
0.0010833740
0.0047454834
-0.0050201416
-0.0015563965
0.0037384033
-0.0013732910
-0.0054779053
0.0068206787
-0.0047607422
-0.0036010742
0.0002593994
0.0001678467
-0.0038757324
-0.0006103516
0.0034484863
-0.0064239502
0.0048980713
0.0146026611
0.0155029297
0.0144653320
-0.0023956299
-0.0094757080
0.0054931641
-0.0098724365
0.0024871826
0.0086669922
0.0104827881
0.0046234131
-0.0000762939
-0.0084991455
0.0106048584
-0.0181732178
-0.0113677979
-0.2796173096
0.2063293457
0.3104400635
-0.2601776123
0.2682189941
-0.2050628662
-0.2416534424
0.1213073730
-0.2273254395
-0.2568511963
-0.2624816895
-0.0918121338
0.2977905273
0.2551116943
-0.2377014160
0.1829223633
-0.0000457764
-0.0082244873
0.0019226074
0.0001068115
-0.0021820068
0.0014801025
0.0039978027
-0.0059204102
0.0037384033
0.0011138916
0.0002288818
-0.0092926025
-0.0011138916
0.0072174072
-0.0032043457
0.0003814697
0.0065155029
0.0028991699
-0.0083160400
-0.0032653809
-0.0131683350
-0.0048370361
0.0172576904
-0.0050201416
-0.0091857910
-0.0027618408
-0.0046844482
-0.0033874512
0.0051727295
-0.0135040283
-0.0071105957
-0.0030517578
0.0112304688
0.0055847168
-0.0122528076
0.0060424805
-0.0002899170
-0.0025634766
0.0073089600
0.0071868896
-0.0003814697
-0.0142364502
-0.0081634521
-0.0007324219
0.0001678467
-0.0123443604
0.0072784424
-0.0129699707
-0.0064697266
0.0079040527
-0.0250854492
-0.0097808838
-0.0018463135
-0.0156097412
0.0163116455
-0.0033264160
-0.0008239746
0.0022888184
-0.0092163086
-0.0055541992
0.0037994385
0.0123901367
-0.0026397705
0.0046386719
0.0030059814
-0.0054016113
0.0114898682
-0.0061035156
0.0049285889
0.0012207031
0.0044860840
-0.0042419434
-0.0003051758
0.0036621094
-0.0063934326
0.0024566650
0.0169372559
0.0010681152
0.0059814453
-0.0040130615
0.0006103516
-0.0023193359
-0.0014801025
-0.0064697266
0.0025939941
0.0014953613
0.0016479492
0.0012969971
0.0011596680
0.0010833740
0.0006713867
-0.0004119873
-0.0061492920
-0.0074157715
-0.0030517578
0.0049896240
