0.0187683105
0.0190734863
0.0010681152
0.0147552490
-0.0140991211
0.0322113037
0.0077667236
-0.0340881348
-0.0407409668
0.0107421875
-0.0007781982
-0.0402832031
-0.0084533691
-0.0214080811
-0.0115814209
-0.0091552734
-0.0021667480
-0.0003967285
0.0079650879
-0.0067901611
0.0037078857
0.0015869141
0.0065612793
0.0056152344
0.0096588135
0.0001983643
-0.0019683838
0.0026550293
0.0055999756
-0.0090942383
-0.0128936768
-0.0011901855
0.0209350586
-0.0010833740
0.0165710449
0.0072174072
-0.0058746338
0.0237274170
-0.0172424316
0.0020294189
0.0323333740
0.0062713623
0.0167541504
0.0175628662
-0.0086364746
0.0039978027
0.0143432617
-0.0154266357
-0.0250549316
-0.0301055908
-0.0021972656
0.0243377686
0.0338592529
0.0031738281
-0.0129547119
0.0085754395
-0.0082244873
-0.0028228760
-0.0052947998
0.0235137939
-0.0109863281
-0.0171356201
0.0198211670
-0.0254364014
0.0048828125
-0.0017700195
-0.0026245117
0.0072784424
-0.0006256104
0.0074768066
-0.0022583008
-0.0194702148
0.0061035156
0.0019989014
-0.0146789551
-0.0069122314
-0.0051879883
-0.0086364746
-0.0169219971
0.0012512207
0.0022125244
0.0232696533
-0.0318756104
0.0097351074
0.0319976807
-0.0130004883
0.0339050293
-0.0359497070
0.0028839111
-0.0176391602
-0.0246124268
0.0251922607
0.0204315186
-0.0099639893
-0.0101318359
-0.0137939453
-0.0055084229
0.0145874023
0.0038604736
0.0201721191
-0.0156555176
0.0021972656
0.0122375488
0.0150604248
-0.0139770508
0.0114593506
-0.0206146240
0.0169372559
-0.0152587891
-0.0043334961
0.0056610107
-0.0050811768
0.0066680908
0.0090789795
-0.0075378418
0.0213775635
0.0033416748
0.0216064453
0.0150451660
-0.0166778564
0.0276947021
0.0015563965
-0.0142211914
-0.0305328369
-0.0236511230
0.0322570801
0.0018920898
0.0132904053
-0.0493469238
0.0578155518
0.0554199219
-0.0264129639
-0.0549926758
0.0263824463
-0.0449066162
0.0619201660
-0.0511474609
0.0543670654
0.0589599609
0.0638885498
0.1063385010
-0.0463409424
0.0527038574
0.0563812256
0.1741943359
-0.0956420898
-0.1964569092
0.2344970703
0.0827026367
-0.2485504150
-0.2010040283
-0.2309112549
-0.2464752197
0.2501373291
-0.0599822998
0.2561035156
0.2489471436
0.0946044922
0.0314483643
-0.2440338135
