0.0035705566
0.0176696777
-0.0110168457
-0.0073089600
0.0194244385
-0.0022735596
-0.0158996582
-0.0005187988
-0.0320892334
-0.0181579590
-0.0284118652
-0.0037689209
-0.0034332275
-0.0062408447
-0.0017700195
-0.0124816895
0.0006866455
-0.0016784668
0.0008544922
0.0000305176
-0.0003204346
-0.0005798340
0.0027465820
0.0000305176
-0.0001831055
0.0000915527
0.0008850098
0.0000915527
-0.0007934570
-0.0000305176
0.0007019043
-0.0014038086
-0.0112609863
-0.0026245117
0.0087432861
0.0097503662
0.0096130371
-0.0025787354
0.0072021484
-0.0057525635
-0.0051422119
-0.0081634521
-0.0012512207
-0.0059814453
0.0171203613
0.0010223389
-0.0015716553
0.0089874268
0.0188751221
-0.0245361328
-0.0348510742
0.0136413574
0.0049133301
0.0164947510
0.0024261475
0.0075988770
-0.0074920654
0.0090332031
0.0237274170
0.0210571289
-0.0300292969
-0.0072021484
0.0202789307
-0.0191955566
0.0055847168
0.0002899170
0.0008697510
0.0026092529
-0.0015563965
0.0070190430
-0.0021667480
-0.0004577637
0.0009155273
0.0041961670
0.0016784668
0.0050354004
0.0031890869
-0.0102233887
0.0029754639
0.0077514648
0.0053558350
0.0001068115
0.0079498291
0.0004119873
0.0343780518
-0.0217895508
0.0036163330
-0.0220642090
-0.0168914795
0.0179748535
-0.0143127441
0.0003814697
-0.0137786865
0.0137329102
-0.0204162598
-0.0225372314
0.0081939697
0.0014343262
-0.0206756592
-0.0075836182
0.0046386719
-0.0096435547
0.0043334961
0.0088653564
-0.0214233398
0.0404815674
-0.0115356445
0.0070800781
-0.0265960693
0.0050506592
0.0281829834
-0.0043640137
0.0185852051
0.0158843994
-0.0058898926
0.0145263672
0.0189971924
-0.0208282471
0.0154266357
0.0141448975
-0.0081329346
-0.0088043213
0.0158538818
-0.0092773438
-0.0084381104
0.0104522705
0.0189819336
-0.0136718750
-0.0062408447
0.0049591064
-0.0001983643
-0.0014343262
-0.0075988770
0.0036010742
-0.0024871826
0.0038299561
-0.0028381348
-0.0162811279
-0.0060729980
0.0051269531
0.0013885498
-0.0092010498
0.0008544922
0.0036163330
0.1593933105
-0.0224761963
-0.2233581543
0.3010559082
-0.0644073486
-0.2870025635
-0.2940826416
-0.2420806885
-0.2951049805
0.3351135254
-0.0843811035
0.2890014648
0.3453521729
0.1045532227
0.0736694336
-0.2908935547
