-0.2418060303
-0.2724761963
0.1827545166
-0.2879028320
0.3039703369
-0.2499237061
-0.2102508545
0.0022125244
0.1931152344
-0.2103118896
0.2805786133
0.2195281982
-0.2561340332
-0.1952667236
-0.0330657959
0.3193054199
-0.0064697266
0.0067596436
-0.0005950928
-0.0052490234
0.0004119873
0.0043792725
-0.0126647949
0.0045623779
0.0042572021
-0.0053405762
0.0040283203
0.0007171631
-0.0019226074
-0.0042572021
0.0046234131
0.0007781982
-0.0050354004
-0.0180206299
0.0120544434
0.0009460449
-0.0041961670
-0.0064392090
-0.0010833740
0.0091552734
-0.0131835938
-0.0068511963
-0.0030670166
-0.0085296631
-0.0136871338
0.0009002686
0.0058288574
-0.0020599365
-0.0010833740
0.0026092529
-0.0038452148
-0.0130310059
0.0036163330
-0.0003356934
0.0033721924
0.0032653809
-0.0056304932
-0.0047760010
0.0045471191
-0.0102081299
-0.0036010742
0.0087738037
0.0071105957
-0.0017700195
-0.0031127930
0.0419006348
-0.0006408691
-0.0207672119
0.0217285156
-0.0022430420
0.0079803467
0.0086975098
0.0019683838
-0.0024566650
0.0279998779
0.0099945068
-0.0032501221
-0.0088043213
0.0254821777
0.0261688232
-0.0017089844
0.0028228760
0.0113677979
-0.0003814697
0.0017700195
0.0026702881
0.0044097900
-0.0037536621
0.0076599121
0.0036468506
-0.0063781738
-0.0009765625
0.0006866455
0.0070800781
-0.0000915527
0.0003356934
0.0059509277
-0.0006256104
0.0047302246
0.0065917969
-0.0084228516
0.0024108887
-0.0000762939
-0.0061340332
-0.0026092529
0.0004272461
0.0126647949
-0.0029754639
-0.0011291504
0.0007019043
-0.0105895996
0.0160064697
-0.0004577637
-0.0014190674
-0.0097351074
0.0045318604
0.0023803711
0.0024108887
0.0065155029
-0.0025634766
0.0002899170
0.0050659180
0.0011749268
-0.0046997070
-0.0076904297
0.0084381104
0.0023803711
-0.0047454834
-0.0006866455
0.0019226074
0.0033569336
0.0026855469
-0.0031433105
0.0037536621
0.0028991699
-0.0019226074
-0.0034332275
0.0005340576
-0.0023345947
-0.0002441406
-0.0016326904
-0.0029754639
-0.0014648438
0.0032501221
0.0068206787
-0.0024108887
0.0017700195
-0.0027008057
0.0088806152
0.0027313232
-0.0023498535
0.0000915527
-0.0033416748
0.0054931641
-0.0086669922
-0.0026092529
0.0009155273
-0.0025024414
0.0043792725
0.0087127686
