-0.0086059570
-0.0062103271
0.0056915283
-0.0069122314
0.0090332031
0.0201263428
-0.0075836182
-0.0079650879
-0.0045623779
-0.0061492920
0.0018005371
0.0094757080
-0.0017547607
0.0031585693
0.0130920410
0.0003814697
0.0164642334
-0.0192260742
-0.0080718994
0.0216674805
-0.0099945068
-0.0155487061
0.0105285645
-0.0201873779
-0.0203247070
0.0086059570
0.0022277832
-0.0050506592
0.0004425049
0.0226898193
0.0001678467
-0.0084686279
-0.0049743652
-0.0068817139
-0.0030822754
0.0087280273
0.0170288086
0.0019989014
0.0042572021
0.0049438477
0.0173492432
0.0082550049
0.0067749023
-0.0025177002
0.0039367676
-0.0108795166
0.0200347900
0.0028839111
0.0102996826
-0.0150146484
0.0048828125
0.0123596191
-0.0023803711
-0.0064239502
0.0088958740
0.0090026855
0.0035705566
0.0060424805
-0.0101623535
0.0011444092
0.0157012939
-0.0219879150
0.0021972656
0.0019683838
-0.2881469727
-0.2008666992
-0.3061523438
0.0605621338
-0.1526641846
-0.2965545654
0.2312469482
0.3002166748
0.3014678955
-0.3511047363
-0.0571746826
-0.2647552490
0.1004791260
0.1950225830
-0.0098571777
-0.1331787109
0.0089416504
0.0008087158
0.0029449463
-0.0083007812
-0.0019226074
-0.0003204346
-0.0082702637
-0.0143432617
-0.0032806396
0.0033569336
-0.0019226074
-0.0013885498
0.0063018799
-0.0040130615
-0.0009613037
0.0046234131
-0.0018005371
0.0078887939
-0.0002593994
0.0039367676
-0.0012817383
-0.0071868896
0.0007934570
-0.0002288818
-0.0007171631
0.0074310303
0.0003967285
0.0015106201
0.0050354004
-0.0019683838
-0.0021057129
0.0006256104
0.0101165771
-0.0023040771
0.0029754639
0.0026397705
-0.0081024170
-0.0002593994
-0.0006713867
0.0098266602
-0.0092926025
-0.0101470947
-0.0002288818
-0.0122985840
-0.0013275146
0.0033264160
0.0046539307
0.0013427734
0.0070190430
-0.0158691406
0.0161285400
0.0154876709
0.0243377686
0.0025939941
-0.0289459229
0.0198211670
-0.0175933838
0.0352172852
0.0257720947
0.0337219238
0.0423889160
-0.0177764893
-0.0154418945
-0.0019989014
-0.0413055420
0.0286254883
-0.0093231201
-0.0831451416
0.0121917725
-0.0015716553
0.0449218750
0.0487823486
0.0196838379
-0.0409851074
0.1180725098
-0.0156402588
-0.0727233887
0.0449523926
-0.0358734131
0.0217590332
