-0.0029754639
0.0035247803
-0.0166778564
-0.0028533936
-0.0143432617
0.0048980713
-0.0008239746
0.0055236816
-0.0156402588
-0.0042877197
-0.0023193359
0.0110015869
0.0034637451
-0.0113067627
0.0125122070
-0.0023651123
-0.3311157227
0.3456115723
0.1032867432
-0.3391571045
-0.0300598145
0.2685546875
-0.0488739014
0.3281555176
0.3605346680
0.0716400146
0.0952301025
0.0281372070
0.2282409668
-0.3548736572
-0.1295166016
-0.0316925049
-0.0017547607
-0.0190277100
-0.0162963867
-0.0030822754
-0.0097961426
-0.0031738281
0.0076446533
-0.0031890869
0.0115966797
0.0036010742
0.0056610107
-0.0107727051
0.0016174316
0.0050201416
-0.0075836182
0.0016021729
-0.0023803711
-0.0037078857
0.0174865723
-0.0230865479
0.0129547119
0.0107421875
-0.0099792480
0.0069885254
-0.0159759521
-0.0209960938
0.0023651123
0.0148620605
-0.0011749268
-0.0142517090
-0.0092315674
-0.0107421875
0.0059509277
0.0100555420
0.0076446533
0.0001983643
-0.0075073242
0.0048065186
-0.0057678223
-0.0153961182
0.0058441162
-0.0039367676
-0.0050048828
0.0015716553
0.0109710693
-0.0128326416
-0.0011901855
0.0029449463
0.0036010742
0.0046691895
-0.0042877197
-0.0017089844
0.0074462891
-0.0113830566
0.0122985840
-0.0060577393
-0.0063934326
0.0086059570
-0.0112609863
0.0018005371
-0.0066528320
-0.0129394531
-0.0051422119
-0.0279998779
0.0080413818
0.0054473877
0.0093841553
-0.0036468506
-0.0022125244
-0.0100860596
0.0040588379
0.0042572021
0.0047760010
0.0082397461
0.0037689209
-0.0015716553
-0.0037689209
-0.0060119629
-0.0098571777
-0.0036163330
-0.0130920410
-0.0051422119
-0.0041656494
0.0030212402
-0.0065917969
0.0190734863
-0.0045623779
-0.0055084229
-0.0088500977
0.0042572021
-0.0000762939
0.0022735596
0.0017089844
-0.0043640137
0.0073547363
-0.0114593506
-0.0029602051
-0.0017089844
0.0045928955
-0.0010070801
0.0021972656
-0.0022125244
0.0072021484
0.0019836426
0.0004577637
-0.0163879395
-0.0037384033
0.0054931641
0.0035705566
-0.0043029785
0.0079040527
-0.0019378662
-0.0101776123
-0.0104827881
-0.0022125244
0.0021667480
-0.0056762695
-0.0035552979
0.0014495850
-0.0029296875
0.0045928955
-0.0011138916
-0.0070953369
0.0042266846
-0.0008392334
-0.0093994141
0.0100708008
-0.0059051514
