0.0183563232
-0.0084075928
0.0167388916
0.0034027100
-0.0476226807
0.0139007568
-0.0041656494
-0.0017547607
-0.0045928955
0.0177917480
-0.0201416016
-0.0006103516
0.0031738281
0.0539703369
0.0164184570
0.0127868652
0.0118865967
-0.0134124756
0.0045471191
0.0076293945
0.0146484375
-0.0084381104
-0.0019683838
-0.0060119629
-0.0073089600
-0.0076751709
-0.0134582520
0.0059204102
-0.0128631592
0.0067443848
0.0085906982
0.0018920898
-0.0034484863
-0.0069885254
-0.0009460449
-0.0044097900
-0.0050354004
-0.0018310547
0.0109710693
0.0129852295
-0.0139617920
0.0135192871
0.0125579834
-0.0025634766
-0.0088043213
0.0072479248
-0.0077362061
-0.0151367188
0.0228729248
-0.0147705078
-0.0302581787
0.0274353027
-0.0114135742
-0.0049896240
0.0145111084
-0.0152130127
0.0060729980
0.0130310059
0.0181579590
0.0051116943
-0.0153045654
-0.0284423828
0.0128479004
-0.0212249756
0.0021057129
-0.0440063477
-0.0062561035
0.0133361816
-0.0095062256
0.0059814453
-0.0115966797
0.0108795166
0.0063934326
-0.0179290771
-0.0057830811
0.0090789795
-0.0149536133
-0.0258636475
-0.0242767334
-0.0214996338
0.0090789795
0.0168762207
0.0094604492
-0.0179901123
-0.0113067627
-0.0109710693
0.0058288574
-0.0180053711
-0.0240478516
-0.0122528076
-0.0250701904
0.0005187988
-0.0062713623
-0.0020446777
-0.0152587891
-0.0085906982
-0.0002288818
-0.0022583008
0.0013122559
-0.0020446777
0.0077667236
0.0077819824
-0.0034027100
-0.0034637451
0.0028381348
-0.0010223389
-0.0114440918
0.0093383789
-0.0057220459
-0.0068817139
-0.0066986084
0.0013580322
-0.1970825195
-0.2566070557
0.1404724121
-0.2963256836
-0.2741699219
0.2145843506
-0.2631072998
-0.2961578369
-0.1094970703
0.3125457764
-0.1094055176
0.2501983643
0.1890869141
-0.2233734131
-0.3075561523
-0.0607604980
-0.0203552246
-0.0086517334
-0.0188446045
0.0135498047
0.0153198242
-0.0015106201
-0.0013580322
0.0198974609
0.0034790039
-0.0051574707
0.0207519531
0.0250091553
-0.0196990967
0.0174560547
-0.0117034912
-0.0130615234
0.0134124756
0.0011901855
-0.0316619873
-0.0051574707
0.0140228271
-0.0164794922
-0.0142059326
-0.0119628906
-0.0187530518
0.0211639404
0.0319213867
0.0152282715
-0.0000305176
-0.0083923340
-0.0063781738
-0.0069885254
