0.0008392334
0.0069885254
-0.0216674805
-0.0090942383
0.0116119385
-0.0130462646
0.0084838867
0.0010681152
0.0063476562
0.0084381104
0.0102233887
0.0043487549
0.0170440674
-0.0060882568
0.0102233887
-0.0048828125
-0.0227813721
0.0178527832
0.0102691650
-0.0197601318
0.0175933838
0.0218505859
-0.0088806152
0.0177764893
0.0192260742
0.0152130127
0.0229949951
0.0015563965
0.0079498291
-0.0211486816
0.0159454346
-0.0318298340
-0.2235870361
-0.1267395020
-0.2463226318
-0.1107635498
-0.0447845459
-0.2974395752
0.2208404541
0.0207824707
-0.2469940186
-0.2279357910
-0.2322235107
0.0748138428
-0.0402374268
-0.1519775391
-0.0902862549
0.2503204346
0.0017547607
-0.0008697510
-0.0055999756
-0.0100402832
-0.0342864990
0.0388946533
0.0175170898
-0.0030212402
0.0144958496
-0.0055694580
0.0159149170
0.0225677490
-0.0200347900
0.0074920654
0.0317840576
-0.0237731934
-0.0606994629
-0.0934143066
-0.0363769531
0.0095520020
-0.1513366699
-0.0317535400
0.0435638428
-0.0065460205
0.0383148193
-0.0445404053
-0.0930480957
-0.1360168457
0.0883026123
0.0696411133
-0.0190429688
0.0035247803
-0.0127410889
0.0065460205
0.0221557617
-0.0078887939
0.0052795410
0.0048370361
0.0100250244
0.0044555664
0.0065917969
0.0084381104
0.0006256104
0.0049438477
-0.0202636719
-0.0035095215
0.0003967285
-0.0032653809
0.0152893066
0.0704193115
0.0146942139
0.0172424316
-0.0325775146
-0.1351318359
0.0736083984
0.0749511719
0.0030517578
0.0872192383
-0.0182342529
-0.0417633057
-0.0112609863
-0.0588836670
0.0094299316
-0.0820465088
0.0033874512
0.0119934082
-0.0015258789
-0.0023498535
0.0011901855
-0.0012969971
0.0029449463
0.0010681152
-0.0108642578
-0.0031433105
0.0080718994
-0.0183868408
-0.0008850098
0.0149536133
0.0036621094
0.0025482178
0.0019531250
0.0050811768
-0.0034027100
0.0009613037
-0.0027465820
-0.0112457275
0.0063018799
-0.0082702637
0.0038452148
0.0073547363
-0.0083618164
-0.0094146729
-0.0061492920
0.0097045898
-0.0073242188
-0.0033569336
0.0096893311
0.0040588379
-0.0014801025
0.0027618408
-0.0116271973
0.0043182373
-0.0014190674
0.0005950928
0.0019531250
0.0027008057
-0.0114440918
0.0009918213
0.0012359619
-0.0052185059
0.0057525635
0.0009155273
