-0.0056762695
-0.0043487549
0.0001525879
0.0030670166
0.0266876221
0.0092010498
0.0003662109
0.0130767822
-0.0092010498
-0.0029602051
0.0028839111
0.0171508789
0.0067596436
-0.0017242432
0.0075988770
-0.0002746582
0.0030822754
-0.0021972656
-0.0042419434
0.0050659180
0.0002746582
-0.0031280518
0.0011596680
-0.0047149658
-0.0040435791
0.0073547363
0.0001525879
-0.0013275146
0.0024871826
0.0048065186
-0.0003051758
0.0031890869
-0.0024871826
-0.0038299561
0.0063629150
0.0102233887
0.0146636963
0.0048065186
0.0058593750
0.0001220703
0.0108795166
0.0135803223
0.0137786865
0.0047760010
0.0057220459
-0.0123596191
0.0233917236
-0.0059967041
0.0047149658
-0.0071868896
-0.0083007812
0.0066833496
0.0048828125
0.0013275146
0.0136108398
0.0115814209
-0.0008392334
0.0016937256
0.0010070801
0.0030059814
0.0035247803
-0.0079650879
-0.0024871826
0.0029144287
-0.2919921875
-0.2095794678
-0.2860717773
0.0612335205
-0.1502685547
-0.3009490967
0.2437896729
0.2911224365
0.3279724121
-0.3554229736
-0.0735626221
-0.2864227295
0.0582427979
0.2498474121
0.0191040039
-0.0973510742
-0.0002746582
0.0094604492
0.0212402344
-0.0193481445
-0.0150756836
0.0136260986
0.0013427734
-0.0066986084
0.0064849854
0.0123291016
-0.0089721680
-0.0171966553
0.0167846680
-0.0056304932
0.0093841553
0.0047149658
-0.0032501221
0.0001373291
0.0050048828
-0.0039062500
0.0097503662
-0.0062408447
-0.0072937012
-0.0102081299
-0.0077972412
0.0001373291
0.0096130371
-0.0024719238
0.0008392334
0.0086059570
0.0048370361
0.0059967041
0.0164337158
0.0070495605
0.0076446533
0.0122680664
0.0030059814
-0.0014190674
0.0086059570
0.0022430420
0.0033874512
-0.0123138428
-0.0135498047
-0.0157012939
-0.0047149658
0.0140838623
0.0015258789
0.0069732666
-0.0009307861
0.0009002686
0.0000915527
0.0036163330
0.0010375977
0.0096130371
-0.0143585205
0.0083312988
-0.0069885254
0.0046691895
0.0012054443
0.0082550049
0.0190734863
-0.0075378418
-0.0124969482
0.0002899170
0.0093231201
0.0000457764
-0.0032501221
-0.0153808594
0.0014190674
-0.0001525879
0.0103912354
0.0092620850
0.0039825439
-0.0109710693
0.0098114014
-0.0066528320
-0.0181579590
0.0089111328
-0.0041961670
0.0095825195
