0.0084381104
0.0150909424
-0.0066833496
0.0039062500
0.0060577393
-0.0027618408
0.0028533936
0.0134429932
0.0022277832
-0.0038452148
-0.0110321045
0.0128173828
0.0131378174
-0.0049591064
0.0021209717
-0.0201110840
0.0057067871
-0.0030670166
0.0051116943
-0.0008239746
0.0253906250
-0.0028686523
0.0045623779
0.0004577637
0.0007934570
-0.0136871338
-0.0110168457
-0.0033569336
-0.0043487549
-0.0008239746
0.0043792725
-0.0105895996
0.0247650146
0.0296936035
0.0128631592
0.0114135742
0.0160980225
0.0203704834
-0.0299987793
-0.0182952881
-0.0000457764
-0.0035400391
-0.0015563965
0.0115051270
0.0039215088
0.0080871582
-0.0151214600
-0.0132446289
0.0199890137
-0.0035705566
-0.0070953369
-0.0171051025
-0.0096435547
-0.0040130615
-0.0107421875
-0.0065917969
0.0003967285
-0.0240478516
0.0001068115
0.0212402344
-0.0390777588
-0.0061340332
-0.0059051514
-0.0262908936
-0.0038604736
0.0070037842
-0.0017852783
-0.0334625244
0.0022583008
0.0046234131
0.0107879639
0.0013580322
0.0007324219
0.0026702881
0.0079956055
-0.0096435547
0.0006866455
-0.0002136230
0.0065002441
0.0026092529
-0.1183776855
-0.2404937744
-0.0121917725
0.2162170410
-0.1131591797
0.2209930420
-0.0977478027
0.2740325928
0.2326660156
-0.3443298340
0.1626586914
-0.0407409668
0.2184143066
0.1663970947
0.1644744873
0.3032226562
-0.0250854492
0.0049591064
0.0236816406
-0.0306701660
-0.0092468262
-0.0641021729
0.0258789062
0.0190887451
-0.0881347656
0.0587768555
-0.0069732666
-0.0451660156
0.0671081543
-0.0461578369
-0.0540924072
-0.0392608643
-0.0080871582
0.0200805664
-0.0234222412
0.0204772949
0.0162506104
-0.0038299561
0.0266571045
0.0224456787
0.0019531250
-0.0220031738
-0.0254974365
-0.0197906494
-0.0219421387
0.0131225586
0.0172424316
-0.0219421387
-0.1110687256
0.1602020264
0.0571746826
-0.1187438965
-0.1845092773
-0.0243377686
0.0455017090
0.0605316162
-0.0718231201
-0.0845489502
0.0083160400
0.0239257812
0.0276794434
-0.0331878662
-0.0217590332
0.1300811768
-0.0106353760
-0.0045471191
0.0064239502
-0.0039825439
-0.0055541992
0.0044708252
0.0072784424
0.0027923584
0.0000305176
-0.0048522949
-0.0041961670
-0.0045623779
-0.0018768311
0.0062255859
0.0027160645
0.0022277832
