-0.0019378662
0.0078887939
-0.0022430420
0.0055694580
0.0127868652
-0.0005950928
-0.0018157959
-0.0064849854
-0.0062866211
-0.0056610107
-0.0073852539
-0.0082244873
0.0021667480
0.0018310547
0.0032501221
-0.0171508789
-0.0045013428
0.0039672852
0.0061035156
-0.0070190430
-0.0051116943
0.0027465820
0.0042419434
0.0056304932
0.0072784424
-0.0062103271
0.0009765625
0.0056610107
0.0010681152
-0.0078430176
-0.0037689209
0.0071563721
0.0049591064
0.0031280518
-0.0010070801
-0.0159301758
0.0039367676
0.0015411377
-0.0115814209
0.0155334473
0.0004272461
0.0006256104
-0.0096282959
0.0073547363
-0.0221099854
-0.0089111328
-0.0092010498
-0.0041046143
0.0237426758
-0.0154571533
-0.0281829834
0.0325622559
-0.0420227051
-0.0010528564
0.0173950195
-0.0126953125
0.0311126709
0.0197448730
0.0078887939
0.0167388916
-0.0328369141
-0.0252227783
0.0232238770
-0.0456695557
-0.2959899902
0.1358489990
-0.2887115479
-0.0498962402
0.0297546387
-0.3150024414
0.2969512939
0.2974243164
0.3388671875
-0.3016662598
0.1366119385
-0.2357177734
0.1719512939
0.2010650635
-0.0604858398
-0.0300292969
0.0080566406
0.0018157959
-0.0081176758
-0.0021820068
-0.0052185059
-0.0016479492
-0.0042877197
0.0026702881
-0.0033874512
-0.0020599365
-0.0053253174
0.0260467529
-0.0084075928
-0.0139312744
-0.0023193359
-0.0060119629
0.0059661865
0.0066680908
-0.0000915527
0.0081024170
-0.0021209717
-0.0081176758
0.0006408691
-0.0019683838
0.0034332275
0.0017089844
-0.0007781982
-0.0025939941
0.0025329590
-0.0041198730
0.0021972656
0.0011138916
-0.0058288574
0.0189361572
0.0001068115
0.0068054199
0.0089874268
-0.0017547607
0.0124359131
-0.0049438477
0.0175018311
-0.0126342773
0.0097503662
0.0020294189
0.0094451904
-0.0002746582
-0.0039825439
0.0116424561
0.0016479492
0.0043640137
-0.0126647949
0.0006256104
-0.0057678223
0.0111236572
0.0048675537
-0.0043334961
-0.0005035400
0.0070037842
0.0033416748
-0.0017395020
0.0121765137
0.0002136230
0.0067291260
0.0066223145
-0.0153045654
0.0022125244
0.0111694336
-0.0012207031
-0.0021362305
0.0010986328
-0.0018310547
0.0130615234
0.0017089844
0.0025177002
-0.0032501221
-0.0042877197
0.0061035156
-0.0022277832
-0.0048065186
0.0019989014
