0.0026550293
0.0059509277
-0.0079193115
0.0002441406
0.0138092041
0.0090637207
-0.0036010742
-0.0116424561
-0.0160064697
0.0030517578
-0.0102233887
-0.0078582764
-0.0035095215
0.0011444092
-0.0106048584
-0.0024261475
-0.0023803711
0.0016326904
-0.0015869141
-0.0017547607
0.0006256104
0.0010681152
-0.0040130615
0.0020294189
0.0026092529
-0.0030822754
0.0008239746
0.0000915527
0.0000305176
-0.0018157959
0.0009613037
-0.0035552979
0.0044860840
-0.0015106201
0.0050201416
-0.0030975342
-0.0040588379
0.0010528564
-0.0024108887
0.0129394531
0.0019073486
0.0073242188
-0.0025177002
0.0077362061
0.0075836182
-0.0093536377
-0.0168609619
-0.0036773682
0.0036926270
-0.0140075684
-0.0196075439
-0.0028686523
-0.0035552979
0.0201416016
0.0123901367
-0.0000610352
0.0048065186
0.0011138916
0.0085449219
0.0043487549
-0.0119171143
-0.0056457520
0.0099792480
0.0128479004
-0.0054168701
-0.0114440918
-0.0049896240
0.0061492920
0.0094757080
-0.0051269531
0.0038757324
0.0072174072
0.0001220703
-0.0052795410
-0.0092010498
-0.0049743652
-0.0085601807
0.0112152100
-0.0015869141
0.0038299561
-0.0002593994
0.0005950928
0.0058135986
0.0002288818
0.0119476318
-0.0060577393
0.0081329346
0.0012512207
-0.0023040771
0.0009002686
-0.0036926270
-0.0052185059
-0.0075225830
0.0004272461
-0.0013732910
-0.0201568604
0.0020599365
0.0035400391
0.0014801025
0.0040893555
-0.0005340576
-0.0030517578
0.0012969971
-0.0017852783
-0.0003204346
-0.0035095215
-0.0000610352
-0.0032806396
0.0015258789
-0.0028533936
0.0006866455
-0.0035552979
0.0034179688
0.0070343018
0.0052337646
0.0033264160
-0.0000762939
0.0016632080
-0.0001983643
-0.0019378662
-0.0043029785
-0.0028991699
-0.0072326660
-0.0024719238
0.0059967041
0.0014038086
0.0049896240
0.0031738281
-0.3999633789
0.3646240234
-0.0197296143
0.0726623535
-0.3926696777
-0.0141143799
-0.1327209473
0.3414459229
-0.2991790771
0.0842742920
0.0729217529
0.2822723389
0.0357971191
-0.1747894287
0.1159667969
0.3125305176
-0.0103912354
0.0052337646
-0.0016174316
0.0012359619
-0.0038757324
-0.0015411377
-0.0002899170
-0.0032958984
0.0002746582
0.0009002686
0.0058898926
0.0027465820
0.0016326904
0.0059814453
-0.0010681152
-0.0069885254
