0.0027618408
0.0031585693
-0.0061950684
-0.0025939941
-0.0041046143
0.0115661621
-0.0052337646
0.0090484619
-0.0016021729
-0.0029296875
-0.0040740967
0.0162963867
0.0106353760
0.0139923096
0.0067291260
-0.0054473877
0.0023193359
-0.0007781982
-0.0006408691
0.0013885498
-0.0000762939
-0.0007781982
-0.0035705566
-0.0012817383
-0.0016937256
-0.0021362305
-0.0052185059
0.0013122559
0.0017700195
0.0011444092
0.0022430420
-0.0016937256
-0.0029296875
0.0036010742
0.0036926270
-0.0017547607
-0.0030059814
0.0003051758
-0.0023345947
0.0102996826
-0.0035858154
-0.0014648438
0.0018615723
0.0077362061
-0.0002288818
-0.0056457520
-0.0026855469
0.0003662109
-0.0028839111
-0.0048828125
-0.0187377930
0.0009918213
-0.0024108887
0.0054016113
0.0178375244
-0.0016784668
0.0000762939
0.0008239746
0.0084838867
-0.0049133301
-0.0230102539
-0.0119628906
-0.0194244385
0.0077972412
0.0048828125
0.0065917969
0.0037841797
-0.0059051514
-0.0083160400
0.0032043457
-0.0022735596
-0.0049438477
-0.0004577637
0.0046234131
-0.0097808838
0.0035247803
0.0065612793
-0.0067138672
-0.0017395020
-0.0013275146
-0.1563873291
-0.2637023926
-0.0406646729
0.2736206055
-0.1828918457
0.2465057373
-0.1965026855
0.1987152100
0.2787322998
-0.2680358887
0.2284545898
-0.1656646729
0.2699890137
0.2019805908
0.2761230469
0.4015808105
0.0135803223
-0.0026855469
0.0002288818
-0.0014648438
-0.0026550293
0.0028991699
-0.0019683838
0.0018310547
0.0053863525
-0.0079345703
0.0017089844
-0.0000457764
0.0157012939
-0.0015106201
-0.0119323730
-0.0011291504
0.0032043457
-0.0005798340
-0.0003967285
0.0046081543
0.0036163330
-0.0027770996
-0.0005950928
0.0053863525
-0.0011596680
-0.0021667480
0.0023803711
-0.0052185059
-0.0076751709
0.0043945312
0.0030670166
0.0036010742
-0.0101470947
0.0005798340
-0.0144805908
0.0110015869
0.0019226074
-0.0086822510
0.0019073486
0.0107116699
-0.0074157715
0.0111846924
-0.0036315918
0.0141754150
-0.0188140869
0.0061798096
0.0012817383
0.0024108887
0.0148468018
0.0017395020
-0.0021209717
0.0088043213
-0.0008239746
0.0029449463
-0.0043029785
-0.0035705566
0.0053253174
-0.0004425049
-0.0107269287
0.0001678467
0.0005187988
-0.0080261230
0.0031280518
0.0001525879
