-0.0039978027
-0.0066680908
0.0092468262
0.0082550049
0.0339508057
0.0116424561
-0.0056915283
-0.0020294189
-0.0155029297
-0.0076751709
0.0027770996
-0.0145721436
0.0061187744
0.0011749268
0.0029296875
-0.0067749023
-0.0013885498
0.0125122070
-0.0181884766
0.0024871826
-0.0036010742
0.0004425049
-0.0013580322
-0.0012207031
-0.0003814697
0.0049285889
-0.0165252686
-0.0088195801
0.0218505859
0.0029602051
0.0035705566
-0.0061187744
0.0364227295
0.0009002686
0.0284576416
0.0059661865
-0.0062866211
0.0248718262
-0.0264587402
-0.0001525879
0.0255889893
0.0272827148
0.0191955566
-0.0022430420
0.0053253174
0.0073699951
-0.0028076172
-0.0371246338
0.0016632080
-0.0254516602
-0.0419464111
0.0156860352
-0.0443420410
0.0423431396
0.0134277344
-0.0093841553
0.0112304688
0.0249786377
0.0327148438
0.0119628906
-0.0209655762
-0.0340881348
0.0178985596
-0.0316619873
0.0112609863
0.0034332275
0.0118713379
-0.0038604736
-0.0043945312
0.0156097412
-0.0072784424
0.0035858154
-0.0075073242
0.0186309814
-0.0157165527
0.0150909424
-0.0074005127
-0.0059967041
-0.0040740967
0.0067138672
-0.0020904541
-0.0090179443
-0.0011291504
0.0186920166
0.0076599121
-0.0112152100
0.0186004639
0.0121612549
-0.0085601807
-0.0124053955
0.0001983643
-0.0089569092
0.0065002441
0.0002288818
-0.0024871826
-0.0128173828
0.0124816895
0.0179901123
0.0075073242
0.0033874512
-0.0063476562
-0.0288543701
0.0094909668
-0.0017089844
0.0211486816
0.0070190430
0.0076446533
0.0166473389
0.0107269287
-0.0134124756
-0.0139312744
-0.0127410889
-0.3025054932
-0.3224182129
0.0626220703
-0.1403198242
-0.2685699463
0.2157897949
-0.2802886963
-0.2111816406
0.0731201172
0.2498931885
-0.1510467529
0.3650970459
0.1341857910
-0.3565521240
-0.1966552734
-0.1950073242
-0.0141448975
0.0132446289
-0.0014190674
-0.0048522949
-0.0049896240
0.0023498535
-0.0135345459
0.0103912354
-0.0065917969
0.0023651123
-0.0019531250
0.0102844238
0.0196075439
0.0005340576
-0.0050811768
-0.0065002441
0.0012664795
-0.0165405273
-0.0052032471
-0.0059051514
0.0053405762
0.0038909912
0.0112609863
0.0153808594
0.0244750977
-0.0204315186
0.0174713135
-0.0073699951
-0.0200958252
0.0123443604
-0.0011444092
0.0008392334
