0.0017242432
0.0029754639
-0.0090637207
-0.0026092529
0.0100402832
-0.0007171631
0.0011901855
-0.0039062500
-0.0046691895
0.0001220703
0.0037384033
0.0033416748
0.0036468506
-0.0046997070
-0.0023956299
0.0007476807
-0.0050964355
0.0192108154
-0.0226440430
0.0025482178
-0.0010681152
0.0041046143
-0.0092468262
-0.0005187988
-0.0029449463
0.0194244385
-0.0096435547
-0.0002136230
0.0219879150
0.0042572021
0.0148620605
-0.0144500732
0.0022888184
0.0025177002
0.0089263916
0.0055236816
0.0008087158
0.0084228516
-0.0005035400
0.0123596191
0.0096740723
0.0122528076
-0.0077056885
0.0034179688
0.0020599365
-0.0029144287
-0.0026855469
-0.0043182373
-0.0042724609
-0.0081481934
-0.0091857910
0.0199127197
0.0013427734
0.0037841797
0.0027465820
-0.0006561279
0.0012054443
0.0036010742
-0.0002593994
0.0084838867
0.0013122559
-0.0046234131
0.0119171143
-0.0067138672
-0.0061645508
-0.0095214844
-0.0052337646
0.0101776123
-0.0060882568
-0.0077819824
0.0038909912
0.0027465820
0.0024261475
-0.0056915283
-0.0051879883
-0.0098419189
0.0035247803
0.0127258301
0.0027313232
-0.0008850098
0.0008392334
0.0009765625
0.0046844482
-0.0006713867
0.0095825195
0.0023345947
0.0001373291
0.0010833740
0.0047454834
-0.0024566650
0.0005493164
0.0126342773
0.0085601807
0.0020446777
-0.0047760010
0.0062866211
0.0045013428
-0.0071105957
-0.0064849854
-0.0072479248
0.0031127930
0.0050201416
-0.0050354004
-0.0049285889
-0.0137786865
0.0038757324
0.0017547607
0.0049438477
-0.0007781982
0.0036773682
-0.0034790039
0.0048828125
-0.2335052490
-0.2634124756
0.2098083496
-0.1359710693
-0.2874298096
0.3009643555
-0.2652587891
-0.2836914062
0.0026855469
0.2711486816
-0.1409149170
0.2403106689
0.2108154297
-0.2680358887
-0.1965026855
-0.2423553467
-0.0033111572
0.0030364990
0.0017089844
-0.0074615479
-0.0040588379
0.0011901855
-0.0029907227
0.0012054443
-0.0012664795
-0.0061187744
-0.0001068115
0.0006866455
0.0001678467
-0.0048370361
-0.0029144287
0.0004730225
-0.0067596436
0.0009765625
0.0050964355
0.0005950928
0.0017395020
-0.0023651123
0.0008850098
0.0020294189
-0.0015869141
0.0016937256
-0.0043334961
-0.0004577637
0.0028076172
-0.0025329590
0.0042877197
0.0008239746
