-0.00253295898
-0.0012512207
0.00358581543
-0.000534057617
-0.000854492188
0.00263977051
0.00189208984
-0.00123596191
0.00495910645
-0.00451660156
-0.000625610352
0.0032043457
0.0022277832
0.000610351562
0.00263977051
-0.00103759766
-0.0119628906
0.0152435303
-0.00411987305
-0.00750732422
-0.0176086426
0.00770568848
0.000991821289
0.0051574707
0.0092010498
0.00500488281
0.0048828125
0.00769042969
0.0135803223
-0.00665283203
-0.00857543945
-0.000778198242
0.00285339355
-0.00708007812
-0.00169372559
-0.00259399414
-0.00366210938
0.000518798828
-0.0043182373
-0.000213623047
0.00708007812
0.00123596191
-0.00491333008
0.00161743164
-0.00456237793
0.00048828125
-0.00254821777
-0.00126647949
-0.00117492676
-0.0140991211
-0.0189971924
0.0108184814
0.000640869141
0.0112915039
0.0220947266
-0.0064239502
0.0153045654
0.0119628906
0.00634765625
0.00785827637
0.0115966797
-0.0108795166
0.00614929199
0.012512207
0.00212097168
-0.00227355957
0.00494384766
-0.00364685059
-0.00936889648
0.00514221191
-0.00318908691
-0.000701904297
-0.00308227539
0.00451660156
0.00416564941
-0.00213623047
0.0149536133
-0.000335693359
-0.00048828125
0.00590515137
-0.14074707
-0.0962677002
0.20223999
0.0502471924
-0.185836792
0.315139771
-0.280426025
0.0605621338
0.274871826
-0.00883483887
0.205810547
-0.271316528
0.0652770996
0.272537231
0.35144043
0.449630737
0.00032043457
0.00119018555
0.00416564941
-0.00166320801
0.00228881836
-0.00402832031
-0.00541687012
-0.00390625
0.00605773926
0.00616455078
0.00828552246
0.00149536133
0.00424194336
0.00556945801
-0.00592041016
0.00286865234
0.00219726562
-0.00263977051
0.00366210938
0.0029296875
-0.00846862793
-0.000915527344
-0.00593566895
0.00199890137
0.00187683105
-0.000946044922
-0.00155639648
-0.00700378418
-0.00253295898
0.00202941895
-0.00531005859
0.00231933594
0.00352478027
-0.00866699219
0.00177001953
-0.0109710693
0.0104064941
0.00350952148
0.0158996582
-0.00401306152
0.00732421875
-0.000457763672
-0.00491333008
-0.000946044922
0.00198364258
0.016418457
-0.000701904297
-0.0159454346
-0.0193481445
0.00662231445
-0.0195465088
0.00155639648
-0.0202941895
-0.0379943848
-0.0086517334
-0.019317627
-0.0244140625
0.0176544189
0.00758361816
0.0279998779
0.00791931152
-0.00662231445
-0.0121765137
-0.0210113525
