-0.0013885498
0.00549316406
-0.0213928223
-0.00605773926
-0.0164642334
-0.0195159912
0.00640869141
-0.00161743164
-0.0186157227
0.00148010254
-0.0127868652
0.0149993896
-0.00134277344
-0.0240631104
0.0116119385
0.00852966309
-0.29095459
0.325271606
0.135284424
-0.33795166
-0.00331115723
0.263916016
-0.121307373
0.327316284
0.352325439
0.0854034424
-0.0597686768
0.152267456
0.247650146
-0.356796265
-0.0350799561
0.0445709229
0.0116729736
-0.00250244141
0.0323028564
0.00961303711
0.0292510986
0.0182189941
-0.0234375
0.0183868408
0.00564575195
0.0205993652
-0.000610351562
0.0233459473
-0.00430297852
-0.0290222168
-0.00228881836
-0.0292510986
-0.00755310059
0.00190734863
-0.00880432129
-0.00350952148
-0.000686645508
-0.00238037109
0.00512695312
0.0086517334
-0.00820922852
-0.00065612793
0.00369262695
-0.00756835938
-0.00660705566
0.00477600098
-0.00155639648
-0.0104370117
-0.00358581543
0.00149536133
-0.000534057617
-0.00820922852
-0.00700378418
-0.000595092773
0.010635376
1.52587891e-05
-0.000991821289
0.00581359863
-0.0044708252
-0.0147705078
0.00909423828
0.0104064941
0.017288208
0.00129699707
-0.00576782227
0.000930786133
0.00473022461
0.00497436523
0.0119628906
-0.00477600098
0.0115203857
0.00814819336
0.00854492188
0.00685119629
-0.00695800781
-0.00601196289
-0.000411987305
0.0168762207
-0.00405883789
-0.0187072754
0.00590515137
-0.00201416016
0.00448608398
-0.00202941895
-0.00480651855
0.0069732666
0.00283813477
0.00346374512
-0.00245666504
-0.00605773926
0.00718688965
0.00126647949
-0.0027923584
0.00224304199
-0.00956726074
-0.00163269043
0.000411987305
0.00491333008
0.0074005127
-0.00730895996
0.00646972656
-0.00163269043
0.00329589844
0.00671386719
-0.0135803223
-0.00436401367
-0.00170898438
-0.00628662109
0.00466918945
0.00411987305
0.000701904297
-0.00373840332
0.0317687988
-0.0122680664
0.0265045166
0.0286560059
0.0413360596
0.0546112061
-0.0447235107
-0.0503082275
0.0638122559
0.0187072754
0.044128418
-0.0535583496
0.00170898438
0.0344085693
0.00910949707
-0.0347290039
0.00546264648
-0.00170898438
-0.000289916992
0.00239562988
0.00263977051
0.00559997559
0.00231933594
-0.000854492188
0.00682067871
-0.00567626953
-0.000473022461
-0.00173950195
-0.00248718262
0.0009765625
0.00271606445
-0.00119018555
