0.0018920898
0.0103454590
-0.0088195801
-0.0057220459
0.0012512207
0.0070800781
-0.0036010742
0.0054168701
-0.0031890869
-0.0088500977
-0.0025939941
0.0008392334
0.0026092529
-0.0054168701
0.0114898682
-0.0069885254
-0.0002746582
-0.0010223389
0.0069427490
-0.0040588379
0.0106048584
0.0023956299
-0.0073089600
0.0037384033
0.0036010742
-0.0106201172
-0.0034179688
0.0056304932
-0.0043487549
-0.0043029785
0.0113525391
-0.0077819824
-0.0010986328
-0.0027313232
-0.0013427734
-0.0001678467
0.0014190674
-0.0045318604
-0.0012664795
0.0046386719
-0.0056304932
-0.0030364990
0.0010833740
0.0021209717
-0.0003204346
-0.0043792725
0.0004882812
0.0002288818
-0.0041656494
-0.0086364746
-0.0161437988
0.0029602051
-0.0053100586
-0.0111846924
0.0098266602
0.0035400391
0.0052642822
0.0061645508
-0.0074157715
0.0130462646
-0.0149383545
0.0003662109
-0.0164489746
-0.0102081299
0.0029449463
-0.0041809082
0.0100708008
-0.0199432373
-0.0058135986
0.0020599365
-0.0063934326
-0.0019531250
0.0010223389
0.0023498535
-0.0000610352
0.0039215088
0.0090484619
0.0009155273
-0.0017547607
-0.0010681152
-0.1763153076
-0.2400360107
0.0876464844
0.2252655029
-0.2088623047
0.2535858154
-0.1726684570
0.2366180420
0.2956848145
-0.2600708008
0.2358551025
-0.1574401855
0.1981048584
0.2258605957
0.2834472656
0.3780212402
0.0006256104
0.0170593262
0.0235748291
0.0061645508
-0.0185089111
-0.0151824951
0.0251464844
0.0261535645
0.0027465820
0.0037994385
-0.0149536133
0.0188598633
0.0160522461
-0.0255889893
-0.0219421387
-0.0248107910
0.0032501221
-0.0053100586
-0.0039367676
0.0101013184
0.0037536621
0.0030670166
-0.0019531250
-0.0087280273
0.0088500977
0.0107269287
0.0005035400
0.0087890625
-0.0172424316
-0.0033721924
0.0011444092
-0.0094299316
-0.0164184570
0.0170288086
-0.0125274658
-0.0012359619
-0.0149688721
-0.0023956299
-0.0143127441
0.0145263672
-0.0112915039
0.0077972412
0.0063476562
0.0034942627
-0.0041198730
-0.0056304932
-0.0118255615
0.0105590820
0.0087432861
-0.0157928467
-0.0023040771
0.0022125244
0.0041961670
-0.0017852783
0.0050048828
-0.0090179443
0.0016174316
-0.0041046143
-0.0150299072
0.0059204102
-0.0034484863
0.0050506592
0.0011138916
-0.0045776367
