-0.0024414062
0.0036315918
-0.0140380859
-0.0028381348
-0.0193328857
-0.0130310059
0.0073394775
-0.0047302246
-0.0181579590
0.0033264160
-0.0103454590
0.0044097900
-0.0051727295
-0.0079956055
0.0227966309
0.0047607422
-0.3148651123
0.3460388184
0.1039123535
-0.3402404785
0.0010833740
0.2676696777
-0.0771942139
0.3323974609
0.3610839844
-0.0041809082
0.0409545898
0.0595703125
0.2106018066
-0.3576965332
-0.1473693848
-0.0237579346
-0.0227508545
-0.0609893799
-0.0458374023
-0.0019378662
-0.0217285156
-0.0293884277
0.0288848877
-0.0246276855
0.0030670166
-0.0133056641
0.0082550049
-0.0524139404
0.0267944336
0.0030670166
-0.0039978027
0.0237274170
0.0006103516
-0.0025939941
0.0095520020
-0.0105133057
0.0110321045
-0.0022583008
-0.0144042969
0.0016784668
-0.0131072998
-0.0095062256
0.0024566650
-0.0036621094
-0.0019226074
-0.0140838623
-0.0099182129
-0.0096130371
0.0029907227
0.0078887939
0.0037384033
-0.0037536621
0.0014801025
0.0010833740
-0.0051879883
0.0008544922
0.0077667236
-0.0034027100
0.0060272217
0.0092315674
-0.0008544922
-0.0073699951
0.0031433105
-0.0012207031
-0.0001525879
-0.0033264160
0.0027465820
0.0013885498
-0.0004882812
0.0023498535
-0.0018310547
0.0002899170
0.0019531250
0.0004577637
-0.0022735596
-0.0039215088
0.0043182373
-0.0007171631
0.0007629395
-0.0037078857
-0.0024108887
-0.0038146973
0.0151214600
-0.0111083984
0.0063781738
0.0001983643
-0.0097198486
-0.0122222900
0.0142059326
0.0006408691
0.0199279785
-0.0017547607
-0.0058441162
0.0041809082
-0.0063934326
0.0125427246
-0.0236053467
-0.0107727051
-0.0131072998
0.0109405518
-0.0013885498
0.0234527588
-0.0065155029
0.0064849854
0.0021057129
-0.0015716553
0.0064086914
0.0062408447
-0.0098876953
-0.0093841553
0.0047912598
-0.0185394287
0.0005493164
-0.0047454834
0.0021972656
-0.0059509277
0.0041809082
-0.0006866455
0.0020599365
0.0011444092
-0.0008850098
-0.0024719238
-0.0035705566
0.0050048828
0.0006256104
-0.0035400391
0.0029907227
-0.0030822754
-0.0004425049
-0.0098571777
0.0041351318
-0.0021057129
-0.0020294189
0.0110778809
0.0037384033
0.0086364746
0.0186920166
-0.0070800781
-0.0136718750
-0.0072021484
-0.0121459961
-0.0151062012
0.0177154541
0.0084686279
