-0.0018768311
0.0082397461
-0.0221862793
-0.0036468506
-0.0304412842
0.0057678223
0.0051269531
-0.0029144287
-0.0185241699
0.0012512207
-0.0088958740
0.0126800537
0.0045013428
-0.0121765137
0.0166778564
-0.0021057129
-0.3304138184
0.3471221924
0.1073455811
-0.3449707031
-0.0168609619
0.2764739990
-0.0831146240
0.3364562988
0.3613891602
0.0912017822
0.0622863770
0.0645446777
0.2261047363
-0.3615570068
-0.0894775391
-0.0042724609
0.0026245117
-0.0111846924
-0.0061950684
0.0004425049
-0.0061798096
0.0031127930
0.0046234131
-0.0055389404
0.0123443604
0.0054473877
0.0100250244
-0.0185089111
0.0091857910
0.0078582764
-0.0062561035
-0.0026397705
0.0037841797
0.0002899170
0.0130615234
-0.0257568359
0.0105438232
0.0030364990
-0.0077667236
0.0028228760
-0.0170898438
-0.0192413330
0.0003662109
0.0088806152
-0.0005035400
-0.0047760010
-0.0069580078
-0.0093231201
0.0041809082
0.0086669922
0.0029754639
0.0018920898
0.0002441406
0.0020446777
-0.0039062500
-0.0133056641
0.0007781982
-0.0036621094
-0.0035552979
-0.0003204346
0.0059051514
-0.0112609863
0.0012512207
-0.0009613037
0.0023803711
0.0021057129
-0.0018157959
-0.0016937256
0.0029296875
-0.0080261230
0.0052337646
-0.0023651123
-0.0011138916
0.0087738037
-0.0053558350
-0.0032348633
-0.0085144043
0.0000152588
-0.0006408691
-0.0228424072
0.0012207031
0.0007934570
0.0006866455
-0.0007324219
-0.0001525879
-0.0026550293
0.0013580322
0.0008239746
0.0015258789
0.0005493164
0.0012207031
-0.0033111572
-0.0018157959
-0.0019836426
-0.0018463135
-0.0003662109
-0.0012664795
-0.0086822510
0.0028533936
0.0008239746
-0.0051727295
0.0089874268
-0.0086975098
0.0004425049
-0.0090637207
0.0047302246
-0.0063323975
0.0054168701
-0.0009765625
-0.0075988770
0.0052490234
-0.0096588135
-0.0003662109
-0.0028686523
0.0047149658
0.0006408691
0.0034790039
-0.0001525879
0.0003204346
-0.0012512207
0.0018615723
-0.0074157715
-0.0034790039
0.0014038086
0.0016479492
-0.0022583008
0.0045623779
-0.0038757324
-0.0030975342
-0.0065765381
-0.0026702881
0.0031127930
-0.0014495850
-0.0016632080
0.0002288818
-0.0050201416
0.0037384033
-0.0033111572
-0.0027770996
0.0038909912
-0.0003204346
-0.0119628906
0.0050048828
-0.0059661865
