0.0042114258
0.0070343018
-0.0045623779
0.0030822754
0.0118713379
0.0000152588
-0.0048217773
0.0014953613
-0.0110321045
0.0016632080
0.0014343262
-0.0115966797
-0.0047302246
-0.0023193359
-0.0008544922
-0.0076599121
-0.0007781982
0.0008239746
-0.0038452148
-0.0019073486
-0.0144500732
-0.0015258789
0.0032043457
0.0011596680
0.0011596680
-0.0036468506
0.0016937256
-0.0056152344
-0.0015106201
-0.0018157959
-0.0053558350
0.0065765381
-0.0062866211
-0.0066070557
-0.0050811768
-0.0077972412
-0.0011138916
-0.0036621094
0.0032806396
0.0069427490
-0.0048370361
0.0030670166
-0.0094757080
0.0085449219
-0.0046691895
0.0078277588
-0.0076141357
-0.0041503906
0.0179138184
0.0308990479
0.0306854248
0.0075073242
-0.0169525146
0.0139007568
-0.0352325439
0.0381774902
0.0298309326
0.0377044678
0.0045776367
-0.0042266846
0.0124053955
0.0368804932
-0.0090637207
0.0014648438
-0.0009307861
-0.0081787109
0.0014190674
-0.0024261475
-0.0010681152
-0.0005645752
-0.0062103271
-0.0094909668
-0.0065612793
-0.0043792725
0.0011596680
-0.0028839111
0.0009613037
0.0036010742
-0.0018615723
0.0044097900
-0.1724700928
-0.2572937012
-0.0353851318
0.2302246094
-0.1745758057
0.2455596924
-0.1657867432
0.2509918213
0.2896575928
-0.0782012939
0.2714538574
-0.1760253906
0.2444763184
0.1408081055
0.2938995361
0.3813476562
0.0079193115
-0.0030670166
-0.0161743164
0.0071411133
0.0048675537
-0.0064849854
-0.0016174316
-0.0087127686
-0.0130615234
-0.0127716064
0.0140838623
0.0030822754
-0.0125274658
0.0058898926
0.0130767822
0.0035095215
0.0052032471
-0.0007476807
0.0112152100
-0.0088043213
-0.0039062500
-0.0030212402
-0.0103607178
-0.0042419434
0.0010223389
0.0048828125
0.0001831055
0.0021057129
0.0050201416
0.0001373291
-0.0075988770
0.0106964111
0.0037689209
0.0130615234
0.0107269287
0.0354003906
-0.0230255127
-0.0034637451
-0.0004882812
0.0025787354
-0.0168914795
0.0161590576
0.0007934570
0.0062255859
0.0141906738
-0.0353698730
0.0099487305
0.0246582031
0.0090637207
0.0058898926
0.0041656494
0.0031890869
-0.0086059570
0.0052642822
0.0003967285
-0.0045928955
-0.0017852783
0.0000762939
-0.0021209717
-0.0020904541
0.0027160645
-0.0020904541
-0.0026702881
0.0056152344
