-0.0007324219
-0.0008392334
0.0002899170
0.0006866455
-0.0104064941
0.0046081543
-0.0003967285
-0.0053710938
-0.0028076172
-0.0046844482
-0.0078277588
-0.0024566650
0.0080566406
0.0070800781
0.0009307861
-0.0030670166
0.0105895996
-0.0042877197
-0.0144958496
0.0152740479
0.0009460449
-0.0098419189
-0.0014648438
-0.0153808594
-0.0142669678
-0.0077056885
-0.0068359375
-0.0086212158
0.0021972656
0.0150451660
-0.0038452148
-0.0082397461
0.0031127930
0.0031127930
0.0027770996
0.0014953613
-0.0050811768
0.0031127930
-0.0037231445
0.0006561279
0.0036621094
0.0046844482
0.0058441162
0.0070953369
0.0002899170
-0.0000762939
-0.0014495850
-0.0054779053
-0.3003234863
0.1809692383
0.3173522949
-0.1945953369
0.2408905029
-0.2420806885
-0.2286529541
0.1555023193
-0.2879486084
-0.2508087158
-0.2939300537
-0.0948944092
0.2474212646
0.2394866943
-0.2313995361
0.2091979980
0.0005340576
-0.0078735352
0.0017700195
-0.0040130615
-0.0013427734
0.0014495850
-0.0008239746
-0.0000152588
0.0005493164
0.0010375977
0.0008544922
-0.0033569336
0.0080108643
-0.0017547607
0.0030059814
-0.0010223389
0.0081634521
0.0045318604
0.0033721924
0.0034790039
0.0039825439
-0.0094146729
-0.0165557861
-0.0001373291
-0.0271606445
0.0010833740
-0.0224609375
0.0321655273
0.0162506104
0.0105895996
-0.0277709961
0.0133819580
0.0036926270
0.0092163086
-0.0026855469
0.0040893555
-0.0027313232
-0.0061035156
0.0030212402
0.0057220459
0.0005950928
0.0079956055
-0.0030822754
-0.0009765625
0.0007476807
-0.0021667480
0.0047607422
-0.0081787109
0.0183868408
0.0208282471
-0.0045623779
-0.0139312744
0.0100097656
-0.0005340576
0.0184478760
-0.0065307617
-0.0275115967
-0.0047454834
-0.0066223145
-0.0145416260
0.0051879883
0.0217590332
0.0060882568
0.0252075195
0.0062561035
-0.0020904541
0.0119628906
-0.0085754395
0.0044708252
0.0139465332
-0.0132598877
-0.0069732666
0.0034027100
0.0027770996
-0.0035400391
-0.0087738037
0.0115661621
0.0024719238
-0.0042114258
-0.0028228760
0.0010528564
-0.0009918213
-0.0009307861
-0.0008392334
0.0005035400
0.0007629395
-0.0002136230
0.0008850098
0.0010986328
0.0007629395
-0.0032958984
-0.0003204346
-0.0014953613
-0.0002288818
0.0003814697
0.0008697510
