-0.0007629395
0.0006713867
-0.0013122559
-0.0035095215
-0.0055236816
-0.0000305176
-0.0045623779
0.0012664795
0.0012969971
-0.0051879883
0.0002593994
0.0022430420
0.0009155273
-0.0008544922
0.0048370361
-0.0017547607
0.0015869141
0.0000762939
0.0007324219
0.0009613037
-0.0105438232
-0.0005187988
-0.0002288818
-0.0016326904
-0.0014953613
-0.0050354004
-0.0040588379
0.0005493164
0.0014495850
0.0007934570
-0.0024871826
-0.0041046143
0.0025177002
0.0106964111
-0.0032501221
0.0070800781
0.0085601807
0.0004425049
-0.0079956055
0.0018615723
0.0020904541
0.0010223389
0.0011291504
0.0093841553
0.0016937256
0.0028228760
-0.0022735596
-0.0004577637
0.0177154541
-0.0162658691
-0.0281677246
0.0254058838
-0.0116119385
-0.0215301514
0.0175781250
-0.0136260986
-0.0000152588
0.0149078369
-0.0015258789
0.0073852539
-0.0244140625
-0.0140686035
0.0045013428
-0.0175476074
-0.0025482178
-0.0023345947
-0.0016021729
-0.0013275146
-0.0070648193
-0.0033264160
-0.0004577637
0.0008392334
-0.0010833740
-0.0034637451
0.0000915527
-0.0035095215
0.0121307373
0.0031890869
-0.0032958984
-0.0042572021
-0.1604919434
-0.1986236572
0.1127777100
0.1972351074
-0.1919708252
0.2772521973
-0.2606964111
0.1337432861
0.2881011963
-0.1624145508
0.2366180420
-0.1589813232
0.1546173096
0.2724456787
0.3203125000
0.4549102783
0.0044860840
-0.0048065186
0.0051116943
-0.0115356445
0.0024871826
0.0016937256
-0.0026397705
-0.0009765625
0.0039062500
0.0054473877
0.0108184814
0.0040740967
-0.0016784668
0.0075836182
-0.0064086914
0.0019989014
0.0058593750
-0.0009002686
0.0052337646
-0.0043792725
0.0002746582
-0.0066833496
-0.0048370361
0.0003509521
-0.0009460449
0.0039672852
0.0023193359
0.0016632080
-0.0004425049
-0.0003662109
-0.0020599365
0.0030059814
-0.0007629395
0.0003509521
0.0035400391
-0.0056915283
-0.0058746338
0.0006256104
0.0057220459
0.0040588379
-0.0012359619
-0.0051116943
-0.0006256104
0.0049438477
-0.0007019043
0.0010070801
0.0046081543
0.0047149658
-0.0007019043
-0.0110321045
0.0029296875
0.0051727295
0.0000915527
-0.0007781982
-0.0017242432
-0.0023498535
0.0006103516
0.0012207031
-0.0072631836
0.0002746582
0.0034790039
0.0043182373
0.0086517334
-0.0014801025
