0.0023193359
0.0044708252
-0.0122833252
-0.0047760010
-0.0012817383
0.0007476807
-0.0059204102
0.0042724609
-0.0072784424
0.0030364990
-0.0003814697
0.0056152344
0.0024871826
0.0013122559
0.0003051758
-0.0023345947
-0.0057525635
0.0012664795
0.0093536377
-0.0068054199
0.0115051270
0.0051422119
0.0017852783
0.0075531006
0.0080871582
0.0005493164
0.0021820068
0.0131378174
0.0000000000
-0.0052947998
0.0030364990
-0.0086517334
-0.0025787354
-0.0000152588
-0.0033569336
0.0006103516
0.0046691895
0.0017089844
-0.0032653809
-0.0005340576
0.0125885010
-0.0017547607
-0.0003814697
0.0015258789
0.0006561279
-0.0021667480
-0.0045623779
0.0046844482
0.0044250488
0.0077667236
0.0032196045
-0.0121154785
0.0019226074
-0.0151519775
0.0074310303
-0.0166625977
-0.0119171143
-0.0078735352
0.0031280518
-0.0145416260
0.0061645508
0.0093688965
0.0126342773
-0.0055541992
0.0058593750
0.0052032471
0.0026397705
0.0068817139
-0.0019226074
0.0110168457
0.0014495850
0.0088500977
-0.0062408447
0.0134887695
0.0002593994
0.0072631836
-0.0022430420
-0.0093688965
0.0091552734
0.0075836182
0.0048980713
-0.0003356934
0.0066070557
-0.0015563965
0.0016326904
0.0039520264
0.0053558350
-0.0004272461
0.0019989014
-0.0009307861
-0.0045471191
0.0019683838
0.0030975342
0.0022888184
-0.0015106201
0.0041351318
0.0055694580
-0.0201263428
0.0344696045
-0.0261230469
0.0213317871
-0.0062255859
-0.0198822021
-0.0199127197
0.0240783691
-0.0240325928
0.0296325684
-0.0063018799
0.0204162598
0.0051269531
-0.0032501221
0.0072631836
0.0039825439
0.0015869141
0.0050659180
0.0014953613
0.0058288574
-0.0040130615
-0.0003662109
-0.0021362305
-0.0169830322
0.0032653809
0.0102386475
0.0017547607
0.0018005371
0.0011596680
-0.0058898926
0.0050659180
-0.3687133789
0.3345794678
-0.0001220703
0.0028991699
-0.3799743652
-0.0236968994
-0.0361633301
0.3599700928
-0.3468017578
0.0836791992
0.0851440430
0.3066253662
-0.0369262695
-0.1679840088
-0.0352325439
0.3327484131
-0.0046844482
-0.0067291260
0.0013427734
-0.0090637207
0.0010681152
0.0046234131
0.0090637207
0.0013122559
0.0066070557
-0.0084533691
-0.0073547363
-0.0062255859
-0.0108947754
-0.0005645752
-0.0030212402
0.0055694580
