-0.0062255859
0.0012969971
-0.0000762939
-0.0023040771
-0.0064849854
0.0038604736
-0.0043792725
-0.0030059814
-0.0066680908
-0.0119934082
-0.0102539062
0.0075683594
0.0003967285
-0.0020599365
0.0027465820
-0.0008087158
0.0027923584
0.0011596680
-0.0036773682
0.0059356689
-0.0014038086
-0.0018463135
0.0007629395
-0.0063629150
-0.0060119629
-0.0014038086
-0.0036010742
0.0010681152
0.0038604736
0.0061645508
-0.0021514893
-0.0037384033
0.0016174316
-0.0004577637
0.0124053955
0.0170745850
0.0047149658
0.0033111572
-0.0021514893
-0.0005493164
-0.0042114258
-0.0011444092
-0.0022125244
0.0063476562
0.0041046143
-0.0034332275
-0.0051879883
-0.0037841797
-0.3507537842
0.1875915527
0.2881469727
-0.1750793457
0.2662353516
-0.2331390381
-0.2129821777
0.1726226807
-0.2890777588
-0.2143096924
-0.2314910889
-0.1431427002
0.2562255859
0.2848052979
-0.1862030029
0.1841888428
-0.0028381348
-0.0054321289
-0.0011749268
-0.0010986328
0.0039367676
-0.0035552979
0.0006561279
0.0048828125
0.0008850098
-0.0024566650
0.0084838867
-0.0016479492
0.0028686523
0.0053100586
0.0066833496
0.0025634766
0.0047302246
-0.0036773682
0.0093688965
-0.0021209717
0.0005187988
0.0059356689
-0.0070800781
0.0037078857
-0.0055389404
0.0021820068
-0.0049591064
-0.0034027100
0.0026245117
-0.0025329590
-0.0037078857
0.0066680908
0.0078125000
0.0081787109
-0.0016326904
0.0055847168
-0.0045013428
0.0029449463
0.0002441406
0.0059356689
0.0012207031
0.0027313232
-0.0057067871
0.0054473877
0.0047912598
-0.0020446777
0.0026092529
-0.0062561035
0.0242614746
0.0198822021
-0.0086059570
0.0132293701
0.0092926025
-0.0153503418
0.0179901123
0.0070648193
-0.0129394531
-0.0145111084
0.0062561035
-0.0175018311
-0.0031585693
0.0189514160
0.0201263428
0.0114593506
0.0000305176
0.0063171387
-0.0077209473
0.0030517578
-0.0024414062
0.0095062256
-0.0167541504
-0.0074462891
0.0010223389
0.0035552979
0.0026245117
-0.0121765137
0.0053863525
-0.0140228271
0.0084838867
0.0040435791
0.0005493164
-0.0116729736
0.0053558350
0.0015869141
0.0017547607
0.0000457764
0.0001373291
-0.0024261475
-0.0057067871
0.0039062500
-0.0052642822
-0.0003509521
0.0042114258
0.0100860596
0.0030212402
0.0032501221
