-0.0143432617
-0.0221099854
0.0301666260
0.0188598633
0.0278320312
0.0341796875
-0.0037841797
-0.0054016113
-0.0167694092
-0.0152587891
0.0032043457
0.0137481689
0.0089569092
0.0027923584
-0.0155639648
0.0035705566
0.0028839111
-0.0014343262
-0.0053100586
0.0008087158
0.0046081543
-0.0036773682
-0.0117950439
0.0000305176
-0.0021057129
-0.0111999512
-0.0031738281
-0.0075073242
-0.0076141357
0.0012207031
0.0088806152
-0.0012512207
0.0032958984
0.0018920898
-0.0160522461
0.0225219727
0.0000915527
0.0008850098
-0.0032501221
-0.0081787109
0.0197296143
0.0005187988
0.0003509521
-0.0002746582
0.0012817383
-0.0135498047
0.0199737549
0.0127410889
-0.0088653564
0.0004272461
-0.0142822266
0.0083465576
0.0010528564
0.0005798340
0.0226287842
-0.0008392334
0.0115509033
0.0066528320
0.0001373291
0.0009765625
0.0062713623
0.0012664795
0.0077362061
-0.0186004639
0.0012207031
-0.0157928467
-0.0042114258
0.0064849854
-0.0052185059
0.0012817383
-0.0094299316
-0.0055847168
-0.0078125000
-0.0027770996
-0.0125274658
-0.0015106201
-0.0043334961
-0.0036926270
-0.0059051514
-0.0014648438
0.0360565186
0.0070037842
0.0160522461
-0.0107727051
-0.0230102539
-0.0201873779
0.0172271729
-0.0292510986
-0.0200653076
0.0280761719
-0.0048522949
0.0103912354
-0.0112304688
-0.0067291260
-0.0330657959
-0.0178985596
0.0079650879
0.0013732910
0.0140991211
0.0018615723
0.0015563965
0.0018157959
-0.0065917969
-0.0033264160
-0.0001525879
-0.0104827881
0.0080718994
0.0022125244
0.0065612793
0.0032348633
-0.0008239746
0.0030059814
-0.0039215088
0.0092773438
-0.0067291260
0.0087432861
0.0030822754
-0.0053405762
0.0046386719
0.0038146973
0.0039672852
-0.0054626465
0.0032348633
-0.0060729980
0.0057678223
0.0045928955
0.0140228271
-0.0031738281
-0.3177185059
0.3056640625
0.0959014893
0.0436859131
-0.3719024658
0.0289306641
-0.0250244141
0.3231048584
-0.3681335449
0.1627502441
0.0653533936
0.2963867188
0.0471496582
-0.2564544678
0.0904846191
0.3500518799
0.0039367676
0.0037689209
-0.0153808594
0.0110626221
-0.0089416504
-0.0250701904
-0.0195312500
0.0012207031
-0.0183715820
0.0256805420
-0.0021514893
0.0259704590
0.0213470459
0.0027923584
-0.0148620605
-0.0204467773
