0.0037841797
0.0089416504
-0.0057220459
0.0079193115
-0.0018768311
0.0089721680
0.0067443848
-0.0144348145
-0.0117645264
0.0080108643
-0.0144348145
-0.0118103027
0.0066528320
0.0038452148
-0.0061340332
-0.0090942383
0.0006256104
-0.0015716553
-0.0027465820
0.0028381348
-0.0081176758
-0.0019836426
0.0090789795
-0.0020599365
-0.0021209717
0.0037078857
0.0014343262
-0.0036010742
0.0051574707
0.0032806396
-0.0021667480
-0.0085449219
0.0000762939
0.0011596680
0.0015716553
-0.0028991699
-0.0103302002
-0.0000610352
-0.0038299561
-0.0105895996
0.0019989014
-0.0009613037
0.0034484863
0.0030975342
0.0033569336
-0.0019073486
-0.0014038086
0.0022888184
0.0086669922
-0.0130157471
0.0116577148
0.0330810547
-0.0255737305
-0.0143127441
-0.0110778809
-0.0242919922
0.0100708008
0.0184020996
-0.0120239258
0.0039367676
0.0153656006
-0.0366821289
0.0104370117
-0.0190734863
-0.0017089844
0.0003509521
-0.0015258789
-0.0010986328
0.0012664795
-0.0003051758
0.0008087158
0.0005493164
-0.0012969971
-0.0006256104
0.0063323975
-0.0024871826
0.0039215088
0.0009460449
-0.0032653809
0.0028839111
0.0053863525
-0.0042877197
-0.0027160645
0.0049896240
-0.0056610107
0.0069122314
-0.0032196045
0.0112915039
-0.0018157959
-0.0040588379
0.0071716309
0.0035400391
0.0050201416
0.0013122559
0.0050659180
0.0155029297
-0.0029602051
-0.0034179688
0.0194549561
-0.0028839111
0.0163269043
-0.0091857910
-0.0202331543
-0.0286865234
0.0029907227
-0.0131225586
0.0296325684
0.0159149170
0.0166778564
0.0136566162
-0.0034179688
0.0112304688
-0.0056762695
-0.0046081543
0.0000915527
0.0040283203
-0.0106811523
0.0115966797
-0.0057525635
-0.0032653809
0.0016632080
-0.0015716553
-0.0082550049
-0.0009613037
0.0014495850
-0.0054779053
-0.0011291504
0.0052642822
-0.3811035156
0.3110351562
-0.0183258057
0.0456848145
-0.3412933350
-0.0393981934
-0.0803070068
0.3678741455
-0.3134918213
0.0661163330
0.0374450684
0.3617095947
0.1439514160
-0.1562652588
0.1292114258
0.2757873535
0.0061340332
0.0022430420
-0.0028686523
0.0032043457
0.0031280518
0.0043945312
-0.0065002441
0.0031738281
0.0050354004
0.0001373291
0.0002593994
-0.0041656494
-0.0015258789
-0.0080871582
-0.0067749023
0.0043792725
