-0.0021362305
0.0034332275
0.0009918213
-0.0043182373
0.0124664307
-0.0040435791
-0.0083160400
0.0041809082
-0.0054626465
-0.0150146484
-0.0033111572
0.0062103271
-0.0041351318
-0.0031433105
0.0018463135
-0.0044860840
-0.0001068115
0.0009765625
-0.0054931641
0.0028533936
0.0074310303
-0.0002899170
-0.0042877197
-0.0012664795
-0.0018615723
0.0003204346
-0.0020446777
-0.0035400391
0.0056304932
0.0037841797
0.0031127930
-0.0108184814
-0.0216522217
-0.0154571533
-0.0087127686
-0.0087280273
0.0190887451
-0.0164642334
0.0150451660
-0.0084228516
-0.0132446289
-0.0111083984
-0.0136871338
-0.0098419189
0.0200042725
-0.0165100098
0.0062103271
0.0110168457
-0.0045013428
-0.0031127930
-0.0121459961
-0.0001220703
0.0054473877
-0.0030517578
0.0089569092
0.0037078857
-0.0050659180
0.0039825439
0.0076751709
-0.0087432861
-0.0036010742
0.0000152588
-0.0009002686
-0.0111236572
0.0028686523
0.0002593994
0.0010986328
-0.0016937256
-0.0084991455
0.0038757324
0.0001068115
0.0070800781
-0.0012817383
0.0064239502
-0.0080871582
0.0048522949
-0.0014343262
-0.0011749268
0.0029602051
0.0012359619
0.0051269531
0.0042266846
-0.0097351074
0.0017395020
0.0226287842
-0.0083770752
0.0073242188
-0.0085906982
-0.0062103271
0.0133972168
-0.0168914795
-0.0001983643
-0.0098571777
0.0037689209
-0.0023193359
-0.0161895752
0.0032653809
0.0045318604
-0.0036163330
-0.0047760010
-0.0018768311
-0.0063171387
0.0008850098
0.0064849854
0.0021667480
0.0300598145
-0.0064544678
0.0050201416
0.0014953613
0.0005187988
0.0002593994
0.0035705566
0.0082092285
0.0083618164
-0.0097503662
0.0092468262
0.0048217773
0.0072174072
0.0063934326
0.0050048828
0.0039520264
-0.0141296387
0.0013122559
0.0074462891
-0.0088958740
-0.0074310303
0.0278320312
-0.0051574707
-0.0006713867
-0.0017852783
-0.0001068115
-0.0073547363
0.0016937256
0.0033874512
0.0004119873
-0.0023956299
-0.0006103516
-0.0164489746
-0.0120697021
0.0021514893
-0.0039978027
-0.0039520264
-0.0097503662
-0.0016174316
0.1695251465
-0.0185546875
-0.2617645264
0.2802276611
-0.1213836670
-0.2950744629
-0.2650146484
-0.2854309082
-0.2875671387
0.2959747314
-0.0987091064
0.3072357178
0.3074951172
0.0733795166
0.0296020508
-0.3128356934
