0.0007629395
-0.0001525879
-0.0001983643
0.0044555664
-0.0075378418
0.0071411133
0.0006103516
-0.0038604736
-0.0077056885
-0.0013885498
-0.0086059570
-0.0024414062
0.0110778809
0.0046081543
0.0035858154
-0.0036926270
0.0037994385
-0.0054931641
0.0020446777
0.0043334961
0.0020294189
-0.0032806396
0.0092010498
-0.0041046143
-0.0046691895
-0.0040435791
-0.0015869141
-0.0007476807
-0.0045623779
0.0045013428
0.0016937256
-0.0036773682
-0.0037994385
0.0089721680
0.0057373047
-0.0106048584
-0.0068817139
0.0021209717
0.0113220215
-0.0043487549
0.0026397705
0.0009155273
-0.0064544678
0.0048522949
-0.0082702637
0.0091857910
-0.0094604492
0.0050811768
-0.2582397461
0.1984710693
0.3666687012
-0.2366638184
0.1751708984
-0.2064361572
-0.2255554199
0.1318054199
-0.2475891113
-0.2783203125
-0.3142395020
-0.1311492920
0.2528076172
0.2266082764
-0.1865081787
0.2450256348
0.0011749268
-0.0028991699
0.0023040771
-0.0116271973
-0.0053100586
0.0019531250
-0.0040130615
-0.0036163330
-0.0030975342
0.0001678467
0.0022888184
0.0000610352
0.0076904297
-0.0083160400
0.0123748779
0.0038604736
0.0037078857
-0.0063934326
-0.0059661865
0.0046691895
-0.0018920898
-0.0030212402
-0.0109863281
0.0050506592
-0.0112457275
0.0032348633
0.0061645508
0.0077667236
0.0024871826
0.0015258789
-0.0032806396
0.0072479248
-0.0045471191
-0.0003356934
-0.0097351074
-0.0056304932
0.0014648438
-0.0019226074
0.0022430420
0.0047912598
-0.0020904541
0.0040283203
0.0005950928
-0.0057678223
-0.0049896240
0.0032958984
0.0095214844
-0.0040283203
0.0126037598
0.0256500244
-0.0206451416
-0.0204010010
0.0099487305
-0.0002288818
0.0211181641
0.0040435791
-0.0230560303
-0.0132904053
0.0015716553
-0.0164184570
-0.0012054443
0.0167236328
0.0100860596
0.0221862793
0.0037536621
-0.0079956055
-0.0056762695
0.0026397705
0.0076599121
0.0017852783
-0.0052795410
-0.0027618408
0.0003051758
0.0158233643
-0.0178222656
0.0022277832
0.0022125244
0.0068054199
0.0099029541
-0.0063934326
0.0288696289
-0.0171203613
0.0082397461
-0.0064544678
0.0182647705
0.0376434326
-0.0062255859
0.0273437500
0.0408935547
-0.0158081055
-0.0408020020
-0.0238189697
-0.0240783691
-0.0033416748
0.0059356689
0.0251159668
