-0.0891418457
-0.0939483643
-0.00177001953
-0.196716309
0.0491333008
-0.227203369
-0.0785064697
0.0863952637
0.191390991
-0.10987854
0.112014771
0.170608521
-0.110870361
-0.0695037842
0.034866333
0.150863647
0
0
0
0
0
0
0
0
0
0
0
0
0
0
0
0
0
0
0
0
0
0
0
0
0
0
0
0
0
0
0
0
-0.249694824
-0.0608215332
0.295639038
-0.114105225
0.0758361816
-0.0105133057
-0.246307373
0.462142944
-0.429138184
-0.0519256592
-0.105010986
-0.00947570801
0.256210327
0.164764404
0.34312439
-0.0681610107
0
0
0
0
0
0
0
0
0
0
0
0
0
0
0
0
0.149612427
0.0237884521
-0.116928101
-0.0138092041
0.0330352783
-0.105438232
0.141296387
-0.119903564
-0.0128479004
-0.018371582
-0.131408691
0.0436859131
0.00080871582
-0.0149993896
-0.0798797607
-0.0914611816
0.102890015
-0.22543335
0.338317871
-0.17767334
-0.000152587891
0.309387207
-0.190734863
-0.173721313
-0.0603179932
-0.0113983154
0.140274048
-0.0294799805
0.0211334229
0.178604126
-0.36932373
0.295166016
-0.20930481
0.0221099854
0.366867065
0.112411499
-0.269104004
0.395706177
-0.00491333008
-0.412506104
-0.0633239746
0.0358734131
-0.216323853
-0.0197143555
0.39956665
-0.0724029541
-0.26133728
-0.215835571
-0.897018433
0.709854126
-0.12159729
-0.221710205
-0.965057373
-0.0444335938
-0.275009155
0.971710205
-0.904815674
0.0290374756
0.200149536
0.89743042
0.141693115
-0.887268066
0.444961548
0.812026978
0
0
0
0
0
0
0
0
0
0
0
0
0
0
0
0
