-0.00128173828
0.00106811523
-0.00561523438
-0.00849914551
0.00950622559
-0.00267028809
-0.00579833984
-0.0160522461
-0.00430297852
-0.00653076172
0.00392150879
0.00390625
0.0020904541
-0.000244140625
0.0121154785
-0.00444030762
0.00129699707
-0.000701904297
-0.00346374512
0.00231933594
0.00268554688
-0.00119018555
0.000137329102
-0.000915527344
-0.0013885498
0.00593566895
-0.00199890137
-0.00273132324
0.00354003906
0.00289916992
0.00471496582
-0.00158691406
-0.0122070312
-0.00486755371
-0.0051574707
-0.00421142578
0.0116271973
-0.00807189941
0.0109100342
-0.000946044922
-0.00375366211
-0.00434875488
-0.00704956055
-0.00744628906
0.00732421875
-0.0146942139
0.0052947998
0.00889587402
0.00250244141
-0.00801086426
-0.00749206543
0.00567626953
0.000579833984
-0.000640869141
0.00610351562
0.00523376465
0.00466918945
0.00398254395
-0.00392150879
0.00285339355
0.00288391113
-0.00169372559
0.00242614746
-0.00285339355
0.00225830078
0.00273132324
0.000442504883
-3.05175781e-05
0.00267028809
0.000442504883
0.00016784668
0.00288391113
0.00300598145
0.000381469727
-0.00331115723
0.00500488281
0
-0.00245666504
0.0012512207
-7.62939453e-05
-0.00401306152
0.00338745117
-0.00645446777
0.00505065918
0.00961303711
0.00157165527
0.00497436523
-0.00439453125
0.00552368164
-0.00340270996
0.00283813477
0.00424194336
0.00595092773
-0.000473022461
0.00439453125
0.00140380859
-0.0115661621
0.00801086426
0.00309753418
0.00819396973
0.00187683105
-0.0093536377
-0.00230407715
-0.000152587891
-0.00462341309
0.0161743164
-0.000213623047
0.0133361816
-0.00300598145
-0.000106811523
0.00758361816
0.00646972656
-0.00382995605
0.0148925781
-0.0132293701
-0.00175476074
0.016418457
-0.00177001953
0.0166015625
0.0040435791
0.00108337402
-0.0130310059
0.00328063965
0.00617980957
0.00120544434
0.00213623047
0.0160980225
0.00419616699
-0.000869750977
-0.00131225586
0.000671386719
-0.00143432617
0.00212097168
-0.000823974609
-0.000595092773
0.000930786133
-0.000198364258
0.000289916992
0.00173950195
0.00303649902
0.001953125
-0.00048828125
-0.000793457031
-0.000946044922
0.199386597
0.00355529785
-0.270568848
0.294448853
-0.0835266113
-0.292098999
-0.281188965
-0.264221191
-0.265594482
0.288635254
-0.156509399
0.302719116
0.299530029
-0.0355072021
0.0321044922
-0.309997559
