0.0883636475
0.0816802979
-0.126235962
0.106002808
-0.082611084
-0.0101013184
0.0805511475
0.0203094482
-0.125259399
0.120346069
-0.220046997
-0.172470093
0.1512146
0.156265259
0.00798034668
-0.131225586
0
0
0
0
0
0
0
0
0
0
0
0
0
0
0
0
0
0
0
0
0
0
0
0
0
0
0
0
0
0
0
0
0.0586547852
-0.132827759
-0.421661377
0.407943726
-0.0888061523
0.269439697
0.226516724
-0.200531006
0.302490234
0.203460693
0.202194214
0.35218811
0.0596313477
-0.241027832
0.113952637
-0.352005005
0
0
0
0
0
0
0
0
0
0
0
0
0
0
0
0
0
0
0
0
0
0
0
0
0
0
0
0
0
0
0
0
0
0
0
0
0
0
0
0
0
0
0
0
0
0
0
0
0
0
0
0
0
0
0
0
0
0
0
0
0
0
0
0
0
0
0
0
0
0
0
0
0
0
0
0
0
0
0
0
0
0
0
0
0
0
0
0
0
0
0
0
0
0
0
0
