0.175643921
0.110015869
-0.256942749
0.10546875
-0.151428223
-0.110641479
-0.0282592773
0.328918457
-0.283096313
-0.0210723877
-0.193405151
0.115600586
0.00810241699
-0.083114624
-0.504226685
-0.0898132324
0
0
0
0
0
0
0
0
0
0
0
0
0
0
0
0
-0.163421631
-0.0756835938
-0.148071289
0.290359497
0.0374908447
-0.208496094
0.211685181
-0.21762085
-0.217269897
-0.327453613
0.0361480713
-0.248001099
0.211502075
0.192306519
0.322097778
0.296310425
0
0
0
0
0
0
0
0
0
0
0
0
0
0
0
0
-0.0459289551
-0.0669403076
-0.0487213135
-0.0871276855
-0.092086792
-0.037902832
0.0689086914
0.0864257812
0.0192718506
0.0144042969
-0.0487518311
-0.0511779785
0.0645141602
0.107040405
-0.0132751465
-0.185882568
0
0
0
0
0
0
0
0
0
0
0
0
0
0
0
0
0
0
0
0
0
0
0
0
0
0
0
0
0
0
0
0
0
0
0
0
0
0
0
0
0
0
0
0
0
0
0
0
0
0
0
0
0
0
0
0
0
0
0
0
0
0
0
0
-0.105056763
-0.190689087
0.117630005
-0.0388793945
0.00860595703
-0.01171875
0.0585174561
0.0151062012
-0.0308685303
0.0160217285
-0.031036377
-0.0131225586
0.00956726074
0.104110718
0.123184204
0.0158538818
