0
0
0
0
0
0
0
0
0
0
0
0
0
0
0
0
0
0
0
0
0
0
0
0
0
0
0
0
0
0
0
0
0
0
0
0
0
0
0
0
0
0
0
0
0
0
0
0
0.649993896
-0.179077148
-0.7734375
0.390563965
-0.438796997
0.462188721
0.474304199
-0.39666748
0.710220337
0.595962524
0.455276489
0.465896606
-0.278427124
-0.220596313
0.0742034912
-0.225601196
-0.393997192
-0.521743774
-0.46182251
0.130187988
-0.294662476
-0.406402588
0.421737671
0.433013916
0.485656738
-0.440551758
-0.388793945
-0.526687622
0.455001831
0.382659912
-0.199249268
-0.351211548
0
0
0
0
0
0
0
0
0
0
0
0
0
0
0
0
0.0840148926
-0.0708465576
-0.0127868652
-0.0858001709
0.0698394775
0.0379638672
-0.0834350586
-0.0719451904
7.62939453e-05
-0.0517578125
0.124389648
-0.00122070312
0.140106201
0.0623168945
-0.0707244873
0.0915222168
-0.585784912
-0.641159058
0.260391235
-0.0544891357
-0.549407959
0.516906738
-0.519165039
-0.438705444
0.105621338
0.515289307
-0.59942627
0.593078613
0.254180908
-0.651504517
-0.373825073
-0.565475464
0
0
0
0
0
0
0
0
0
0
0
0
0
0
0
0
-0.187561035
0.0280914307
0.230911255
-0.166427612
0.0758514404
0.234863281
0.194900513
0.201599121
0.25012207
-0.219436646
0.0553741455
-0.235916138
-0.203445435
-0.317321777
0.156814575
0.224395752
