-0.000244140625
-7.62939453e-05
-0.00296020508
-0.00364685059
0.00080871582
0.00714111328
-0.00149536133
-0.00938415527
-0.000305175781
-0.00164794922
-0.000305175781
0.00489807129
0.00549316406
0.00283813477
0.0034942627
0.000106811523
0.0117340088
0.00343322754
-0.0284423828
0.0272064209
0.0148620605
-0.00816345215
-0.00630187988
-0.023727417
-0.0289764404
0.0247802734
-0.0131530762
-0.00032043457
0.0118560791
0.0291595459
0.0188293457
-0.000213623047
0.00297546387
0.00715637207
0.00256347656
0.00819396973
-0.00486755371
0.00286865234
0.00434875488
0.00285339355
0.00317382812
0.00407409668
-0.00137329102
-0.00466918945
-0.00065612793
-0.00328063965
0.00175476074
0.00337219238
-0.00672912598
-0.00326538086
-0.00143432617
0.00480651855
0.0148773193
-0.00968933105
-0.00254821777
0.00570678711
-0.0171051025
0.000442504883
-0.0151062012
-0.00201416016
0.025177002
-0.0030670166
-0.00384521484
0.00723266602
0.000564575195
-0.011932373
-0.00225830078
0.00329589844
-0.00854492188
0.00032043457
-0.00286865234
-0.00323486328
-0.00172424316
-0.00199890137
0.00221252441
-0.00465393066
0.00668334961
0.00105285645
-0.00285339355
-0.00398254395
0.0171966553
0.0192260742
0.00666809082
-0.00459289551
0.0175170898
-0.0159912109
0.00616455078
-0.0203399658
-0.0140533447
0.00193786621
0.00369262695
0.0160522461
-0.00686645508
0.0165252686
-0.0153656006
0.0037689209
0.0106506348
0.00257873535
-0.00369262695
-0.00523376465
-0.000442504883
-0.00532531738
-0.00123596191
0.00128173828
0.000823974609
0.00898742676
0.00567626953
0.0113677979
0.00825500488
-0.00285339355
-0.0135498047
-0.000854492188
-0.231048584
-0.267944336
0.155105591
-0.213851929
-0.327468872
0.235061646
-0.268875122
-0.253753662
-0.095489502
0.272155762
-0.128341675
0.213226318
0.237884521
-0.249252319
-0.192504883
-0.21987915
-0.00205993652
-0.00106811523
-0.015625
-0.0114593506
0.00140380859
-0.0121459961
0.0012512207
0.0018157959
0.0041809082
-0.00218200684
-0.00633239746
0.00123596191
-0.000411987305
0.00765991211
0.00123596191
-0.00466918945
-0.00256347656
-0.00355529785
-0.000228881836
0.0013885498
-0.00141906738
-0.00131225586
-0.00825500488
0.00535583496
-0.00198364258
0.0086517334
-0.00244140625
0.00157165527
0.00624084473
-0.00117492676
0.00103759766
-0.00186157227
