0
0
0
0
0
0
0
0
0
0
0
0
0
0
0
0
0.322631836
-0.306838989
-0.25932312
0.408813477
-0.241867065
-0.273498535
0.139831543
-0.360778809
-0.41178894
0.189224243
-0.0823059082
-0.273910522
-0.0114593506
0.386611938
0.0124359131
-0.182388306
0
0
0
0
0
0
0
0
0
0
0
0
0
0
0
0
0
0
0
0
0
0
0
0
0
0
0
0
0
0
0
0
0.0505981445
-0.35307312
0.054977417
0.14302063
-0.123718262
0.0514221191
-0.121749878
-0.245239258
0.00468444824
-0.0374450684
-0.258712769
-0.0793151855
0.0530090332
-0.0770263672
-0.0431671143
-0.164215088
0.127685547
0.0666503906
-0.125167847
-0.0974884033
0.13041687
-0.18572998
0.172531128
-0.0665130615
-0.237991333
0.109680176
-0.145446777
0.197799683
-0.197494507
-0.138015747
-0.142562866
-0.245819092
0.308441162
-0.448532104
-0.0999603271
-0.397338867
0.313049316
0.370452881
-0.38192749
-0.38822937
-0.145019531
-0.427032471
0.492004395
0.0766448975
-0.332351685
0.45173645
0.0126342773
0.419403076
-0.232421875
-0.297393799
0.10887146
-0.187805176
-0.227828979
0.181274414
-0.26802063
-0.167938232
0.114974976
0.285110474
-0.00733947754
0.27684021
0.133270264
-0.262283325
-0.157531738
-0.178436279
0
0
0
0
0
0
0
0
0
0
0
0
0
0
0
0
0.0121459961
0.129837036
-0.11630249
0.195724487
0.03515625
-0.254119873
-0.151168823
-0.145111084
-0.185195923
0.207244873
-0.0215301514
0.221298218
0.2371521
-0.0527801514
0.0131988525
-0.234786987
