0.00480651855
0.0112609863
-0.0297088623
-0.000457763672
0.0191802979
0.01171875
0.00390625
-0.000900268555
-0.0079498291
0.0132293701
0.0241546631
-0.0034942627
0.0243530273
-0.011428833
0.00776672363
-0.0252227783
-0.0149688721
0.0154571533
0.0136413574
-0.0233459473
0.00271606445
0.0135192871
-0.0126342773
0.0234069824
0.0244293213
0.0111541748
-0.00672912598
0.00576782227
0.0150146484
-0.0244750977
0.0069732666
0.00686645508
-0.34777832
-0.0629577637
-0.291259766
-0.080291748
-0.0383300781
-0.353530884
0.340011597
-0.0179748535
-0.353439331
-0.3256073
-0.227920532
-0.0360412598
-0.0110626221
-0.148590088
0.0559387207
0.363265991
0.0159301758
-0.0228271484
-0.0304412842
-0.000396728516
-0.0247344971
0.0125274658
0.00694274902
-0.00170898438
0.0487823486
0.0283966064
0.0251922607
0.00579833984
-0.0204772949
-0.0262298584
0.0357666016
-0.0531768799
-0.00126647949
-0.00102233887
-0.00338745117
0.00770568848
0.00262451172
0.000991821289
0.00428771973
0.005859375
0.000701904297
-0.000244140625
-0.00679016113
0.00169372559
-0.00213623047
-0.00506591797
0.0026550293
0.000244140625
-0.000885009766
-0.00189208984
0.00547790527
-0.00173950195
-0.0379486084
-0.0111999512
0.0173950195
0.00270080566
0.0151519775
0.00747680664
-0.00463867188
-0.00157165527
-0.00637817383
0.00413513184
-0.0139007568
-0.0209503174
0.0129699707
-0.00065612793
-0.00625610352
-0.0044708252
0.0115356445
-0.0134277344
-0.0157775879
-0.0136566162
0.0115966797
0.00549316406
0.00856018066
-0.0140686035
0.00482177734
0.000396728516
0.000885009766
0.00798034668
0.010055542
0.0168609619
-0.0224151611
0.0121917725
0.0100097656
-0.0119476318
0.0135192871
-0.000427246094
-0.0163879395
-0.000259399414
0.0221862793
-0.0227203369
-0.0116424561
0.0267181396
0.0267791748
0.0146636963
0.0133209229
0.00483703613
0.0177307129
-0.00350952148
-0.0111541748
0.00912475586
0.0110473633
-0.0189056396
-0.00988769531
0.0380249023
-0.00343322754
-0.00405883789
0.0167999268
-0.00390625
0.00798034668
0.0155639648
0.0025177002
-0.00749206543
0.000915527344
-0.00665283203
-0.000106811523
0.0102081299
0.00579833984
0.00918579102
0.01121521
-0.00636291504
-0.00205993652
-0.00700378418
-0.0101623535
-0.00462341309
0.00204467773
0.00779724121
