0.0102386475
-0.00215148926
-0.00120544434
-0.0040435791
0.000534057617
-0.00317382812
-0.00477600098
-0.0163879395
-0.00827026367
0.00065612793
0.00325012207
-0.00524902344
-0.000473022461
0.0069732666
-0.00360107422
0.0027923584
0.00476074219
-0.00798034668
0.011932373
-0.00247192383
-0.00244140625
-0.000701904297
0.00146484375
0.00198364258
0.00141906738
-0.0126495361
-0.00144958496
0.00617980957
-0.0102233887
-0.00276184082
-0.00428771973
0.000137329102
0.0175628662
-0.0131072998
0.0341033936
-0.0119934082
-0.00959777832
0.0150909424
-0.00729370117
0.000854492188
-0.00389099121
0.019744873
-0.00846862793
0.0118713379
-0.00608825684
0.00688171387
-0.0176849365
-0.0306243896
-0.00140380859
-0.00442504883
-0.0075378418
0.011428833
-0.0148620605
0.00422668457
-0.00747680664
-0.00909423828
0.00430297852
0.00498962402
0.000823974609
0.00633239746
-0.00466918945
-0.00714111328
-0.0041809082
-0.00576782227
0.0142059326
-0.00227355957
0.00343322754
0.0233306885
0.00300598145
0.00979614258
-0.00190734863
-0.00729370117
-0.00744628906
0.0133972168
-0.0452728271
0.00981140137
-0.0373840332
-0.00581359863
0.0283966064
0.0235748291
-0.00143432617
0.00164794922
0.0214691162
-0.00857543945
-0.0101318359
0.00430297852
-0.00166320801
0.00291442871
0.00715637207
0.00239562988
-0.0100402832
0.00553894043
-0.00930786133
0.000106811523
0.00643920898
-0.00765991211
-0.00730895996
0.00286865234
-0.00224304199
0.00312805176
-0.00318908691
0.00140380859
0.00680541992
0.00552368164
0.000595092773
-0.000900268555
-0.00907897949
-0.00146484375
-0.00527954102
-0.00695800781
0.00241088867
-0.00811767578
-0.321670532
-0.279678345
0.147628784
-0.109100342
-0.241714478
0.3387146
-0.256088257
-0.219055176
0.120300293
0.196624756
-0.175582886
0.306030273
0.172195435
-0.325942993
-0.196350098
-0.204147339
0.0126800537
-0.0119934082
0.00859069824
0.0112915039
0.0138397217
0.00358581543
-0.00196838379
-0.00900268555
0.00959777832
0.0153045654
-0.00315856934
-0.00323486328
0.0149078369
0.0170135498
-0.000885009766
-0.0119476318
-0.000122070312
-0.00198364258
-0.000228881836
0.00395202637
0.000946044922
0.00103759766
-0.00340270996
0.000839233398
0.00277709961
0.00187683105
-0.00396728516
0.00134277344
0.00282287598
-0.00144958496
0.00630187988
-0.00303649902
