0.010269165
0.0149688721
-0.018737793
-0.00411987305
-0.0307006836
0.0087890625
0.00227355957
-0.00596618652
-0.0181427002
-0.00741577148
-0.00450134277
0.0188446045
-0.00596618652
-0.0152282715
0.00936889648
-0.00274658203
-0.320678711
0.338302612
0.118270874
-0.346160889
0.0150146484
0.274459839
-0.0404052734
0.342468262
0.361526489
0.128845215
-0.0364990234
0.0968017578
0.25718689
-0.361251831
-0.0234527588
-0.0139770508
0.000366210938
-0.00752258301
0.00241088867
-0.00177001953
-0.00152587891
0.00315856934
0.00172424316
0.00274658203
0.00346374512
0.0032043457
0.00148010254
-0.00389099121
0.00204467773
-0.000747680664
-0.00105285645
-0.00393676758
0.0162353516
-0.00326538086
0.00918579102
-0.0155487061
0.0226287842
-0.00248718262
-0.0112762451
0.012802124
-0.014175415
-0.00953674316
0.00495910645
0.0269470215
0.00172424316
-0.00424194336
-0.0128479004
-0.00701904297
0.0076751709
0.00527954102
0.00315856934
-0.00186157227
0.0106048584
0.0104370117
0.000183105469
-0.0150299072
-0.00941467285
0.0103912354
0.0089263916
-0.00297546387
0.0100097656
-0.0115509033
0.010848999
0.00788879395
0.00476074219
0.00462341309
4.57763672e-05
-0.00325012207
0.0182342529
-0.0133666992
0.0111694336
-0.00413513184
-0.00286865234
0.00953674316
-0.0108184814
0.0054473877
-0.0115966797
-0.0109405518
-0.00314331055
-0.0371856689
0.000381469727
-0.000305175781
0.00561523438
3.05175781e-05
-0.00239562988
0.00228881836
0.000183105469
-0.00119018555
0.00448608398
-0.00872802734
0.00857543945
-0.00390625
0.00608825684
-0.000366210938
-0.00961303711
-0.000946044922
0.000503540039
0.00259399414
0.000564575195
0.0015411377
-0.00129699707
0.00227355957
0.00157165527
-7.62939453e-05
-0.00654602051
-0.000640869141
-0.00164794922
-0.00401306152
0.00161743164
0.00239562988
0.00238037109
-0.00448608398
-0.00477600098
-0.00187683105
0.0148925781
-0.0102996826
0.0013885498
0.00155639648
0.00885009766
-0.00100708008
0.00248718262
-0.0115814209
-0.00791931152
-0.000549316406
-0.014175415
-0.0050201416
0.0150299072
-0.00483703613
-0.00791931152
-0.00227355957
0.00369262695
-0.000747680664
-0.00289916992
0.00547790527
0.00314331055
0.00186157227
0.0105895996
-0.00668334961
-0.00593566895
-0.0029296875
-0.00476074219
-0.0207366943
0.00775146484
0.00166320801
