0
0
0
0
0
0
0
0
0
0
0
0
0
0
0
0
0.439926147
-0.627853394
0.156799316
0.439178467
0.290771484
-0.306808472
0.217880249
-0.449661255
-0.454833984
0.273086548
-0.149047852
0.0963287354
-0.33430481
0.498504639
0.0825805664
0.413635254
0
0
0
0
0
0
0
0
0
0
0
0
0
0
0
0
0
0
0
0
0
0
0
0
0
0
0
0
0
0
0
0
0.0881347656
-0.0909881592
0.0944976807
-0.0758056641
0.0750579834
0.0467376709
-0.0716247559
-0.077545166
-0.0883026123
0.069152832
-0.0494689941
0.0931091309
-0.121063232
0.0349731445
0.145263672
-0.0577392578
0
0
0
0
0
0
0
0
0
0
0
0
0
0
0
0
0
0
0
0
0
0
0
0
0
0
0
0
0
0
0
0
0.116210938
0.0893249512
-0.110900879
-0.0208129883
-0.0143432617
0.0344543457
0.0611724854
-0.108428955
0.25894165
0.0114440918
0.0561828613
-0.0541687012
-0.0920410156
0.0828094482
0.0518951416
0.161849976
-0.149597168
0.0449523926
0.101104736
0.0665588379
-0.0431976318
0.127838135
-0.0909118652
0.174514771
-0.115112305
0.0766448975
0.0193481445
0.168106079
0.121200562
-0.0649414062
0.115585327
0.0129394531
-0.0457763672
-0.00912475586
-0.152755737
0.113037109
-0.0124359131
-0.243118286
-0.0556640625
-0.267303467
-0.210220337
0.157196045
-0.00141906738
0.27645874
0.153030396
-0.0891265869
0.145568848
-0.252563477
