0.00364685059
-0.00102233887
-0.00227355957
-0.00187683105
4.57763672e-05
-0.00790405273
0.00183105469
0.00428771973
0.00151062012
0.00415039062
0.00198364258
-0.000106811523
0.00300598145
0.000335693359
0.00965881348
0.00205993652
0.0033416748
-0.00491333008
0.00750732422
1.52587891e-05
0.00553894043
-4.57763672e-05
-0.00152587891
0.00100708008
0.000503540039
-0.00244140625
0.00286865234
0.0124206543
-0.00761413574
-0.00131225586
0.00535583496
0.0016784668
0.00721740723
0.00579833984
0.00141906738
-0.00140380859
-0.00204467773
0.00286865234
0.00367736816
-0.000961303711
0.0149841309
0.00549316406
-0.00148010254
0.00848388672
0.00257873535
-0.0117340088
0.00680541992
0.00369262695
0.0291595459
-0.0214080811
-0.0277099609
0.00102233887
-0.00341796875
0.00828552246
0.0112304688
-0.0270080566
0.0023651123
-0.00048828125
0.00462341309
0.0103759766
-0.0146484375
-0.0193023682
0.0089263916
0.00999450684
-0.285369873
-0.0359649658
-0.289047241
0.00721740723
-0.0547790527
-0.30128479
0.353530884
0.337860107
0.367996216
-0.270385742
-0.000701904297
-0.263717651
0.041015625
0.26473999
0.0251312256
-0.193618774
0.0085144043
-0.0108795166
-0.00833129883
0.00637817383
-0.00584411621
-0.00302124023
0.00573730469
0.000457763672
-0.000732421875
-0.0125274658
0.00576782227
-0.0130157471
0.00538635254
0.00968933105
-0.00437927246
0.00498962402
-0.00186157227
0.00114440918
0.000137329102
0.00328063965
0.00205993652
0.0066986084
-0.00743103027
-0.00462341309
-0.00141906738
0.000213623047
-0.00840759277
0.00543212891
0.00254821777
-0.00128173828
0.000564575195
0.0065612793
0.00309753418
0.00506591797
-0.00135803223
0.000427246094
0.00425720215
0.0013885498
0.00102233887
-0.00103759766
-0.000442504883
0.00141906738
-0.000518798828
-0.00668334961
-0.00556945801
0.00630187988
-0.00468444824
-0.000900268555
-0.00370788574
0.00422668457
-0.00257873535
0.00204467773
-0.000717163086
0.0050201416
-0.00903320312
0.0020904541
-0.00340270996
0.0134124756
0.00129699707
0.00364685059
0.00654602051
0.00303649902
-0.000244140625
0.00312805176
-0.00270080566
0.011138916
-0.0143737793
-0.00866699219
0.00244140625
-0.00993347168
0.00743103027
-0.0113983154
-0.00448608398
0.0009765625
0.00509643555
0.0151824951
-0.00903320312
0.0115661621
0.00984191895
-0.0139160156
