-0.0047454834
-0.00621032715
0.00526428223
0.00357055664
0.00234985352
-0.00134277344
-0.00537109375
0.0079498291
-0.00936889648
-0.00453186035
-0.0059967041
0.00244140625
-0.00331115723
0.00491333008
-0.00268554688
0.0074005127
-0.00210571289
0.00640869141
0.00065612793
-9.15527344e-05
-0.00587463379
0.00332641602
0.000946044922
-1.52587891e-05
-0.000518798828
0.000503540039
-0.00131225586
0.00285339355
0.00550842285
-0.00048828125
-4.57763672e-05
-0.0046081543
0.0155487061
0.000946044922
0.0229949951
0.0363922119
0.0247039795
0.0109558105
-0.0219116211
-0.022644043
0.0032043457
0.018081665
0.000854492188
0.00643920898
0.0166931152
-0.00895690918
-0.000244140625
-0.0233459473
-0.311889648
0.208877563
0.256820679
-0.199432373
0.281692505
-0.216567993
-0.225692749
0.155502319
-0.193466187
-0.185897827
-0.207107544
-0.212982178
0.243347168
0.289611816
-0.233215332
0.212036133
0.000350952148
0.00393676758
-0.00401306152
0.00518798828
-1.52587891e-05
0.000457763672
0.00392150879
-0.00389099121
-0.00215148926
0.00144958496
0.00588989258
-0.00555419922
0.00366210938
-0.000625610352
-0.00296020508
0.0059967041
0.00225830078
-0.0043182373
-0.00840759277
-0.00605773926
0.00564575195
-0.000717163086
0.00848388672
-0.00315856934
0.014831543
-0.00437927246
-0.00718688965
0.000717163086
-0.00411987305
-0.0376586914
0.0080871582
-0.0265808105
0.00425720215
0.00158691406
-0.00602722168
0.00180053711
-0.00399780273
-0.000854492188
0.0026550293
0.00318908691
-0.000625610352
-0.00286865234
0.00296020508
0.00563049316
0.00117492676
0.00241088867
0.00379943848
-0.00505065918
0.0274810791
0.0326080322
-0.0100860596
0.0329742432
0.018371582
-0.0366668701
0.0224609375
0.0314941406
-0.0114746094
-0.0258331299
0.0208282471
-0.0372619629
-0.00944519043
0.0287322998
0.0257873535
-0.0016784668
-0.00146484375
0.00424194336
-0.00494384766
0.0153656006
-0.00695800781
0.00762939453
-0.0078125
-0.000564575195
-0.0152282715
0.0033416748
-0.00221252441
0.00254821777
-0.0051574707
-0.0243225098
-0.00703430176
0.0156555176
0.00590515137
0.000473022461
0.0086517334
-0.00250244141
0.00016784668
0.00736999512
0.00665283203
-0.00675964355
-0.00465393066
-0.00122070312
-0.0074005127
-0.00347900391
0.0011138916
0.00840759277
-0.00761413574
0.00938415527
