-0.000762939453
0.00486755371
-0.0242156982
-0.0126647949
-0.036529541
0.0169372559
-0.00863647461
0.000686645508
-0.0206604004
-0.0107421875
0.00923156738
0.0356445312
0.00105285645
-0.0188446045
0.0200042725
0.00259399414
-0.325057983
0.313949585
0.124755859
-0.338317871
0.0372772217
0.275314331
-0.021484375
0.334320068
0.352890015
0.123199463
0.0466003418
0.0737915039
0.203826904
-0.347579956
0.0175018311
-0.0646209717
0.00163269043
-0.00238037109
-0.00712585449
0.0032043457
0.000122070312
7.62939453e-05
0.00508117676
-0.00163269043
0.000381469727
0.00416564941
-0.000671386719
-0.00148010254
-0.00239562988
0.000350952148
-0.00686645508
-0.00357055664
0.00886535645
0.00866699219
0.0204772949
-0.0311279297
0.0175476074
-0.00190734863
-0.0134887695
0.00723266602
-0.00991821289
-0.0171661377
-0.00592041016
0.0145263672
0.0169677734
0.00575256348
-0.0154571533
0.00317382812
-0.00350952148
0.00405883789
-0.00660705566
0.0111999512
-0.0166473389
0.00479125977
0.00280761719
-0.00346374512
-0.0108032227
-0.00065612793
-0.00473022461
-0.0162506104
0.0262908936
-0.0116882324
0.00546264648
0.037612915
0.0126495361
0.00381469727
-0.00524902344
-0.00930786133
0.00744628906
-0.0131225586
0.0128173828
-0.00016784668
-0.00614929199
0.00633239746
-0.00631713867
0.00602722168
-0.0164337158
-0.00762939453
-0.00845336914
-0.0262298584
0.00100708008
0.00126647949
0.00424194336
0.00199890137
-0.00183105469
-0.000350952148
0.000442504883
0.00117492676
0.00312805176
0.000152587891
0.00224304199
-0.00856018066
0.000473022461
-0.00100708008
-0.00247192383
0.00135803223
0.00128173828
-0.00721740723
0.000106811523
0.00677490234
-0.0186004639
0.0151062012
-0.0122680664
-0.0148010254
-0.014175415
0.012298584
-0.00428771973
0.00216674805
0.00276184082
-0.00367736816
0.00709533691
-0.000122070312
-0.00509643555
0.0025177002
0.0116119385
-0.00277709961
-0.00465393066
0.00590515137
0.00242614746
0.00517272949
-0.00253295898
-0.00341796875
0.010635376
0.00346374512
0.00140380859
-0.0106811523
0.00708007812
0.00372314453
-0.010559082
-0.00846862793
0.00421142578
-0.000137329102
-0.00332641602
-0.000991821289
0.00164794922
0.00160217285
0.00379943848
-0.00256347656
-0.0115356445
0.000991821289
-9.15527344e-05
-0.0143127441
0.00628662109
-0.000915527344
