0
0
0
0
0
0
0
0
0
0
0
0
0
0
0
0
0
0
0
0
0
0
0
0
0
0
0
0
0
0
0
0
0
0
0
0
0
0
0
0
0
0
0
0
0
0
0
0
0
0
0
0
0
0
0
0
0
0
0
0
0
0
0
0
0
0
0
0
0
0
0
0
0
0
0
0
0
0
0
0
0.180389404
0.10168457
-0.0709991455
-0.00358581543
0.0915374756
-0.0744934082
0.138824463
-0.0952758789
-0.00778198242
0.0877685547
-0.249694824
0.224105835
-0.0812988281
0.19102478
-0.125045776
-0.0500183105
0
0
0
0
0
0
0
0
0
0
0
0
0
0
0
0
0
0
0
0
0
0
0
0
0
0
0
0
0
0
0
0
0.0697479248
-0.0454101562
0.12550354
0.338439941
0.0726928711
0.0244903564
-0.359802246
0.0288391113
-0.0293731689
0.209671021
0.231414795
0.0211791992
0.110076904
-0.221221924
0.0664672852
0.0449371338
0
0
0
0
0
0
0
0
0
0
0
0
0
0
0
0
