0.000793457031
-0.000961303711
-0.00395202637
-0.00854492188
-0.00170898438
-0.0206604004
-0.00466918945
0.0113983154
0.00370788574
-0.0104675293
0.00355529785
0.00564575195
-0.00337219238
-0.00561523438
0.0144805908
0.00445556641
0.00369262695
-0.00463867188
0.0012512207
0.00331115723
0.00881958008
-0.00309753418
-0.00321960449
-0.00234985352
-0.00193786621
0.000701904297
0.00364685059
0.00367736816
-0.00250244141
0.00221252441
0.00146484375
-0.000946044922
-0.000381469727
0.000732421875
-0.000991821289
0.00230407715
0.00422668457
-0.00451660156
0.00581359863
-0.00129699707
0.00122070312
0.000381469727
-0.00500488281
0.00166320801
0.00144958496
-0.0055847168
-0.000701904297
0.00328063965
-0.0051574707
-0.00608825684
0.000701904297
0.0114898682
-0.000305175781
-0.00852966309
-0.00321960449
0.00984191895
-0.0131835938
0.00518798828
-0.00114440918
-0.00791931152
-0.0029296875
-0.010559082
-0.0054473877
0.00621032715
-0.289733887
-0.0783538818
-0.271987915
0.034866333
-0.0156402588
-0.320144653
0.336593628
0.301681519
0.366622925
-0.291442871
-0.0905303955
-0.28717041
0.091217041
0.313980103
-0.0555877686
-0.175216675
-0.0125274658
0.00473022461
-0.024810791
0.0124511719
0.0177307129
-0.0110015869
0.0177154541
0.012512207
-0.00184631348
-0.0456695557
0.00608825684
-0.00433349609
0.0177001953
-0.0157928467
-0.00189208984
-0.0121307373
0.00421142578
0.000854492188
-0.00119018555
0.00303649902
-0.000686645508
-0.00152587891
-0.00109863281
-0.00422668457
-0.001953125
0.00119018555
0.00129699707
-0.00122070312
-0.00172424316
-0.00140380859
-0.0013885498
0.0054473877
-0.000579833984
0.00665283203
-0.00646972656
0.00134277344
0.00531005859
-0.00511169434
0.0133514404
-0.0036315918
0.00498962402
-0.0020904541
-0.00793457031
-0.00653076172
-0.00323486328
0.0103607178
-0.00518798828
0.00175476074
-0.0192718506
0.0144805908
-0.00929260254
0.00122070312
-0.0155792236
0.00550842285
-0.0145263672
0.0170593262
-0.0197753906
0.00993347168
0.00692749023
0.0159912109
0.0075378418
-0.0103149414
-0.0124053955
0.0138702393
-0.00451660156
0.0131225586
-0.0012512207
-0.00978088379
-0.0118103027
0.000625610352
0.0108337402
0.00550842285
0.010269165
-0.0117340088
-0.0124511719
-0.00366210938
-0.0153045654
-0.0127716064
-0.00355529785
0.0025177002
