0.000717163086
-0.0675964355
0.00314331055
-0.0173034668
-0.0815887451
-0.100830078
-0.0265655518
0.183242798
-0.013885498
-0.053237915
0.106567383
-0.0663909912
-0.0244903564
-0.113479614
0.160202026
0.0728302002
0
0
0
0
0
0
0
0
0
0
0
0
0
0
0
0
-0.11289978
-0.000579833984
-0.0939178467
0.0253448486
0.0886383057
-0.0434570312
0.00285339355
-0.179733276
-0.059463501
-0.156204224
-0.0589904785
-0.26612854
0.137145996
0.0704956055
0.114700317
0.140090942
0
0
0
0
0
0
0
0
0
0
0
0
0
0
0
0
0.247406006
0.33972168
0.236831665
-0.0895690918
0.441574097
0.263153076
-0.0569458008
-0.0940551758
-0.183074951
0.308273315
0.0983886719
0.373275757
-0.503311157
-0.220352173
0.487579346
0.503265381
0.00489807129
-0.132888794
0.0191497803
0.0518951416
0.140670776
0.139877319
-0.0255279541
0.141586304
-0.0166931152
-0.121307373
0.198455811
-0.0478973389
0.071975708
-0.13041687
0.102249146
0.159988403
0
0
0
0
0
0
0
0
0
0
0
0
0
0
0
0
0.26373291
0.330947876
0.0116577148
0.0728149414
0.346282959
-0.180526733
0.25328064
0.280410767
-0.194442749
-0.323379517
0.246841431
-0.315246582
-0.196411133
0.277282715
0.131500244
0.183044434
0
0
0
0
0
0
0
0
0
0
0
0
0
0
0
0
0
0
0
0
0
0
0
0
0
0
0
0
0
0
0
0
