-0.00747680664
-0.0140686035
0.00361633301
0.00184631348
0.03175354
-0.00425720215
-0.0102233887
-0.03125
-0.0307617188
-0.00202941895
0.00259399414
-0.0339660645
0.00689697266
-0.00106811523
-0.00727844238
0.00202941895
-0.00410461426
0.00672912598
-0.00227355957
-0.000442504883
-0.00497436523
0.00352478027
-0.0012512207
0.00242614746
-0.000350952148
0.00273132324
-0.0133361816
0.0034942627
0.0086517334
-0.000396728516
0.00959777832
-0.00196838379
0.0176849365
0.0130615234
0.0296173096
-0.0109863281
-0.00932312012
0.0289916992
-0.0227050781
0.00765991211
0.0269012451
0.0119934082
0.00114440918
-0.00468444824
-0.00364685059
0.0168304443
-0.0363769531
-0.0218353271
0.0167236328
0.00759887695
-0.014465332
-0.0101928711
0.00471496582
0.0380859375
-0.000183105469
-0.0111541748
0.00323486328
0.00859069824
0.0248413086
0.0438232422
0.0236053467
0.0243682861
0.0162200928
0.00120544434
0.00531005859
0.00915527344
-0.000701904297
0.0122070312
-0.00630187988
0.00141906738
-0.000274658203
0.00682067871
-0.00717163086
0.00929260254
0.0261230469
0.00134277344
0.0491485596
-0.00561523438
-0.0410614014
-0.00524902344
-0.011428833
0.00326538086
0.00396728516
0.00479125977
0.0114898682
-0.00346374512
0.00616455078
0.00836181641
-0.00277709961
-0.00750732422
-0.0032043457
-0.001953125
-0.019317627
0.00346374512
0.00482177734
-0.0200653076
0.0112609863
0.000106811523
0.00247192383
-0.00440979004
-0.00105285645
-0.00993347168
0.00244140625
0.00161743164
0.0102081299
0.00164794922
-0.00395202637
0.00871276855
0.00115966797
-0.00790405273
0.00564575195
-0.00477600098
-0.283905029
-0.296203613
0.142349243
-0.159179688
-0.254867554
0.207092285
-0.258590698
-0.224349976
0.11618042
0.242584229
-0.17098999
0.343780518
0.186386108
-0.337783813
-0.220947266
-0.202362061
-0.0243988037
0.0186767578
-0.0186462402
-0.0179748535
-0.02003479
-0.0102996826
-0.00280761719
0.0104064941
-0.0041809082
-0.00224304199
-0.0314483643
0.00521850586
-0.00666809082
0.0127105713
0.0168151855
-0.00189208984
-0.012802124
0.019241333
0.02734375
-0.00958251953
0.00698852539
0.0244903564
0.0119934082
0.0245056152
0.0241394043
-0.0202789307
-0.0133972168
-0.0286865234
-0.0119476318
-0.00453186035
-0.0118713379
0.0195922852
