-0.000289916992
0.00793457031
-0.0138549805
0.00106811523
-0.00115966797
0.00827026367
-0.00456237793
-0.00152587891
-0.00392150879
-0.0032043457
0.000518798828
-0.0232391357
0.00497436523
0.00726318359
-0.017288208
-0.0165405273
0.000991821289
0.000885009766
-0.00332641602
0.00183105469
-0.0018157959
-0.00115966797
0.000671386719
-0.00198364258
-0.00210571289
0.00198364258
-0.00415039062
-0.00169372559
0.0018157959
0.00202941895
0.00250244141
0.00405883789
-0.000244140625
-0.00653076172
0.00495910645
0.0114440918
0.0107269287
0.00685119629
-0.00619506836
0.00636291504
0.000701904297
0.00602722168
-0.00332641602
0.0013885498
-0.0124359131
0.000778198242
0.00859069824
-0.0115509033
-0.187835693
0.200759888
0.276901245
-0.285354614
0.225570679
-0.220596313
-0.203948975
0.209716797
-0.228942871
-0.212615967
-0.263168335
-0.127380371
0.2059021
0.310333252
-0.277755737
0.254592896
0.0146789551
-0.0228271484
0.0244140625
0.00653076172
-0.00671386719
0.0130462646
-0.0124816895
-0.0153961182
-0.0175018311
0.0199737549
-0.0120849609
-0.000747680664
0.0173187256
0.0113067627
0.00587463379
-0.00337219238
0.00881958008
0.00746154785
-0.015838623
-0.00765991211
-0.000534057617
-0.00805664062
0.01612854
0.00273132324
-0.0126190186
0.00212097168
-0.0184631348
0.0181121826
0.00241088867
-0.0237426758
-0.0109863281
-0.0143585205
0.00253295898
-0.0013885498
-0.00234985352
0.00321960449
0.000762939453
0.000961303711
0.00274658203
0.00215148926
-0.0114898682
-0.0037689209
0.00135803223
0.00573730469
-0.00032043457
0.0032043457
0.00982666016
-0.000625610352
0.0215454102
0.0131225586
-0.0023651123
0.0119018555
0.0140686035
-0.0260620117
0.0125274658
0.00437927246
-0.0204772949
-0.0026550293
-0.000900268555
-0.00302124023
-0.00411987305
0.00738525391
0.000183105469
0.00318908691
-0.000732421875
-0.0069732666
-0.0141601562
-0.0145568848
-0.00288391113
-0.0172424316
0.0231018066
0.00495910645
-0.0170593262
-0.0239868164
-0.00500488281
0.00389099121
-0.0238800049
-0.0206604004
-0.0261993408
0.0130004883
-0.00169372559
0.00953674316
-0.000564575195
0.00169372559
-0.00178527832
-0.00381469727
0.00207519531
-0.000305175781
-0.00471496582
0.000305175781
0.00335693359
0.00146484375
0.00462341309
0.00396728516
-0.00506591797
-0.00570678711
