0.31930542
0.0767974854
-0.0967102051
0.147720337
0.143371582
-0.302474976
0.399429321
0.0860748291
0.0475006104
0.431915283
-0.156143188
0.139755249
0.0700683594
0.44367981
-0.0546417236
0.141662598
0.582901001
-0.574935913
-0.22869873
0.692337036
0.279647827
-0.408035278
-0.0626373291
-0.626525879
-0.682983398
-0.682922363
0.193069458
-0.382583618
-0.451126099
0.690185547
-0.184158325
-0.51713562
0
0
0
0
0
0
0
0
0
0
0
0
0
0
0
0
0.13822937
0.118789673
0.282028198
0.126983643
0.287597656
-0.0311431885
-0.0388183594
0.486862183
-0.115997314
0.0179443359
-0.0462799072
-0.0458679199
0.0628814697
0.145599365
-0.206100464
0.45123291
0
0
0
0
0
0
0
0
0
0
0
0
0
0
0
0
0
0
0
0
0
0
0
0
0
0
0
0
0
0
0
0
0.0478210449
-0.0861206055
-0.0547027588
-0.00119018555
0.0847625732
0.0103759766
-0.129684448
-0.0919952393
0.0170288086
-0.024597168
0.0812072754
-0.070098877
0.0626983643
0.146575928
0.0231018066
0.10736084
0.220947266
0.0970306396
0.0709991455
-0.154342651
0.0788421631
-0.0717315674
-0.00744628906
0.0436859131
-0.0227050781
-0.00286865234
0.182510376
-0.0869293213
-0.0659484863
0.131134033
-0.0468292236
0.205551147
0.0300750732
-0.0306549072
-0.208694458
0.0526123047
0.045211792
-0.164733887
0.0993499756
-0.010055542
0.0274810791
-0.0942230225
-0.0877532959
-0.0112762451
0.0924530029
0.0589294434
-0.0601196289
-0.0852813721
0
0
0
0
0
0
0
0
0
0
0
0
0
0
0
0
