-0.130126953
-0.15071106
0.353530884
-0.150283813
0.195053101
-0.169647217
-0.308547974
0.190643311
0.00914001465
-0.520584106
0.150787354
-0.122253418
-0.437545776
-0.492492676
-0.146377563
0.149459839
0
0
0
0
0
0
0
0
0
0
0
0
0
0
0
0
0
0
0
0
0
0
0
0
0
0
0
0
0
0
0
0
0.22958374
-0.148132324
-0.196380615
0.260421753
-0.145248413
0.0839385986
0.20300293
0.135406494
0.0763092041
0.391571045
0.358688354
0.0699005127
-0.13961792
-0.183486938
0.198272705
-0.295272827
0
0
0
0
0
0
0
0
0
0
0
0
0
0
0
0
0
0
0
0
0
0
0
0
0
0
0
0
0
0
0
0
0
0
0
0
0
0
0
0
0
0
0
0
0
0
0
0
0
0
0
0
0
0
0
0
0
0
0
0
0
0
0
0
-0.682678223
0.603668213
0.117340088
0.19303894
-0.578964233
0.235809326
-0.31854248
0.722625732
-0.64050293
0.273178101
-0.00190734863
0.758453369
0.377868652
-0.33366394
0.199584961
0.495697021
-0.0292663574
-0.0918426514
0.0113677979
0.00262451172
-0.041015625
0.00187683105
0.0376281738
-0.0156555176
1.52587891e-05
-0.0337982178
0.0279083252
-0.000473022461
-0.0153198242
0.047454834
0.0691986084
-0.0166320801
