-0.129379272
-0.107040405
-0.0489807129
-0.0163116455
-0.035446167
0.00871276855
0.0867614746
-0.0788574219
0.0520324707
0.0173797607
0.0968322754
0.244491577
0.0423278809
-0.0863952637
-0.0241088867
0.0840759277
-0.173629761
0.148910522
-0.00210571289
-0.205444336
-0.229660034
0.143463135
0.352828979
0.265563965
0.27041626
0.383377075
-0.227203369
0.174514771
0.380386353
-0.220123291
0.0230407715
-0.364700317
0
0
0
0
0
0
0
0
0
0
0
0
0
0
0
0
0
0
0
0
0
0
0
0
0
0
0
0
0
0
0
0
0
0
0
0
0
0
0
0
0
0
0
0
0
0
0
0
-0.106933594
-0.00840759277
-0.0207061768
0.00250244141
0.102432251
-0.0771179199
-0.101318359
-9.15527344e-05
-0.0565948486
0.0102233887
0.0824279785
-0.049697876
-0.14553833
-0.146865845
0.0665893555
-0.160903931
0
0
0
0
0
0
0
0
0
0
0
0
0
0
0
0
0.0892333984
0.00442504883
-0.0210876465
0.108764648
0.0140228271
0.0293121338
0.0430297852
-0.0680236816
-0.0945739746
0.0618133545
-0.049697876
-0.092086792
-0.0859375
0.114990234
0.00187683105
0.00663757324
-0.109069824
0.0700683594
-0.0777740479
-0.10005188
-0.092880249
-0.192840576
0.132659912
0.0331268311
-0.104370117
-0.0873565674
-0.150146484
0.0398254395
-0.15486145
-0.0591888428
-0.0152740479
0.0254974365
0
0
0
0
0
0
0
0
0
0
0
0
0
0
0
0
