0
0
0
0
0
0
0
0
0
0
0
0
0
0
0
0
0.107818604
-0.0818786621
-0.0901947021
0.139083862
0.0966186523
-0.100692749
-0.0210418701
-0.129928589
-0.138900757
0.0997924805
0.0865783691
-0.0146484375
-0.088760376
0.156738281
0.0238037109
0.152374268
0
0
0
0
0
0
0
0
0
0
0
0
0
0
0
0
-0.570373535
0.803085327
1.1254425
-0.734298706
1.03335571
-1.00669861
-0.94367981
0.708648682
-0.88041687
-0.668899536
-0.816864014
-0.852661133
0.931884766
0.912384033
-0.765960693
1.0534668
0
0
0
0
0
0
0
0
0
0
0
0
0
0
0
0
-0.00338745117
-0.168518066
0.252731323
0.113571167
-0.198226929
0.246337891
-0.119232178
0.161071777
0.263717651
-0.236541748
0.158996582
-0.116882324
0.128936768
0.27986145
0.195083618
0.386505127
0
0
0
0
0
0
0
0
0
0
0
0
0
0
0
0
0
0
0
0
0
0
0
0
0
0
0
0
0
0
0
0
0
0
0
0
0
0
0
0
0
0
0
0
0
0
0
0
0
0
0
0
0
0
0
0
0
0
0
0
0
0
0
0
