0
0
0
0
0
0
0
0
0
0
0
0
0
0
0
0
0
0
0
0
0
0
0
0
0
0
0
0
0
0
0
0
0
0
0
0
0
0
0
0
0
0
0
0
0
0
0
0
0.318069458
-0.0550689697
-0.125946045
-0.203781128
-0.0832214355
0.0612640381
0.135650635
-0.251098633
0.0891571045
-0.11088562
0.0145568848
0.0763092041
-0.133514404
-0.1146698
-0.0641479492
-0.0150604248
0
0
0
0
0
0
0
0
0
0
0
0
0
0
0
0
0.167892456
0.340042114
0.173812866
-0.43321228
0.0913543701
-0.139663696
-0.0619506836
-0.239746094
-0.235366821
0.154846191
-0.361160278
0.378295898
-0.369171143
-0.134063721
-0.272567749
-0.288543701
0
0
0
0
0
0
0
0
0
0
0
0
0
0
0
0
0
0
0
0
0
0
0
0
0
0
0
0
0
0
0
0
0
0
0
0
0
0
0
0
0
0
0
0
0
0
0
0
0
0
0
0
0
0
0
0
0
0
0
0
0
0
0
0
