0
0
0
0
0
0
0
0
0
0
0
0
0
0
0
0
0
0
0
0
0
0
0
0
0
0
0
0
0
0
0
0
0
0
0
0
0
0
0
0
0
0
0
0
0
0
0
0
0
0
0
0
0
0
0
0
0
0
0
0
0
0
0
0
1.24229431
0.102294922
1.22053528
0.244598389
0.300521851
1.18972778
-1.0635376
-0.654067993
-1.08222961
1.27127075
-0.242538452
1.44039917
0.00271606445
-0.973083496
0.144577026
0.341033936
0
0
0
0
0
0
0
0
0
0
0
0
0
0
0
0
0
0
0
0
0
0
0
0
0
0
0
0
0
0
0
0
0
0
0
0
0
0
0
0
0
0
0
0
0
0
0
0
0
0
0
0
0
0
0
0
0
0
0
0
0
0
0
0
0.208969116
0.14251709
-0.344436646
0.285339355
-0.202194214
-0.367858887
-0.208526611
-0.394927979
-0.290206909
0.216827393
-0.128890991
0.380935669
0.269989014
0.0528106689
-0.135437012
-0.404891968
