0.00129699707
0.000534057617
-0.000854492188
0.000137329102
-0.00146484375
0.0015411377
0.000381469727
0.00247192383
0.00221252441
0.00128173828
0.0016784668
-0.000305175781
0.000961303711
0.000473022461
0.00160217285
-0.000213623047
-0.00367736816
0.00503540039
-0.00352478027
-0.000930786133
-0.00288391113
0.00221252441
-0.000915527344
0.000671386719
0.00205993652
0.00224304199
0.00137329102
-0.00166320801
0.00675964355
-0.00140380859
-0.00692749023
-0.0020904541
-0.344970703
-0.178146362
-0.328872681
-0.0741119385
-0.0441741943
-0.322799683
0.304794312
-0.0456695557
-0.363510132
-0.301544189
-0.207580566
-0.184310913
0.0146484375
-0.0867462158
0.209106445
0.321685791
0.000518798828
0.00956726074
0.00375366211
0.00328063965
-0.0094909668
-0.00801086426
0.0093536377
0.00283813477
0.00665283203
0.000869750977
-0.00425720215
0.00123596191
0.00128173828
0.00646972656
-0.000518798828
0.00137329102
0.00622558594
0.0110473633
0.00685119629
-0.0089263916
0.00848388672
0.00602722168
-0.00016784668
-0.00244140625
-0.00492858887
0.0124969482
0.00559997559
0.00625610352
-0.0121917725
0.00392150879
0.000305175781
0.00305175781
-0.0036315918
-0.000595092773
-0.000442504883
-0.00602722168
-0.00190734863
0.00283813477
-0.0036315918
0.00302124023
0.00016784668
0.000335693359
-0.00032043457
0.00213623047
-0.00457763672
-0.00967407227
-0.00259399414
-0.00161743164
-0.000595092773
-0.00285339355
0.0138244629
-0.00148010254
0.00117492676
0.00370788574
-0.00469970703
-1.52587891e-05
0.00357055664
-0.00402832031
0.00541687012
0.0100250244
0.00775146484
0.00421142578
0.000610351562
0.00355529785
0.00108337402
0.00985717773
-0.00471496582
-0.00254821777
0.00827026367
-0.000595092773
0.00923156738
0.00158691406
-0.00614929199
-0.00273132324
-0.00477600098
-0.0144805908
-0.00366210938
0.0155181885
0.00457763672
0.00650024414
0.00048828125
-0.00758361816
-0.00553894043
0.00128173828
0.00907897949
0.00659179688
-0.00593566895
0.00213623047
-0.00016784668
0.00924682617
0.00141906738
0.00961303711
0.00201416016
0.00428771973
0.00297546387
-0.00567626953
0.012008667
-0.00477600098
-0.000228881836
0.000518798828
0.0046081543
0.00814819336
-0.00234985352
0.00593566895
0.00790405273
-0.000198364258
-0.00617980957
-0.00399780273
-0.0020904541
-0.00103759766
0.00862121582
0.00527954102
