0.115081787
0.136657715
-0.108963013
0.0540924072
-0.227783203
0.0690155029
0.0713653564
0.0317382812
-0.0770721436
0.169509888
-0.233169556
-0.235626221
0.0806884766
0.096282959
0.025604248
-0.0962371826
0.314178467
-0.254638672
-0.217315674
0.478118896
-0.377502441
-0.357543945
-0.12979126
-0.512664795
-0.435073853
0.399871826
0.418914795
0.0303955078
0.222320557
0.416213989
0.0484924316
-0.0827026367
0
0
0
0
0
0
0
0
0
0
0
0
0
0
0
0
0
0
0
0
0
0
0
0
0
0
0
0
0
0
0
0
0
0
0
0
0
0
0
0
0
0
0
0
0
0
0
0
0.0146789551
-0.0635528564
-0.0838012695
0.0792541504
0.0328369141
0.0659942627
0.1509552
0.0386962891
0.0171051025
-0.0196075439
0.0846099854
-0.09425354
0.160690308
-0.079284668
0.044708252
0.0934143066
0
0
0
0
0
0
0
0
0
0
0
0
0
0
0
0
0
0
0
0
0
0
0
0
0
0
0
0
0
0
0
0
-0.151031494
0.17074585
0.130111694
0.110610962
-0.181137085
0.037322998
-0.0637664795
0.14175415
-0.182723999
0.158691406
0.126449585
0.0927276611
0.0661621094
-0.193313599
0.100128174
0.180450439
0.0234985352
-0.195297241
0.0435333252
-0.028137207
0.0983276367
0.0300140381
0.0458679199
0.00730895996
0.0402526855
-0.0616149902
-0.201034546
-0.0220184326
-0.087890625
-0.166305542
0.0840606689
0.0889587402
