0.00106811523
-0.00221252441
0.00187683105
-0.00270080566
0.00718688965
0.00694274902
-0.00234985352
-0.00791931152
-0.00439453125
-0.00703430176
0.00468444824
0.00715637207
-1.52587891e-05
-0.0036315918
0.0018157959
0.00375366211
0.00755310059
0.00102233887
-0.0216674805
0.0134429932
-0.00115966797
-0.00625610352
0.00149536133
-0.0118713379
-0.0145874023
0.0170135498
-0.00511169434
-0.00624084473
0.00788879395
0.0145263672
0.00587463379
0.00503540039
-0.000534057617
-0.00253295898
0.00207519531
0.00596618652
-0.00834655762
-0.00184631348
0.00666809082
0.00825500488
0.00016784668
0.00614929199
9.15527344e-05
0.00444030762
0.00184631348
-0.00778198242
-0.00750732422
-0.00169372559
-0.00947570801
-0.00520324707
-0.00120544434
0.0146942139
0.00910949707
-0.00805664062
-0.00425720215
0.00877380371
-0.0162963867
0.00621032715
-0.00700378418
-0.00309753418
0.00569152832
-0.00250244141
-0.00389099121
0.00375366211
0.000701904297
-0.0110931396
-0.000640869141
0.00631713867
-0.00471496582
-0.000427246094
-0.00398254395
4.57763672e-05
0.00578308105
-0.00605773926
0.00250244141
-0.00134277344
0.00868225098
-0.00291442871
0.00169372559
0.00631713867
0.0036315918
0.00810241699
0.010055542
-0.0094909668
0.00187683105
0.00233459473
0.00839233398
-0.00770568848
-0.00149536133
0.00428771973
-0.00302124023
0.00263977051
0.00978088379
0.00462341309
-0.00923156738
0.00596618652
0.0011138916
-0.00187683105
-0.00405883789
-0.00444030762
0.00466918945
-0.00361633301
-0.000152587891
-0.0016784668
0.00267028809
0.00175476074
-0.00135803223
0.0093536377
-0.00924682617
-0.000564575195
0.00604248047
-0.00189208984
-0.267425537
-0.260513306
0.130844116
-0.202682495
-0.270935059
0.242141724
-0.26701355
-0.26612854
-0.0787811279
0.288650513
-0.139038086
0.295928955
0.215255737
-0.29119873
-0.175888062
-0.226379395
-0.00463867188
-0.0009765625
-0.0089263916
-0.00239562988
0.00155639648
-0.0106201172
0.000244140625
0.00175476074
0.00122070312
-0.0111846924
-0.00547790527
0.00471496582
0.0027923584
0.00260925293
0.00378417969
-0.00422668457
-0.00476074219
-0.00202941895
-0.00535583496
-0.00065612793
-0.0011138916
0.00325012207
-0.00212097168
0.00495910645
0.00671386719
6.10351562e-05
0.00115966797
-0.000106811523
-0.0009765625
0.00311279297
-0.00476074219
-0.00486755371
