1.52587891e-05
-0.00701904297
0.00799560547
-0.00328063965
0.00442504883
0.00538635254
0.00155639648
0.00759887695
0.00361633301
-0.00456237793
0.00875854492
0.0243835449
-0.00596618652
-0.00297546387
0.00854492188
0.0146331787
0.00765991211
0.00173950195
-0.0157928467
0.0220031738
0.0050201416
-0.00738525391
-0.00604248047
-0.0211181641
-0.0201263428
0.00689697266
-0.00944519043
-0.00120544434
0.012008667
0.0219116211
0.0123596191
-0.0198364258
-0.00523376465
-0.00668334961
0.0187835693
-0.0107574463
-0.00155639648
0.00491333008
0.00701904297
0.00997924805
0.00924682617
0.00660705566
-0.00802612305
0.0188903809
-0.00772094727
-0.0260314941
-0.0127868652
-0.00482177734
-0.285690308
0.220291138
0.334381104
-0.233123779
0.220230103
-0.19039917
-0.191497803
0.146347046
-0.223800659
-0.258102417
-0.234008789
-0.208618164
0.205596924
0.254638672
-0.222702026
0.275314331
9.15527344e-05
0.00262451172
0.000732421875
-0.00636291504
-0.000473022461
0.00134277344
0.00300598145
-0.00189208984
0.00148010254
0.00126647949
0.00065612793
-0.00314331055
0.00148010254
0.000701904297
0.000717163086
0.00247192383
0.000778198242
-0.00523376465
0.000793457031
0.00843811035
0.0156555176
-0.0171661377
0.0150146484
-0.0176239014
-0.0153961182
0.0032043457
-0.00254821777
-0.0144348145
-0.0171203613
-0.026473999
-0.00791931152
-0.0264434814
0.00137329102
-0.000869750977
-0.00305175781
-0.00109863281
0.00161743164
0.00224304199
0.000366210938
0.00308227539
0.00106811523
-0.00230407715
-0.00387573242
-0.00390625
-0.00262451172
0.000930786133
0.00782775879
-0.00309753418
0.0263671875
0.0278320312
0.0030670166
0.00350952148
0.012298584
-0.0117034912
0.0140991211
0.0201568604
-0.0205535889
-0.0182189941
0.0173339844
-0.0316162109
-0.0100097656
0.0221862793
0.0101776123
-0.00543212891
0.00856018066
0.00137329102
0.00579833984
0.0129241943
0.00109863281
0.00172424316
-0.0107269287
-0.00927734375
-0.00598144531
0.0106048584
0.00576782227
-0.00946044922
0.00720214844
-0.0168762207
-0.00532531738
0.0105285645
0.00344848633
0.00695800781
0.00567626953
-0.00534057617
0.000366210938
0.0057220459
0.00688171387
-0.00799560547
-0.00415039062
-0.00227355957
-0.0044708252
-0.000946044922
-0.00170898438
0.00914001465
0.00184631348
0.0043182373
