-0.000503540039
-0.00637817383
0.00221252441
0.00164794922
-0.0075378418
-0.0128936768
-0.00196838379
-0.00566101074
-0.000946044922
0.01121521
-0.0106201172
-0.0162506104
-0.0023651123
0.0144348145
-0.0140838623
0.000823974609
0.000686645508
0.00210571289
-0.00434875488
0.00305175781
0.00524902344
0.00108337402
-0.00704956055
-0.00202941895
-0.00486755371
0.00231933594
0.00048828125
-0.00286865234
-0.000930786133
0.00283813477
0.00933837891
0.00329589844
0.0332336426
0.0143280029
0.0343322754
0.0330657959
-0.00300598145
0.0336303711
-0.0243988037
0.0110778809
0.0360565186
0.0268554688
0.040725708
-0.00621032715
0.0184936523
-0.0118255615
0.0377197266
-0.0194702148
0.0178375244
-0.0174255371
0.00358581543
-0.00286865234
-0.00955200195
0.0112457275
0.00102233887
-0.0032043457
0.00700378418
0.00193786621
0.00814819336
0.00468444824
-0.00959777832
-0.0224304199
0.0229644775
-0.01171875
-0.27897644
-0.166854858
-0.244155884
-0.00843811035
-0.169250488
-0.296859741
0.230270386
0.225616455
0.314102173
-0.290405273
-0.0485687256
-0.303344727
0.122299194
0.291824341
-0.0271453857
-0.213058472
0.00746154785
0.00109863281
-0.0148162842
-0.00598144531
0.00183105469
-0.00856018066
-0.00183105469
-0.00912475586
-0.0115966797
0.00523376465
-0.00289916992
-0.000610351562
0.0187072754
-0.0121307373
-0.0118103027
-0.00238037109
0.00645446777
0.00750732422
-0.0165100098
0.0044708252
-0.0066986084
0.00421142578
0.0106658936
-0.000854492188
0.015335083
-0.0170898438
-0.00379943848
0.0307769775
0.0103607178
-0.0118865967
-0.0126647949
-0.0131988525
-0.00617980957
-0.00398254395
0.0030670166
-0.00184631348
-3.05175781e-05
-0.00970458984
-0.00158691406
0.00723266602
0.00180053711
-0.000854492188
-9.15527344e-05
0.00218200684
0.00677490234
-0.00425720215
-0.00144958496
-0.0115203857
-0.0264434814
0.0166625977
0.0252075195
0.0343170166
-0.00593566895
-0.0114440918
-0.0524139404
0.0504302979
-0.0287780762
0.0171966553
0.0293426514
0.0458374023
0.0191192627
-0.0290527344
0.0090637207
0.0216674805
-0.00196838379
0.0163879395
-0.0152587891
0.00300598145
-7.62939453e-05
-0.0131378174
-4.57763672e-05
-0.00228881836
-0.00454711914
0.00939941406
0.0370941162
0.013961792
0.000259399414
0.0300750732
0.00300598145
-0.0147094727
