-0.00137329102
0.00549316406
-0.0214080811
-0.00598144531
-0.0165252686
-0.0194702148
0.00648498535
-0.00160217285
-0.0186920166
0.0015411377
-0.0128631592
0.0149536133
-0.00131225586
-0.0239715576
0.0116271973
0.0085144043
-0.290969849
0.325332642
0.135223389
-0.33795166
-0.00326538086
0.263946533
-0.121322632
0.327301025
0.352325439
0.0853881836
-0.0598144531
0.152236938
0.247680664
-0.356796265
-0.0351409912
0.0446777344
0.0117950439
-0.00253295898
0.0325775146
0.00968933105
0.0294494629
0.0183410645
-0.0235443115
0.0183563232
0.00556945801
0.0206298828
-0.000579833984
0.0232696533
-0.00424194336
-0.0288543701
-0.00218200684
-0.0294647217
-0.00752258301
0.001953125
-0.00889587402
-0.00346374512
-0.000717163086
-0.00238037109
0.00508117676
0.00854492188
-0.00817871094
-0.000579833984
0.00382995605
-0.00758361816
-0.00668334961
0.00479125977
-0.00152587891
-0.0105285645
-0.00355529785
0.00144958496
-0.000564575195
-0.00816345215
-0.00708007812
-0.000610351562
0.010635376
6.10351562e-05
-0.000930786133
0.00576782227
-0.00453186035
-0.0147399902
0.00921630859
0.0102539062
0.0172729492
0.00126647949
-0.00576782227
0.000869750977
0.0047454834
0.00509643555
0.0118103027
-0.00486755371
0.0115661621
0.00817871094
0.0085144043
0.00682067871
-0.00692749023
-0.00607299805
-0.000457763672
0.0170288086
-0.00415039062
-0.018737793
0.00595092773
-0.00198364258
0.00463867188
-0.00198364258
-0.00491333008
0.00703430176
0.00291442871
0.00355529785
-0.00245666504
-0.00608825684
0.00717163086
0.00129699707
-0.00276184082
0.00221252441
-0.00968933105
-0.0016784668
0.000396728516
0.00486755371
0.00732421875
-0.0072479248
0.00643920898
-0.00158691406
0.00332641602
0.00668334961
-0.0134735107
-0.00436401367
-0.00169372559
-0.0062713623
0.00459289551
0.00411987305
0.000701904297
-0.00372314453
0.032043457
-0.0125427246
0.0266723633
0.0288085938
0.0416412354
0.0547637939
-0.0450134277
-0.0505371094
0.0641479492
0.0187835693
0.0442962646
-0.053817749
0.00149536133
0.0345458984
0.00927734375
-0.034942627
0.0054473877
-0.0016784668
-0.000213623047
0.00238037109
0.0026550293
0.00569152832
0.00234985352
-0.000778198242
0.00691223145
-0.0057220459
-0.00048828125
-0.0018157959
-0.0025177002
0.000946044922
0.00277709961
-0.00115966797
