-0.00457763672
-0.005859375
-0.0055847168
0.00419616699
0.0104675293
0.00917053223
0.00288391113
0.00332641602
-0.00616455078
0.0101470947
-0.00552368164
0.000335693359
0.0163116455
0.0147399902
-0.00302124023
0.00588989258
0.000198364258
0.00129699707
-0.00413513184
-0.000259399414
-0.0112915039
-0.00257873535
0.0115356445
-0.000335693359
0.000579833984
0.0108642578
0
-0.00732421875
0.0100097656
-9.15527344e-05
-0.00886535645
0.00492858887
0.0121307373
0.0122680664
-0.00564575195
0.011138916
-0.00553894043
0.00328063965
-0.0120697021
-0.00215148926
0.00996398926
0.00476074219
0.00492858887
0.0116882324
-0.0108184814
-0.0149688721
-0.00338745117
0.000518798828
-0.00706481934
0.00172424316
0.0127258301
-0.000396728516
-0.00845336914
0.00309753418
-0.00428771973
-0.00119018555
-0.000762939453
-0.00263977051
-0.00537109375
-0.0018157959
0.00471496582
-0.00495910645
4.57763672e-05
-0.00140380859
0.00218200684
0.00506591797
-0.00262451172
-0.00999450684
-0.00814819336
0.00492858887
0
0.0137023926
0.00392150879
0.00440979004
0.0121765137
0.0103149414
-0.00160217285
-0.0122375488
-0.00256347656
0.00103759766
0.00770568848
0.00202941895
0.00373840332
-0.00364685059
-0.000198364258
-0.00202941895
0.00161743164
-0.0093536377
0.00173950195
0.00717163086
0.00352478027
0.0121002197
-0.00616455078
0.00482177734
-0.00660705566
-0.00016784668
-0.1690979
0.279296875
-0.0262145996
0.312240601
-0.21434021
-0.185653687
0.296325684
0.281585693
-0.0705566406
0.174697876
-0.43270874
-0.0293121338
0.0319519043
-0.351989746
0.112243652
-0.277099609
-0.0126647949
-0.0047454834
-0.00451660156
-0.00689697266
-0.00361633301
0.0212402344
-0.00541687012
0.00451660156
0.00755310059
-0.00798034668
-0.00219726562
0.00344848633
-0.00338745117
-0.00918579102
0.00382995605
0.00102233887
0.00540161133
-0.00706481934
0.00186157227
-0.0012512207
0.00575256348
-0.000274658203
0.00497436523
-0.00245666504
4.57763672e-05
0.00576782227
-0.00964355469
0.00666809082
0.00480651855
0.00746154785
0.0026550293
-0.00604248047
-0.00517272949
-0.0122070312
-0.00311279297
-0.000213623047
0.00845336914
-0.00483703613
-0.00103759766
-0.00550842285
-0.00354003906
0.00228881836
0.00933837891
0.00344848633
-1.52587891e-05
-0.0047454834
0.00126647949
-0.00314331055
