0.000686645508
-0.000564575195
0.00354003906
0.00283813477
0.00914001465
0.00959777832
-0.00114440918
-0.00842285156
-0.00646972656
0.00187683105
-0.000366210938
-0.00343322754
-0.00155639648
0.00299072266
-0.0030670166
-0.00132751465
0.0242156982
-0.0185394287
-0.0260009766
0.0402679443
-0.00651550293
-0.0249633789
0.010848999
-0.0412902832
-0.0377960205
0.000259399414
-0.00552368164
-0.00503540039
0.00323486328
0.0435180664
0.0135650635
-0.0191802979
0.00688171387
-0.012878418
0.00894165039
-0.000717163086
-0.00256347656
-0.000366210938
-0.00848388672
-0.00706481934
0.00535583496
-0.0100402832
-0.00424194336
0.00813293457
0.00903320312
-0.0103759766
-0.0155181885
-0.00190734863
0.0023651123
-0.0112915039
-0.0142669678
0.00662231445
-0.0189208984
0.0166625977
-0.00619506836
-0.0290374756
0.00782775879
-0.000534057617
0.0112915039
-0.00588989258
-0.023223877
-0.0180206299
0.00941467285
-0.00250244141
0.00616455078
-0.00857543945
-0.00579833984
0.0037689209
-0.0165100098
0.0143737793
-0.00204467773
-0.00340270996
-0.0138397217
0.00936889648
-0.0202484131
0.00161743164
0.000885009766
-0.0222015381
0.00192260742
-0.00732421875
0.00480651855
-0.00735473633
0.0096282959
0.00381469727
-0.00276184082
0.000686645508
0.0108184814
0.000579833984
-0.00451660156
-0.00758361816
-0.00379943848
0.00561523438
0.00297546387
-0.0013885498
-0.00448608398
0.000259399414
0.0200958252
-0.0023651123
0.0417327881
-0.0239715576
0.00817871094
-0.0144348145
-0.0144805908
-0.0179138184
0.0214691162
0.0110626221
0.0212554932
0.011428833
0.0121307373
0.00123596191
-0.0259094238
-0.00326538086
-0.287368774
-0.321075439
0.0536346436
-0.123275757
-0.259979248
0.212738037
-0.283935547
-0.19203186
0.105377197
0.259246826
-0.143310547
0.352493286
0.0812225342
-0.354446411
-0.170379639
-0.259124756
-0.0483551025
0.0487060547
0.0260467529
0.0182952881
-0.0362548828
0.00610351562
-0.0151977539
0.0480804443
-0.0367279053
0.00137329102
0.0255432129
0.0370635986
0.00903320312
-0.0344390869
0.00634765625
0.0279388428
-0.0121307373
-0.031539917
0.00828552246
-0.00659179688
0.0114135742
0.00860595703
0.012878418
0.00553894043
0.0158081055
-0.0107879639
0.00205993652
-0.011932373
-0.013961792
0.00927734375
0.0114898682
0.0101623535
