-0.0124053955
-0.0111541748
0.0077667236
0.0013732910
0.0151824951
-0.0043334961
-0.0045776367
0.0101318359
-0.0066070557
0.0018768311
-0.0053405762
0.0051879883
0.0004119873
0.0036621094
0.0178375244
0.0092620850
-0.3095245361
0.3391418457
0.1054382324
-0.3335571289
-0.0014495850
0.2616271973
-0.1278839111
0.3177032471
0.3478851318
-0.0971832275
0.0921325684
0.0270233154
0.1526947021
-0.3533935547
-0.1448059082
-0.0340576172
0.0008850098
-0.0139770508
-0.0093383789
0.0054321289
0.0037536621
-0.0005187988
0.0000152588
-0.0040740967
0.0103454590
0.0008239746
-0.0010223389
-0.0182495117
0.0094604492
0.0145874023
-0.0017242432
0.0019378662
-0.0057830811
0.0035400391
0.0093688965
-0.0172729492
0.0113677979
0.0037231445
-0.0042419434
-0.0016784668
-0.0083770752
-0.0149383545
0.0093078613
-0.0086212158
-0.0035400391
-0.0090484619
-0.0099792480
-0.0031433105
0.0079498291
0.0196228027
0.0149841309
-0.0014038086
-0.0105590820
0.0058593750
-0.0121002197
-0.0017547607
0.0021972656
0.0099487305
-0.0072631836
0.0189208984
-0.0010070801
-0.0071105957
0.0051116943
0.0092620850
0.0049438477
0.0093231201
0.0005187988
-0.0082092285
0.0048828125
-0.0035552979
0.0051727295
-0.0122680664
-0.0085754395
0.0175018311
-0.0126647949
-0.0045318604
-0.0084075928
-0.0008850098
-0.0077819824
-0.0074920654
0.0035705566
-0.0095520020
0.0159759521
-0.0178680420
0.0036468506
0.0118255615
-0.0207977295
-0.0128936768
0.0318603516
-0.0001678467
0.0326080322
0.0029449463
0.0080413818
0.0176391602
-0.0203094482
0.0196075439
-0.0045928955
-0.0007934570
-0.0023040771
-0.0011444092
0.0037231445
0.0030975342
-0.0054321289
0.0060729980
-0.0018768311
-0.0003814697
0.0075988770
0.0038452148
-0.0024414062
-0.0042572021
0.0075531006
-0.0068969727
-0.0288085938
0.0122680664
-0.0197143555
0.0086975098
-0.0098876953
-0.0027770996
-0.0072631836
0.0281677246
-0.0178833008
-0.0098876953
0.0085906982
0.0358276367
-0.0024871826
-0.0087738037
0.0096893311
0.0119323730
-0.0014953613
-0.0238494873
0.0041046143
0.0019073486
-0.0092163086
0.0099945068
0.0062408447
0.0039978027
0.0184173584
-0.0111999512
-0.0197296143
-0.0097045898
-0.0104827881
-0.0139923096
0.0290374756
0.0055694580
