-0.0040283203
0.0016632080
-0.0068054199
-0.0030059814
0.0063171387
0.0024871826
-0.0027923584
0.0009460449
-0.0004425049
-0.0017395020
-0.0047302246
0.0074615479
0.0098724365
0.0089874268
0.0086517334
-0.0076599121
-0.0033111572
0.0006866455
0.0005950928
-0.0027770996
-0.0010528564
0.0018615723
0.0021057129
0.0036468506
0.0041809082
0.0050659180
0.0041046143
-0.0021362305
0.0021667480
-0.0022430420
-0.0009918213
-0.0010070801
-0.0155639648
-0.0037841797
-0.0081634521
-0.0004425049
0.0193481445
-0.0056457520
0.0085449219
0.0017852783
-0.0001678467
-0.0015716553
-0.0014038086
-0.0037841797
-0.0028533936
-0.0146026611
0.0048675537
0.0046691895
0.0003356934
-0.0124969482
-0.0001831055
0.0027465820
0.0063476562
-0.0036315918
0.0045166016
0.0165863037
-0.0001525879
-0.0045013428
-0.0138702393
0.0048217773
-0.0011596680
0.0017395020
0.0097503662
0.0012512207
0.0084381104
-0.0008850098
0.0053253174
0.0067443848
0.0016937256
0.0039520264
-0.0039825439
0.0004882812
0.0057830811
0.0023651123
-0.0127716064
0.0090179443
0.0058135986
-0.0072021484
0.0013275146
0.0034790039
0.0005187988
0.0071411133
0.0038757324
-0.0024261475
0.0037994385
-0.0014343262
0.0003662109
-0.0139160156
0.0013275146
0.0016784668
0.0016937256
0.0072021484
0.0041046143
0.0005645752
-0.0004882812
0.0030517578
0.0080261230
0.0032501221
0.0088348389
0.0007019043
0.0000457764
0.0045928955
-0.0148315430
-0.0081481934
0.0106048584
0.0187835693
0.0155792236
0.0075073242
0.0038757324
0.0146636963
-0.0131072998
0.0167694092
0.0015258789
0.0234985352
-0.0116271973
0.0081329346
0.0179901123
-0.0093536377
0.0266418457
0.0144042969
-0.0055847168
-0.0278472900
-0.0018005371
-0.0139617920
0.0063323975
0.0181121826
0.0263214111
0.0166931152
-0.0003509521
-0.0043029785
-0.0085296631
-0.0094757080
0.0101470947
-0.0010681152
-0.0144348145
0.0069122314
0.0003662109
0.0079193115
0.0130310059
0.0097351074
0.0121459961
0.0009155273
-0.0056915283
-0.0034942627
0.2291107178
-0.0097045898
-0.2883453369
0.2859802246
-0.0614624023
-0.2870178223
-0.2677764893
-0.2804870605
-0.2576446533
0.2707366943
-0.1673583984
0.2997741699
0.2737884521
-0.0416564941
-0.0093841553
-0.3017883301
