0.0050659180
0.0047912598
-0.0003509521
0.0068359375
0.0052642822
0.0304565430
0.0077819824
-0.0055694580
0.0018005371
0.0155029297
-0.0007019043
0.0006256104
0.0026245117
0.0124359131
-0.0003051758
-0.0059204102
0.0026397705
-0.0055084229
-0.0038452148
0.0019073486
-0.0132141113
-0.0046844482
0.0025939941
-0.0012512207
-0.0015411377
-0.0031890869
0.0114898682
-0.0089111328
-0.0047760010
0.0022430420
-0.0012817383
-0.0068817139
-0.0041961670
-0.0012969971
-0.0023345947
0.0000610352
-0.0063171387
-0.0001373291
-0.0032806396
-0.0006713867
0.0108032227
0.0018157959
0.0025787354
0.0151214600
0.0013885498
-0.0082702637
0.0035247803
0.0069122314
-0.0035858154
-0.0126800537
-0.0080718994
0.0479278564
-0.0137939453
-0.0216217041
0.0056762695
-0.0149536133
0.0081481934
0.0140533447
-0.0184631348
0.0116882324
-0.0054321289
-0.0231323242
-0.0034484863
0.0048065186
-0.0159301758
-0.0029449463
-0.0160827637
0.0114898682
-0.0025939941
-0.0163116455
0.0033569336
0.0146789551
0.0091400146
-0.0242919922
0.0013580322
-0.0066528320
0.0040740967
0.0003967285
-0.0020141602
0.0091705322
-0.0005187988
-0.0042114258
0.0034027100
0.0071105957
0.0047149658
0.0003356934
0.0030212402
0.0041046143
0.0006408691
-0.0003662109
0.0016784668
0.0104217529
0.0096130371
0.0005035400
-0.0049896240
0.0070037842
0.0021820068
0.0028381348
0.0049285889
-0.0003662109
0.0051269531
-0.0035858154
-0.0108337402
-0.0074157715
0.0001983643
0.0043640137
0.0017242432
0.0044708252
0.0085449219
0.0001068115
-0.0067138672
0.0019073486
-0.0062103271
-0.0081329346
-0.0009002686
0.0068054199
-0.0083312988
0.0159301758
-0.0099029541
-0.0080718994
-0.0034637451
0.0070495605
-0.0088043213
0.0036468506
-0.0031890869
-0.0061950684
-0.0005798340
0.0020294189
-0.3149108887
0.2728424072
0.0452728271
0.0671081543
-0.2711639404
0.0481872559
-0.2596740723
0.3386230469
-0.2944335938
0.2273101807
0.1544952393
0.3335571289
0.1935424805
-0.2016448975
0.1905975342
0.2731018066
0.0083160400
-0.0002899170
-0.0075988770
-0.0003356934
-0.0044555664
-0.0000305176
-0.0030059814
0.0004882812
0.0046997070
-0.0027313232
-0.0031280518
0.0004425049
-0.0061187744
-0.0090179443
-0.0013732910
0.0033569336
