0.0002441406
-0.0012359619
-0.0044555664
-0.0043640137
0.0175628662
-0.0018005371
-0.0037078857
0.0047760010
-0.0046081543
0.0009765625
0.0039062500
0.0000457764
-0.0007476807
-0.0006561279
0.0045776367
0.0051574707
0.0011444092
-0.0028839111
0.0009918213
0.0028228760
0.0022583008
-0.0024871826
0.0050811768
-0.0024719238
-0.0026550293
-0.0029602051
-0.0007019043
0.0001831055
-0.0023803711
0.0031585693
0.0098876953
-0.0099334717
0.0051269531
0.0039367676
0.0287628174
-0.0133819580
-0.0021209717
0.0059356689
0.0057678223
0.0035858154
0.0095367432
0.0137634277
-0.0152740479
0.0123901367
0.0008392334
-0.0038604736
-0.0116271973
-0.0078125000
-0.2301330566
0.1804504395
0.3392333984
-0.2097625732
0.2348632812
-0.2336120605
-0.2606811523
0.0957336426
-0.2007904053
-0.2568206787
-0.2726287842
-0.1628417969
0.2131042480
0.2272338867
-0.2455444336
0.3001403809
-0.0007019043
0.0054016113
-0.0016326904
-0.0075378418
0.0025177002
-0.0009613037
0.0028076172
-0.0054016113
0.0033111572
-0.0017852783
-0.0022888184
-0.0049591064
0.0011901855
-0.0005493164
-0.0050506592
0.0014953613
0.0003814697
-0.0101013184
-0.0198516846
0.0112762451
0.0144348145
-0.0237426758
0.0099639893
-0.0059967041
0.0041046143
0.0016021729
-0.0021514893
0.0179443359
0.0120086670
-0.0175781250
-0.0202026367
-0.0316314697
-0.0004882812
-0.0032501221
-0.0042724609
-0.0008239746
0.0031890869
0.0017852783
-0.0014953613
-0.0035400391
-0.0028076172
-0.0050964355
0.0014953613
0.0021514893
-0.0016174316
0.0039215088
0.0036926270
-0.0028991699
0.0015411377
0.0075836182
0.0005798340
0.0010223389
0.0047454834
-0.0036315918
0.0027313232
0.0043029785
-0.0066070557
-0.0057067871
0.0018310547
-0.0012359619
-0.0003051758
-0.0004577637
-0.0022583008
0.0012969971
-0.0059204102
0.0028839111
0.0074920654
0.0029602051
-0.0011596680
-0.0018310547
-0.0015411377
0.0060882568
0.0014953613
-0.0027160645
-0.0042266846
0.0006561279
0.0057373047
0.0065765381
0.0049133301
-0.0051269531
-0.0028228760
-0.0008392334
0.0062408447
-0.0031738281
0.0080566406
0.0048370361
0.0036163330
-0.0010375977
0.0031738281
-0.0030975342
-0.0114746094
-0.0042266846
-0.0054016113
-0.0023040771
-0.0050659180
0.0061492920
