0.0105438232
-0.0018310547
-0.0020141602
0.0034790039
-0.0066528320
0.0036010742
0.0056610107
-0.0089569092
-0.0102996826
0.0082702637
0.0096130371
0.0027008057
0.0014343262
0.0038909912
0.0140991211
0.0021667480
0.0100708008
0.0015716553
-0.0348358154
0.0198211670
0.0011291504
-0.0134124756
-0.0082092285
-0.0160369873
-0.0151519775
0.0040740967
-0.0100250244
-0.0297546387
0.0200958252
0.0222930908
-0.0114898682
-0.0104675293
-0.0102691650
0.0022583008
-0.0100708008
0.0027008057
-0.0038757324
-0.0021514893
0.0104827881
-0.0024261475
0.0125274658
0.0015716553
0.0086212158
0.0052185059
0.0024108887
-0.0244140625
0.0043029785
0.0095062256
-0.0100708008
-0.0083618164
0.0008850098
0.0055999756
0.0087738037
-0.0056457520
-0.0004119873
-0.0005035400
-0.0026702881
-0.0062103271
-0.0219726562
-0.0054016113
0.0128936768
-0.0155334473
-0.0017242432
0.0066833496
0.0061645508
-0.0168151855
0.0048522949
0.0388336182
-0.0142059326
0.0007476807
-0.0105895996
-0.0071868896
-0.0070648193
0.0020751953
-0.0386810303
0.0036315918
-0.0017089844
-0.0015716553
0.0029296875
-0.0004730225
0.0033721924
0.0031890869
0.0004119873
0.0065307617
-0.0009307861
-0.0005645752
-0.0028991699
-0.0072479248
0.0033264160
-0.0078277588
-0.0036773682
0.0153350830
0.0196228027
0.0132141113
-0.0068969727
0.0144500732
-0.0068206787
0.0027313232
-0.0081634521
-0.0023345947
0.0034942627
-0.0067443848
-0.0068359375
-0.0099182129
0.0130615234
0.0083007812
0.0079956055
0.0084533691
-0.0002441406
0.0035858154
-0.0107574463
0.0092926025
-0.2841186523
-0.2713470459
0.0681457520
-0.1540679932
-0.2760467529
0.3372497559
-0.2596435547
-0.2993469238
-0.0024871826
0.2833709717
-0.1457214355
0.2915496826
0.1385498047
-0.2818298340
-0.1636505127
-0.1654815674
-0.0102996826
0.0018920898
0.0152435303
-0.0029602051
0.0023040771
0.0092468262
0.0073089600
0.0094604492
-0.0077056885
0.0057678223
0.0062255859
0.0196228027
0.0084533691
0.0014801025
0.0115814209
-0.0018920898
-0.0057678223
-0.0104370117
-0.0108184814
-0.0027465820
-0.0049591064
0.0046691895
-0.0024261475
0.0070495605
0.0146636963
-0.0044555664
0.0032958984
-0.0005493164
-0.0073242188
0.0020751953
0.0013427734
-0.0054168701
