-0.0011291504
-0.0029754639
-0.0082244873
0.0019073486
0.0009155273
-0.0077209473
0.0053558350
0.0078735352
-0.0089416504
-0.0024108887
0.0035705566
0.0103149414
0.0100097656
-0.0015411377
0.0185852051
0.0026245117
0.0102539062
-0.0061187744
-0.0231170654
0.0146789551
0.0094757080
-0.0117950439
-0.0031280518
-0.0121307373
-0.0123138428
0.0139160156
0.0036468506
-0.0263977051
0.0041961670
0.0150756836
0.0022277832
0.0029907227
0.0098266602
0.0038452148
0.0021362305
0.0085144043
0.0128326416
0.0001678467
-0.0017089844
-0.0024261475
0.0169219971
0.0050659180
-0.0027465820
-0.0028076172
0.0063934326
-0.0089874268
0.0011444092
-0.0003356934
0.0073852539
-0.0074768066
-0.0043334961
0.0121154785
-0.0039215088
-0.0001831055
0.0094757080
0.0086669922
0.0073699951
0.0105438232
0.0036926270
-0.0002746582
0.0004119873
-0.0065307617
0.0113372803
-0.0086212158
0.0017547607
0.0109558105
0.0026702881
-0.0118408203
-0.0021820068
0.0010986328
-0.0013427734
0.0012817383
0.0039672852
0.0039367676
-0.0004730225
0.0034942627
0.0000305176
0.0017547607
0.0033111572
0.0016174316
0.0230865479
0.0282592773
-0.0195770264
-0.0303344727
0.0290222168
-0.0253143311
0.0352172852
-0.0114440918
-0.0056152344
-0.0053253174
-0.0064697266
0.0279846191
-0.0269012451
-0.0241546631
-0.0195922852
-0.0554962158
0.0211944580
-0.0172882080
-0.0078887939
-0.0234069824
0.0199127197
0.0207977295
-0.0335083008
-0.0204010010
0.0172424316
0.0033264160
0.0161437988
0.0184173584
-0.0165100098
0.0200042725
-0.0039672852
0.0273132324
-0.0017242432
0.0047454834
-0.0079498291
-0.0014038086
0.0103912354
-0.0088653564
0.0084838867
-0.0024871826
0.0015258789
0.0027465820
0.0095062256
0.0025634766
-0.0013275146
0.0055847168
0.0047912598
-0.0005493164
0.0087432861
-0.0006713867
0.0055847168
-0.0258026123
0.0061798096
0.0078430176
-0.0118103027
-0.0072021484
0.0139465332
-0.0014648438
0.0091857910
-0.0125885010
0.0104522705
0.0054473877
-0.0121917725
-0.0113220215
0.2009735107
-0.0460662842
-0.2575531006
0.3042449951
-0.0136413574
-0.3110809326
-0.2693023682
-0.2699127197
-0.2696533203
0.2867279053
-0.1419067383
0.3175506592
0.2993469238
0.0419769287
-0.0014953613
-0.3217163086
