-0.0192413330
0.0045471191
-0.0124206543
-0.0009918213
0.0209503174
-0.0041656494
-0.0173034668
0.0177764893
-0.0199890137
-0.0322418213
-0.0124511719
0.0050964355
0.0180816650
-0.0210418701
-0.0112457275
-0.0230712891
-0.0043640137
0.0088348389
-0.0012054443
-0.0056762695
0.0019531250
0.0059204102
-0.0013885498
0.0056915283
0.0034790039
0.0055084229
-0.0126953125
0.0060119629
0.0050659180
-0.0039062500
0.0168457031
0.0034027100
0.0004119873
-0.0061340332
0.0015411377
0.0077362061
0.0108184814
-0.0018615723
-0.0020599365
0.0044860840
-0.0042572021
0.0076446533
-0.0076751709
0.0109558105
-0.0004730225
-0.0144805908
-0.0036468506
-0.0056152344
-0.0959930420
0.0651092529
0.0585784912
-0.0778045654
0.0818939209
-0.0596008301
-0.0429687500
0.0562286377
-0.0402069092
-0.0371704102
-0.0289001465
-0.1074676514
0.0701904297
0.0958251953
-0.0265808105
0.0430145264
0.0035858154
0.0375061035
-0.0101470947
0.0030670166
0.0070190430
0.0102844238
0.0185394287
-0.0086669922
-0.0052490234
0.0151672363
-0.0012054443
-0.0107727051
-0.0049591064
-0.0191802979
0.0175170898
0.0179595947
0.0196838379
-0.0380859375
0.0012207031
0.0103759766
0.0000762939
0.0091247559
-0.0053100586
-0.0010528564
0.0196075439
-0.0138702393
0.0349273682
-0.0131530762
0.0183410645
0.0022888184
0.0054473877
0.0175476074
0.0128784180
0.0006103516
-0.0090942383
-0.0020294189
-0.0027160645
0.0001220703
-0.0062255859
0.0014953613
-0.0088043213
-0.0027923584
0.0171203613
0.0004577637
0.0103607178
0.0120086670
-0.0036468506
-0.0045318604
-0.0542449951
-0.1524658203
0.1599426270
-0.0308990479
-0.1601562500
0.1060028076
-0.1872100830
-0.1858215332
-0.0521545410
0.2044372559
-0.0021667480
0.1335144043
0.1002197266
-0.1361236572
-0.1318664551
-0.1109161377
-0.0028991699
-0.0013885498
-0.0231170654
-0.0135650635
-0.0010833740
-0.0074768066
0.0099487305
0.0035095215
-0.0106353760
-0.0120544434
-0.0142822266
0.0098266602
-0.0053863525
-0.0166473389
0.0014801025
0.0032806396
-0.0005950928
0.0012664795
0.0232696533
-0.0075988770
0.0038757324
0.0069427490
0.0013122559
0.0165405273
0.0011901855
-0.0039520264
-0.0346221924
-0.0114440918
-0.0030670166
-0.0096893311
0.0132141113
0.0199737549
