-0.0009002686
-0.0001525879
-0.0055847168
-0.0001831055
0.0110473633
-0.0018920898
0.0007171631
0.0083007812
-0.0034790039
-0.0062866211
0.0003051758
0.0097045898
0.0070343018
0.0010223389
0.0005035400
-0.0034179688
0.0038604736
-0.0053558350
0.0018920898
0.0063629150
0.0126647949
-0.0016632080
0.0052185059
-0.0056457520
-0.0051879883
-0.0000915527
-0.0018615723
0.0003967285
0.0003967285
0.0060882568
0.0031738281
-0.0126647949
-0.0014801025
-0.0039978027
-0.0025939941
-0.0022277832
0.0102386475
-0.0043029785
-0.0025634766
0.0043029785
0.0075836182
-0.0014801025
-0.0119934082
0.0078125000
-0.0046234131
-0.0130615234
-0.0027160645
0.0045166016
0.0089721680
-0.0029602051
-0.0081176758
-0.0011291504
0.0010223389
-0.0102844238
0.0100097656
0.0031280518
-0.0007934570
0.0001373291
-0.0064697266
0.0018310547
0.0005340576
0.0044250488
0.0038909912
-0.0010986328
-0.3048553467
-0.0397949219
-0.2955780029
-0.0313262939
-0.0578460693
-0.3073730469
0.3246459961
0.3175811768
0.3424987793
-0.3047180176
-0.0566711426
-0.2810668945
0.0066986084
0.2766418457
0.0715484619
-0.0363922119
-0.0068359375
0.0014495850
-0.0042266846
0.0016174316
0.0024261475
0.0024108887
0.0100708008
0.0111541748
0.0061340332
-0.0135803223
-0.0026397705
0.0048828125
0.0082397461
-0.0111846924
0.0069122314
-0.0031890869
0.0063934326
-0.0029602051
-0.0017242432
-0.0019683838
-0.0027923584
0.0053710938
-0.0021820068
0.0042419434
0.0091552734
0.0043945312
-0.0101470947
0.0076446533
0.0056457520
-0.0020446777
-0.0095367432
0.0075836182
0.0096130371
0.0189819336
-0.0099334717
0.0326690674
0.0196075439
-0.0093688965
0.0240173340
0.0051269531
-0.0129241943
-0.0206604004
0.0181732178
-0.0096282959
-0.0037689209
0.0124664307
0.0076141357
0.0142974854
0.0008544922
0.0000000000
-0.0007629395
0.0030212402
0.0062103271
0.0069732666
-0.0167694092
0.0024871826
0.0004119873
0.0005035400
0.0078125000
-0.0009307861
0.0123748779
-0.0086212158
0.0015716553
-0.0007629395
0.0033721924
-0.0062255859
-0.0049285889
-0.0091094971
-0.0048065186
0.0017700195
0.0032043457
0.0046234131
0.0034790039
-0.0046844482
-0.0018615723
-0.0012207031
-0.0069274902
0.0137023926
-0.0120849609
-0.0003204346
