0.0156555176
0.0082550049
-0.0081939697
0.0021972656
-0.0065002441
-0.0035095215
0.0019989014
0.0267944336
-0.0103302002
0.0146484375
-0.0076599121
-0.0019836426
-0.0032196045
0.0085601807
-0.0075073242
0.0002441406
0.0071716309
0.0020904541
-0.0159759521
0.0093231201
-0.0185852051
-0.0092315674
0.0093536377
-0.0121154785
-0.0073547363
-0.0077056885
-0.0101318359
-0.0045318604
0.0169982910
0.0088500977
-0.0176849365
-0.0093231201
-0.3534240723
-0.1698303223
-0.3195953369
-0.0610656738
-0.0459594727
-0.2884521484
0.3462829590
-0.0154113770
-0.3611907959
-0.2598419189
-0.3291320801
-0.1138305664
-0.0214080811
-0.0662078857
0.1799468994
0.3121795654
0.0101623535
-0.0073852539
-0.0149230957
0.0199584961
-0.0233459473
0.0158386230
0.0050811768
-0.0118865967
0.0115051270
0.0200958252
0.0174865723
0.0127105713
-0.0180511475
0.0116271973
0.0213012695
-0.0138092041
0.0013885498
0.0371551514
0.0036773682
0.0045013428
-0.0011596680
0.0034942627
0.0068817139
0.0070953369
0.0014495850
0.0099029541
0.0236053467
0.0086975098
-0.0084991455
0.0031280518
-0.0129852295
0.0052185059
-0.0013732910
0.0011901855
0.0027618408
-0.0097503662
-0.0053558350
-0.0002136230
-0.0080261230
0.0046997070
-0.0019226074
-0.0018615723
-0.0019989014
0.0039672852
-0.0124816895
-0.0089569092
-0.0013732910
-0.0111846924
-0.0031585693
-0.0048980713
0.0037231445
-0.0046386719
0.0016937256
0.0094146729
-0.0066223145
0.0017242432
-0.0085601807
0.0045928955
-0.0007324219
0.0056915283
0.0016174316
0.0091857910
0.0035552979
0.0046081543
0.0202636719
0.0064544678
0.0191955566
0.0152282715
0.0065460205
-0.0087585449
-0.0018768311
0.0142669678
0.0043945312
-0.0185089111
0.0048980713
-0.0045013428
-0.0002441406
0.0026855469
-0.0019226074
0.0119476318
-0.0120086670
0.0163574219
0.0187377930
0.0140228271
-0.0172424316
0.0053710938
0.0120086670
0.0123748779
-0.0082550049
0.0028686523
0.0154266357
0.0054168701
0.0022583008
-0.0031433105
0.0017242432
0.0121002197
0.0184326172
-0.0062408447
0.0187835693
0.0156250000
0.0070953369
0.0199890137
-0.0184326172
0.0189819336
0.0057830811
0.0080718994
-0.0279998779
-0.0179595947
0.0180969238
-0.0287628174
0.0150299072
0.0156097412
