0.0032806396
-0.0079040527
-0.0016174316
-0.0061340332
-0.0053405762
-0.0084228516
0.0002593994
-0.0007781982
0.0069732666
-0.0003051758
0.0136260986
-0.0058898926
0.0022277832
-0.0012664795
-0.0071411133
0.0069274902
0.0050048828
0.0010681152
-0.0085296631
0.0088958740
-0.0124969482
-0.0037994385
-0.0018920898
-0.0087585449
-0.0089111328
-0.0016021729
-0.0051269531
0.0014190674
0.0088806152
0.0084533691
-0.0102233887
-0.0088653564
-0.0146484375
-0.0016479492
-0.0083465576
-0.0442047119
-0.0234375000
0.0147552490
0.0028076172
0.0106048584
0.0292053223
0.0013122559
-0.0167236328
-0.0056610107
-0.0001068115
0.0018310547
-0.0104522705
0.0061798096
0.0149993896
-0.0058898926
0.0011138916
0.0397186279
-0.0180358887
0.0041198730
0.0024566650
-0.0064239502
0.0006103516
0.0074005127
-0.0033874512
0.0281677246
-0.0062561035
-0.0126342773
0.0210876465
0.0033264160
0.0068359375
0.0010986328
0.0083618164
0.0111694336
-0.0063781738
0.0066528320
0.0065612793
-0.0026550293
-0.0005187988
0.0140991211
-0.0092315674
-0.0031127930
0.0192718506
0.0016784668
-0.0105285645
-0.0021514893
-0.0078277588
0.0102539062
-0.0081481934
-0.0008697510
0.0021514893
0.0062866211
-0.0137176514
0.0036773682
-0.0033569336
-0.0034942627
-0.0099639893
0.0044403076
-0.0154266357
0.0236968994
-0.0057678223
0.0044097900
-0.0030517578
-0.0229797363
0.0064239502
-0.0137634277
0.0116729736
0.0203552246
-0.0099334717
-0.0088958740
0.0217285156
-0.0195617676
-0.0000610352
0.0159606934
-0.0260467529
0.0138092041
0.0056457520
0.0151977539
-0.3074798584
-0.3235015869
0.1397399902
-0.1940765381
-0.2647552490
0.2121429443
-0.2849426270
-0.2061614990
0.0737762451
0.2780914307
-0.1597290039
0.3026580811
0.1810302734
-0.3010101318
-0.1795654297
-0.2293548584
-0.0198516846
0.0018768311
-0.0011291504
-0.0124511719
0.0018463135
-0.0166931152
-0.0099182129
0.0289001465
-0.0035247803
0.0021667480
0.0102691650
0.0275115967
0.0044250488
0.0015869141
0.0194549561
-0.0041503906
0.0033416748
-0.0054168701
0.0027465820
-0.0069274902
0.0099487305
0.0133666992
0.0037231445
0.0109710693
0.0154418945
-0.0097808838
0.0075531006
-0.0107574463
-0.0123748779
-0.0094451904
0.0044860840
0.0108947754
