0.0012512207
-0.00140380859
0.00473022461
-0.00856018066
0.015335083
-0.010848999
-0.00439453125
-0.0030670166
0.00276184082
-0.00184631348
-0.00108337402
-0.00788879395
-0.00387573242
-0.00396728516
0.01121521
7.62939453e-05
0.00941467285
-0.0114746094
0.000274658203
0.00827026367
0.0118865967
-0.00564575195
-0.00602722168
-0.00500488281
-0.00819396973
-0.00482177734
-0.00148010254
-0.00158691406
-0.015411377
0.00863647461
0.00921630859
0.00971984863
0.00321960449
-0.00831604004
0.00340270996
0.00407409668
0.0142974854
0.00688171387
-0.000366210938
-0.0307312012
0.0131988525
-0.0089263916
-0.00581359863
-0.0266723633
0.0273742676
-0.00103759766
0.0224761963
0.00646972656
-0.0186004639
-0.00970458984
0.0179138184
-0.00862121582
0.0212097168
-0.022857666
-0.0225372314
0.00531005859
-0.0272064209
-0.0161743164
-0.0142211914
-0.0111236572
0.0101318359
-0.000671386719
-0.00671386719
0.00453186035
-0.292785645
-0.0671539307
-0.276412964
-0.0653381348
-0.0907592773
-0.301132202
0.330322266
0.303771973
0.340621948
-0.279830933
-0.0847320557
-0.288986206
0.101867676
0.287963867
-0.0121765137
-0.17199707
0.00016784668
-0.0185699463
-0.0164794922
0.0176696777
0.00354003906
0.0114593506
-0.00857543945
0.015914917
0.0173187256
-0.0363922119
0.0180511475
0.00689697266
0.0116577148
0.00563049316
0.0184631348
0.0210571289
0.0080871582
0.00193786621
-0.00506591797
0.00155639648
-0.00120544434
0.00517272949
-0.0036315918
-0.00108337402
-0.00701904297
0.00726318359
-0.00932312012
0.00370788574
-0.000244140625
-0.00442504883
0.000747680664
0.000625610352
0.00556945801
0.00859069824
0.000869750977
-0.00579833984
0.0154876709
-0.00326538086
0.00289916992
0.00744628906
-0.00733947754
-0.00421142578
0.00219726562
0.00253295898
-0.00347900391
0.000183105469
0.00294494629
0.000503540039
0.000961303711
-0.000793457031
-0.00910949707
-0.00048828125
0.00790405273
-0.00718688965
-0.00152587891
-0.00328063965
0.00756835938
-0.0119476318
0.00552368164
-6.10351562e-05
0.00700378418
0.00335693359
0.00621032715
-0.00354003906
-0.0121917725
-0.000915527344
-7.62939453e-05
-0.0090637207
-0.000289916992
0.0046081543
0.0117797852
-0.00422668457
0.0109710693
-0.0144195557
-0.0152130127
0
-0.0124359131
0.00547790527
-0.0051574707
-0.00686645508
