0.00225830078
0.000411987305
-0.0121459961
-0.00791931152
0.0100708008
0.0127716064
-0.000823974609
0.0111999512
0.00531005859
0.0177612305
0.00473022461
0.00263977051
0.010345459
0.0015411377
-0.00352478027
0.00158691406
-0.00500488281
0.00538635254
0.00256347656
-0.00619506836
-0.00762939453
0.00413513184
-0.000869750977
0.00715637207
0.00801086426
0.00555419922
0.000244140625
0.00321960449
0.0106506348
-0.00799560547
0.000244140625
-0.00611877441
0.0132904053
0.00157165527
0.0148010254
0.00468444824
-0.00942993164
0.00891113281
0.000900268555
-0.00578308105
0.00927734375
0.0166625977
0.0208587646
-0.00605773926
-0.00923156738
0.00141906738
0.00695800781
-0.0163879395
0.00382995605
0.00106811523
-0.00534057617
-0.0033416748
-0.0033416748
0.00267028809
0.00987243652
-0.0137939453
0.00105285645
-0.0030670166
-0.00112915039
0.00450134277
0.00868225098
-0.0027923584
0.000335693359
0.00450134277
-0.00506591797
0.0175323486
-0.00830078125
-0.0137023926
0.0205535889
-0.00296020508
0.00198364258
0.00831604004
0.0145568848
-0.0169067383
0.0370025635
0.0113372803
-0.0270233154
-0.00720214844
0.00247192383
0.0121612549
-0.00428771973
0.00340270996
0.00994873047
0.0076751709
0.00453186035
-0.00444030762
-0.00653076172
-0.000762939453
-0.00640869141
0.000595092773
0.0229187012
-0.00604248047
-0.0175170898
0.0139923096
0.0170593262
0.0128631592
0.0869445801
0.314529419
0.266220093
0.22819519
-0.259170532
-0.164138794
0.258773804
0.241226196
0.114028931
0.0502929688
-0.212371826
-0.0105743408
0.311080933
-0.328048706
-0.294525146
-0.314407349
-0.00198364258
0.00399780273
-0.00726318359
0.00570678711
0.00921630859
0.00869750977
0.00622558594
0.00126647949
0.00714111328
-0.00413513184
0.00592041016
0.00346374512
-0.009765625
0.000411987305
0.00956726074
0.00112915039
0.0190734863
-0.00590515137
0.00512695312
0.0299224854
0.0083770752
0.0113220215
0.0175628662
-0.0181884766
0.0110931396
0.00860595703
-0.00109863281
-0.0218200684
0.0164642334
0.0187988281
-0.0105438232
-0.00921630859
-0.020401001
-0.0174102783
0.018371582
-0.0185699463
-0.00602722168
0.0178375244
0.0135498047
0.0143737793
0.0168457031
-0.00999450684
-0.0223693848
-0.0160827637
-0.0176086426
-0.0209503174
0.0127258301
0.018951416
