-0.00770568848
-0.0141601562
0.00360107422
0.00163269043
0.0322265625
-0.0044708252
-0.0104980469
-0.0315246582
-0.0309753418
-0.00231933594
0.00274658203
-0.0341339111
0.0068359375
-0.00131225586
-0.00703430176
0.00196838379
-0.00407409668
0.00662231445
-0.00212097168
-0.000396728516
-0.00483703613
0.00357055664
-0.00131225586
0.00242614746
-0.000396728516
0.00254821777
-0.0133056641
0.00354003906
0.00845336914
-0.000350952148
0.00958251953
-0.00196838379
0.0176239014
0.012588501
0.0298156738
-0.0109710693
-0.00978088379
0.0290374756
-0.0227966309
0.00772094727
0.027130127
0.0118255615
0.00108337402
-0.00508117676
-0.00367736816
0.0166320801
-0.0365142822
-0.0217132568
0.0169525146
0.00750732422
-0.01512146
-0.0101623535
0.00451660156
0.0378417969
-0.000106811523
-0.0121459961
0.00335693359
0.00866699219
0.0248413086
0.0437316895
0.0233154297
0.0243682861
0.0161895752
0.00108337402
0.00549316406
0.0093536377
-0.000671386719
0.0127105713
-0.00608825684
0.00151062012
-0.000411987305
0.00668334961
-0.00723266602
0.00941467285
0.0265045166
0.00160217285
0.0491485596
-0.005859375
-0.0412139893
-0.00535583496
-0.0113525391
0.00314331055
0.00338745117
0.0050201416
0.0116119385
-0.00347900391
0.00602722168
0.00825500488
-0.00283813477
-0.00750732422
-0.00314331055
-0.00173950195
-0.0189208984
0.00315856934
0.00491333008
-0.0196533203
0.0114440918
0.000198364258
0.00257873535
-0.00453186035
-0.00106811523
-0.0101318359
0.00248718262
0.0016784668
0.0104064941
0.00180053711
-0.00387573242
0.00857543945
0.00114440918
-0.00802612305
0.0054473877
-0.00485229492
-0.283843994
-0.296096802
0.14239502
-0.159255981
-0.254776001
0.207138062
-0.258499146
-0.224380493
0.116363525
0.242553711
-0.171005249
0.343719482
0.186355591
-0.33770752
-0.220947266
-0.202438354
-0.0244903564
0.0186004639
-0.0191192627
-0.0178833008
-0.0198974609
-0.0103912354
-0.00309753418
0.0105743408
-0.00424194336
-0.00199890137
-0.0312194824
0.00549316406
-0.00648498535
0.0124664307
0.0172729492
-0.0018157959
-0.0126800537
0.01902771
0.0273590088
-0.00942993164
0.00688171387
0.0244445801
0.0117492676
0.0244598389
0.0239257812
-0.0200653076
-0.0136871338
-0.0286407471
-0.01171875
-0.00494384766
-0.0116271973
0.0196380615
