0.0025939941
0.0006256104
0.0046844482
0.0020751953
-0.0103759766
0.0102233887
-0.0025482178
-0.0004577637
0.0038757324
-0.0042877197
-0.0071105957
0.0045166016
0.0001525879
0.0128936768
-0.0112304688
-0.0033416748
-0.0012359619
-0.0060577393
0.0114746094
-0.0094299316
-0.0000762939
-0.0003967285
0.0068206787
0.0081481934
0.0083160400
-0.0149230957
0.0039825439
-0.0026855469
-0.0122222900
-0.0099334717
-0.0073089600
0.0010986328
-0.0088043213
0.0080261230
-0.0095062256
0.0068817139
0.0177307129
-0.0019989014
-0.0057373047
0.0043334961
-0.0057678223
-0.0061187744
0.0076599121
0.0222015381
0.0001220703
-0.0090484619
0.0233612061
0.0076904297
-0.0106201172
-0.0088043213
-0.0138854980
0.0285186768
0.0028533936
-0.0181427002
0.0137176514
-0.0021057129
-0.0108947754
0.0041351318
-0.0122222900
0.0070495605
0.0011138916
-0.0113220215
-0.0003967285
-0.0029907227
-0.0010681152
-0.0095977783
-0.0019226074
0.0056915283
-0.0040893555
0.0001831055
0.0005798340
0.0055694580
0.0005187988
-0.0012207031
-0.0063323975
-0.0028533936
0.0077514648
-0.0006256104
-0.0006561279
0.0004272461
0.0052795410
-0.0004425049
0.0204772949
0.0076446533
0.0105895996
0.0040283203
-0.0032196045
-0.0002136230
-0.0069274902
0.0148162842
-0.0055847168
0.0052490234
-0.0093994141
0.0301361084
-0.0028076172
0.0136108398
0.0014038086
0.0130157471
0.0306549072
-0.0104522705
-0.0025787354
0.0062103271
-0.0077056885
0.0096740723
0.0148010254
0.0207366943
0.0052795410
-0.0062408447
0.0150909424
0.0037078857
-0.0296173096
-0.0065307617
0.0013580322
0.0052337646
0.0081634521
-0.0024108887
-0.0029296875
-0.0009918213
0.0036315918
-0.0082397461
-0.0180969238
0.0029449463
0.0075531006
-0.0092773438
0.0135192871
0.0106658936
0.0034332275
0.0093994141
-0.3507537842
0.3303375244
0.0060424805
-0.0720672607
-0.4183349609
-0.0353851318
-0.0363464355
0.3427734375
-0.3391113281
-0.0045928955
-0.0795898438
0.2987213135
0.0196838379
-0.1522979736
0.0394439697
0.3290557861
-0.0000915527
-0.0008239746
0.0015106201
-0.0001983643
-0.0056152344
0.0029754639
-0.0022735596
0.0054931641
0.0025634766
0.0017700195
-0.0040588379
-0.0008544922
0.0012664795
0.0020141602
0.0061035156
0.0009155273
