0.0065155029
0.0026855469
-0.0023345947
-0.0053405762
-0.0043945312
-0.0021667480
-0.0035552979
0.0050659180
0.0034179688
-0.0051727295
-0.0015716553
0.0242767334
-0.0000762939
0.0139007568
0.0139007568
0.0015106201
-0.0008239746
0.0024871826
0.0077514648
-0.0045928955
0.0158996582
0.0052032471
-0.0134735107
0.0057983398
0.0028686523
-0.0038757324
-0.0076446533
-0.0013275146
-0.0060729980
-0.0055389404
0.0113830566
0.0096588135
-0.0024719238
0.0100250244
0.0023193359
0.0371093750
0.0399169922
-0.0156402588
0.0001831055
0.0058898926
-0.0003662109
0.0148773193
-0.0290985107
0.0155029297
0.0047607422
-0.0346221924
-0.0240936279
0.0012817383
-0.1688995361
0.1587677002
0.1784210205
-0.2661437988
0.2738952637
-0.2664642334
-0.2223358154
-0.0234527588
-0.2000579834
-0.2247009277
-0.2149505615
-0.2024841309
0.1952209473
0.2282867432
-0.2002410889
0.1961822510
0.0083312988
0.0064086914
0.0026702881
0.0182495117
-0.0006103516
0.0128021240
0.0099487305
0.0031890869
-0.0090484619
0.0201568604
-0.0323791504
0.0056915283
-0.0194091797
-0.0059356689
0.0114593506
0.0084381104
0.0066375732
0.0089111328
0.0163269043
-0.0002288818
0.0062713623
0.0122833252
0.0009918213
-0.0091247559
0.0241699219
-0.0209960938
0.0056762695
0.0149230957
0.0101318359
0.0125274658
0.0267028809
0.0124359131
-0.0041198730
-0.0102539062
-0.0078125000
-0.0028228760
-0.0049438477
0.0132751465
0.0010986328
0.0068054199
-0.0101776123
0.0031890869
-0.0053710938
0.0011901855
0.0119781494
0.0032196045
0.0029296875
0.0081329346
0.0114288330
0.0110015869
-0.0097808838
0.0201416016
0.0124511719
-0.0329437256
0.0076599121
0.0182647705
-0.0211334229
-0.0097198486
0.0222930908
-0.0037689209
-0.0011749268
0.0025634766
0.0223236084
-0.0086669922
-0.0364837646
0.0200500488
-0.0037384033
0.0058746338
-0.0234680176
0.0467071533
-0.0340728760
0.0356597900
-0.0197753906
0.0104064941
0.0292816162
0.0334472656
0.0212860107
-0.0297851562
0.0315704346
0.0218811035
-0.0052947998
-0.0144348145
-0.0021820068
-0.0033721924
-0.0009613037
0.0029754639
0.0081939697
-0.0043029785
0.0033569336
-0.0079803467
0.0056762695
-0.0019836426
-0.0064086914
0.0268402100
-0.0200500488
-0.0018615723
