0.0051116943
0.0088195801
-0.0115051270
0.0008544922
-0.0068817139
0.0096130371
-0.0010681152
-0.0122680664
-0.0061798096
0.0086364746
-0.0111541748
0.0082092285
0.0136871338
0.0144805908
-0.0052490234
-0.0100860596
0.0013427734
-0.0066680908
0.0098571777
-0.0017395020
-0.0000762939
0.0008239746
-0.0129547119
0.0015869141
-0.0005035400
-0.0175781250
0.0090942383
0.0028533936
-0.0187530518
-0.0016937256
0.0048675537
-0.0028228760
-0.0028991699
0.0070800781
0.0045318604
0.0047607422
-0.0017395020
0.0023040771
0.0002899170
0.0049285889
0.0127105713
0.0011138916
0.0013580322
0.0014648438
-0.0035400391
0.0039825439
0.0037078857
0.0074310303
-0.0173797607
0.0149078369
0.0119934082
-0.0135040283
0.0012664795
0.0234069824
-0.0037536621
-0.0157012939
0.0242767334
-0.0082550049
-0.0031890869
-0.0058898926
0.0301208496
0.0124664307
0.0105743408
-0.0040130615
-0.0106964111
-0.0271759033
-0.0279998779
0.0176239014
-0.0051574707
-0.0171966553
0.0017547607
0.0077972412
0.0176391602
-0.0313415527
-0.0005493164
-0.0120697021
0.0146026611
-0.0126647949
-0.0078735352
-0.0116119385
-0.1278686523
-0.2480468750
0.0504608154
0.2258911133
-0.2374114990
0.2313537598
-0.2123260498
0.1353302002
0.2588500977
-0.1811828613
0.3004760742
-0.2304382324
0.1297607422
0.2298126221
0.3240051270
0.4132995605
0.0030670166
0.0012054443
0.0007476807
-0.0032348633
-0.0042114258
-0.0004577637
0.0050048828
0.0069427490
-0.0034027100
-0.0013885498
-0.0004577637
-0.0006866455
0.0089263916
-0.0062255859
-0.0078735352
-0.0062561035
0.0045318604
0.0058898926
0.0025177002
-0.0044708252
0.0002136230
-0.0027008057
-0.0036621094
0.0090484619
0.0084991455
-0.0029907227
0.0088195801
-0.0156097412
-0.0068817139
0.0076751709
-0.0064086914
0.0051116943
0.0052032471
-0.0038757324
0.0086822510
-0.0034637451
0.0013427734
-0.0083923340
0.0165863037
-0.0050506592
0.0012054443
0.0115051270
-0.0081634521
0.0008544922
-0.0053558350
0.0050506592
0.0177459717
0.0009765625
-0.0002441406
0.0013427734
0.0059204102
0.0027313232
0.0015258789
0.0048522949
-0.0053405762
0.0081176758
0.0050964355
0.0019836426
-0.0081329346
-0.0039062500
0.0014648438
-0.0055084229
0.0028686523
0.0056915283
