-0.0027160645
0.0096130371
-0.0172271729
-0.0033874512
-0.0024871826
-0.0019531250
0.0019531250
-0.0122375488
-0.0066986084
0.0080566406
-0.0208282471
-0.0091552734
-0.0017852783
-0.0001831055
-0.0010223389
-0.0041351318
-0.0411071777
0.0422058105
0.0172119141
-0.0504913330
-0.0092926025
0.0338592529
-0.0247192383
0.0499420166
0.0475463867
-0.0153045654
-0.0098114014
-0.0029907227
0.0093841553
-0.0531158447
0.0034637451
0.0261993408
0.0023803711
0.0032653809
0.0045623779
-0.0018615723
0.0098724365
0.0076599121
-0.0013275146
0.0084991455
0.0053863525
0.0013885498
0.0039520264
-0.0155487061
0.0037536621
-0.0058593750
0.0252227783
0.0012817383
-0.0330657959
-0.0039520264
0.0136718750
0.0203399658
-0.0018615723
0.0066986084
-0.0043792725
0.0120697021
-0.0132141113
0.0113372803
0.0076599121
0.0059051514
0.0212707520
-0.0068664551
0.0139617920
-0.0097808838
-0.2524261475
0.0050048828
-0.2093811035
-0.0453338623
-0.0918273926
-0.2696838379
0.3058624268
0.2369537354
0.2749938965
-0.2209014893
-0.1224517822
-0.2813262939
0.1333923340
0.2807769775
0.0196533203
-0.1245422363
0.0153503418
-0.0043487549
-0.0270080566
0.0017852783
0.0040435791
-0.0166015625
0.0237274170
-0.0112609863
-0.0070800781
0.0198211670
0.0026855469
-0.0087280273
-0.0130920410
-0.0083770752
-0.0050506592
-0.0099639893
0.0573425293
0.0204620361
0.0402679443
0.0325469971
-0.0329437256
0.0407409668
0.0360870361
0.0261230469
-0.0166778564
-0.0271759033
-0.0557556152
-0.0053253174
-0.0146789551
-0.0422058105
-0.0543670654
-0.0240325928
0.0014038086
0.0142974854
-0.0007934570
-0.0074768066
0.0110321045
-0.0022125244
0.0063018799
0.0008850098
-0.0057220459
-0.0059509277
0.0028533936
-0.0029754639
0.0022583008
0.0064086914
0.0019226074
0.0104980469
-0.0227050781
0.0034484863
0.0210723877
-0.0135803223
-0.0014801025
0.0213775635
-0.0408630371
0.0313873291
-0.0105285645
-0.0075073242
0.0258331299
0.0284881592
-0.0082244873
-0.0070495605
0.0055847168
0.0108032227
0.0025329590
0.0032958984
-0.0013275146
0.0035552979
-0.0077972412
0.0039215088
0.0008850098
0.0030822754
0.0090942383
-0.0059051514
-0.0102996826
-0.0048065186
-0.0039978027
0.0039215088
0.0001831055
-0.0005798340
