-0.0207977295
-0.0137481689
0.0390167236
0.0114593506
0.0202789307
0.0278930664
-0.0149993896
-0.0209197998
-0.0071411133
-0.0257720947
-0.0029754639
-0.0014190674
-0.0172271729
-0.0098419189
-0.0172882080
0.0007476807
0.0001068115
0.0007629395
0.0017700195
-0.0012207031
-0.0035095215
0.0001220703
-0.0002746582
0.0002899170
0.0007934570
-0.0036010742
-0.0034484863
0.0018920898
0.0007934570
-0.0007629395
0.0030364990
0.0002593994
-0.0101318359
0.0108032227
-0.0188446045
-0.0218811035
-0.0137481689
0.0010986328
0.0022125244
0.0151672363
0.0299682617
0.0014801025
-0.0139160156
-0.0010223389
-0.0117645264
-0.0171813965
-0.0211944580
0.0160064697
0.0011138916
-0.0032348633
0.0007629395
0.0122833252
-0.0027008057
0.0076751709
0.0057373047
0.0109252930
0.0067291260
0.0056610107
-0.0031127930
0.0061798096
0.0038604736
-0.0019226074
0.0115814209
-0.0007629395
-0.0395202637
0.0350036621
-0.0598602295
0.0289611816
0.0718536377
-0.0603485107
0.0396270752
0.0560760498
0.0644531250
-0.0620269775
0.0013732910
-0.0098571777
0.0276947021
-0.0043487549
-0.0224456787
-0.0207977295
0.0392913818
0.0009613037
-0.0194244385
-0.0028533936
0.0023345947
-0.0325622559
0.0077819824
-0.0167694092
-0.0318908691
-0.0012207031
-0.0098571777
0.0183105469
-0.0267639160
-0.0195465088
-0.0316925049
-0.0400543213
0.0131225586
0.0083770752
0.0122070312
0.0072021484
-0.0081176758
-0.0088500977
0.0037231445
0.0095672607
-0.0102386475
0.0024414062
0.0049285889
0.0137023926
0.0174865723
-0.0013427734
-0.0008850098
-0.0072937012
0.0060424805
0.0206451416
-0.0168914795
-0.0050659180
0.0036010742
-0.0216369629
0.0130767822
0.0128173828
-0.0125579834
-0.0129547119
0.0214080811
-0.0232238770
0.0048980713
0.0168914795
0.0196075439
0.0019378662
-0.3093261719
0.3015136719
0.1161499023
0.1163635254
-0.3181915283
0.0863952637
-0.1757202148
0.3052825928
-0.2860260010
0.2708587646
0.2210998535
0.2625732422
0.1210021973
-0.2330322266
0.2203063965
0.3202972412
-0.0088653564
-0.0181732178
0.0444641113
-0.0292663574
-0.0213012695
0.0718078613
0.0130767822
0.0824737549
0.0737609863
-0.0413208008
-0.0157623291
-0.0694580078
-0.0433654785
-0.0244903564
0.0088500977
0.0677337646
