-0.2422332764
-0.2311553955
0.2689971924
-0.2256469727
0.2768554688
-0.1473236084
-0.2950897217
0.0469055176
0.1090393066
-0.3445892334
0.2340393066
0.0056457520
-0.2989349365
-0.2632446289
0.0450134277
0.2045135498
0.0000762939
0.0033416748
-0.0047607422
0.0018768311
-0.0048675537
-0.0005035400
-0.0004272461
-0.0016479492
-0.0010070801
-0.0003204346
-0.0034027100
-0.0020599365
0.0063171387
0.0017547607
-0.0003509521
-0.0098114014
-0.0097351074
-0.0161895752
-0.0362091064
-0.0032653809
0.0009155273
-0.0178527832
0.0311126709
0.0061187744
0.0102539062
0.0006713867
-0.0210266113
0.0104370117
0.0050811768
0.0092468262
-0.0084991455
0.0223236084
0.0120239258
0.0125122070
0.0002136230
-0.0160827637
0.0239257812
0.0075378418
-0.0003204346
0.0276184082
0.0046539307
0.0189666748
0.0261688232
-0.0003967285
0.0030822754
0.0198211670
-0.0096435547
0.0003509521
-0.0130004883
-0.0052795410
-0.0095672607
-0.0027160645
-0.0158386230
-0.0156097412
0.0013580322
0.0124816895
0.0172729492
-0.0203399658
0.0125122070
-0.0082855225
0.0195007324
0.0049896240
0.0009765625
0.0040893555
-0.0021514893
0.0110321045
-0.0291137695
-0.0066680908
-0.0074310303
-0.0028686523
0.0195007324
0.0086975098
0.0063629150
0.0105590820
-0.0124816895
0.0031127930
0.0233154297
-0.0025177002
-0.0160369873
-0.0099945068
-0.0007324219
0.0104827881
-0.0082550049
0.0075378418
-0.0022735596
-0.0007781982
-0.0088806152
0.0034637451
0.0046386719
0.0086212158
0.0122985840
-0.0027160645
0.0133666992
0.0087127686
-0.0021362305
-0.0038146973
0.0277099609
0.0032043457
0.0023040771
0.0369262695
0.0125427246
-0.0104522705
0.0075378418
-0.0217132568
0.0121765137
0.0155487061
0.0048522949
-0.0070343018
-0.0173187256
0.0200500488
0.0053710938
-0.0058441162
0.0036010742
0.0007019043
0.0079345703
0.0185546875
-0.0132141113
0.0029602051
0.0020599365
0.0048065186
-0.0175476074
0.0096435547
0.0160369873
0.0048370361
-0.0022735596
-0.0379943848
0.0028839111
0.0208435059
0.0143432617
-0.0179443359
0.0026550293
0.0168914795
-0.0011901855
0.0013732910
-0.0095062256
0.0063934326
0.0042724609
0.0002288818
-0.0082092285
-0.0097808838
0.0065917969
-0.0096282959
0.0236511230
0.0080718994
