-0.0025024414
-0.0014038086
0.0037536621
-0.0006866455
-0.0010986328
0.0028076172
0.0018768311
-0.0011749268
0.0050506592
-0.0044555664
-0.0006561279
0.0034179688
0.0021209717
0.0007324219
0.0027770996
-0.0007019043
-0.0119171143
0.0156555176
-0.0049896240
-0.0067443848
-0.0186462402
0.0073699951
0.0008087158
0.0044555664
0.0086822510
0.0054931641
0.0049591064
0.0074920654
0.0148162842
-0.0060729980
-0.0096740723
-0.0011138916
0.0024108887
-0.0068206787
-0.0019531250
-0.0027465820
-0.0031127930
0.0003509521
-0.0039672852
-0.0005798340
0.0065460205
0.0008850098
-0.0049285889
0.0012359619
-0.0040893555
0.0004882812
-0.0018768311
-0.0010223389
-0.0004577637
-0.0145874023
-0.0194244385
0.0117797852
0.0013122559
0.0125579834
0.0232086182
-0.0061492920
0.0162506104
0.0126037598
0.0081024170
0.0083770752
0.0111083984
-0.0115051270
0.0074615479
0.0128631592
0.0026397705
-0.0024414062
0.0054626465
-0.0035705566
-0.0096435547
0.0057678223
-0.0038909912
-0.0009765625
-0.0039367676
0.0050964355
0.0041198730
-0.0017395020
0.0152740479
-0.0007934570
-0.0009765625
0.0063629150
-0.1417388916
-0.0980224609
0.1995849609
0.0520935059
-0.1864624023
0.3158721924
-0.2807769775
0.0618133545
0.2752685547
-0.0104064941
0.2064666748
-0.2712402344
0.0689086914
0.2716827393
0.3507995605
0.4506072998
0.0002441406
0.0006561279
0.0033264160
-0.0019989014
0.0029296875
-0.0040740967
-0.0059509277
-0.0044860840
0.0059814453
0.0059051514
0.0086364746
0.0015716553
0.0037384033
0.0059967041
-0.0048980713
0.0034179688
0.0020141602
-0.0027618408
0.0038146973
0.0026702881
-0.0084381104
-0.0009613037
-0.0060729980
0.0021514893
0.0020599365
-0.0009460449
-0.0017852783
-0.0067901611
-0.0024414062
0.0019378662
-0.0054321289
0.0022583008
0.0028686523
-0.0087127686
0.0014648438
-0.0109558105
0.0099792480
0.0034942627
0.0164337158
-0.0034637451
0.0065917969
-0.0008392334
-0.0054168701
-0.0002593994
0.0012512207
0.0159606934
-0.0005035400
-0.0157470703
-0.0188140869
0.0055847168
-0.0169830322
-0.0002593994
-0.0185241699
-0.0340423584
-0.0067443848
-0.0163726807
-0.0213928223
0.0148010254
0.0075225830
0.0242919922
0.0055847168
-0.0054473877
-0.0118255615
-0.0175170898
