0.0059661865
0.0067596436
-0.0079498291
-0.0021362305
-0.0109710693
-0.0079803467
0.0023040771
0.0028381348
-0.0107727051
-0.0059051514
-0.0056762695
0.0148925781
-0.0044250488
-0.0123748779
0.0084686279
0.0016937256
-0.3009948730
0.3299407959
0.1124572754
-0.3395690918
0.0366973877
0.2625427246
-0.0661315918
0.3396606445
0.3505554199
0.1311187744
-0.1025085449
0.0896453857
0.2546386719
-0.3565826416
0.0150146484
0.0390777588
0.0049133301
-0.0029907227
0.0150604248
0.0076751709
0.0160522461
0.0051116943
-0.0048980713
0.0017089844
0.0032653809
0.0094146729
-0.0010986328
0.0069122314
0.0019226074
-0.0039520264
0.0052032471
-0.0099182129
-0.0047454834
-0.0046081543
-0.0063781738
-0.0003509521
0.0109100342
0.0025177002
-0.0041198730
0.0090484619
-0.0098419189
-0.0010986328
0.0108795166
0.0133972168
-0.0090637207
-0.0061645508
-0.0072174072
-0.0180969238
-0.0023040771
0.0087738037
-0.0032958984
-0.0043945312
0.0070037842
0.0001983643
0.0104827881
0.0022583008
-0.0009918213
0.0077514648
0.0051574707
-0.0077209473
0.0061645508
0.0072479248
0.0076751709
0.0041046143
0.0024566650
0.0036926270
-0.0014953613
-0.0017547607
0.0065765381
-0.0060729980
0.0075531006
-0.0036468506
0.0032043457
-0.0008850098
-0.0114440918
0.0011291504
-0.0063781738
-0.0010986328
-0.0010070801
-0.0224456787
-0.0009918213
0.0012969971
-0.0020904541
0.0065155029
-0.0082702637
0.0073699951
0.0012969971
0.0033569336
0.0109405518
-0.0054779053
-0.0038909912
0.0024261475
0.0142059326
-0.0040283203
-0.0067901611
-0.0030059814
0.0000305176
0.0035400391
-0.0020751953
0.0009460449
-0.0006256104
-0.0020751953
0.0008697510
0.0028991699
-0.0111846924
-0.0002593994
0.0005340576
-0.0041809082
0.0005493164
0.0009918213
0.0071411133
-0.0103912354
-0.0048065186
-0.0026397705
0.0121154785
-0.0012817383
0.0084533691
0.0055847168
0.0077972412
-0.0017547607
0.0094604492
-0.0173797607
-0.0021667480
-0.0015258789
-0.0131835938
0.0034790039
0.0077514648
-0.0122070312
0.0057830811
-0.0024566650
-0.0064544678
0.0093536377
-0.0128479004
0.0016326904
-0.0076446533
-0.0038604736
0.0012512207
0.0031585693
-0.0011749268
0.0014038086
0.0058898926
-0.0014190674
0.0007629395
-0.0040130615
