-0.000244140625
-0.00624084473
0.00199890137
0.00216674805
-0.00807189941
-0.0129241943
-0.00152587891
-0.00546264648
-0.00102233887
0.0119628906
-0.0111999512
-0.0165710449
-0.00192260742
0.01512146
-0.0144348145
0.000610351562
0.000579833984
0.00225830078
-0.00444030762
0.00297546387
0.00505065918
0.00112915039
-0.00691223145
-0.001953125
-0.00473022461
0.00242614746
0.000625610352
-0.00294494629
-0.000793457031
0.00273132324
0.00910949707
0.00343322754
0.0326385498
0.014175415
0.033782959
0.0325164795
-0.00317382812
0.0329742432
-0.0237579346
0.0109100342
0.0356903076
0.0263214111
0.040512085
-0.00651550293
0.0184020996
-0.0121307373
0.0373687744
-0.0188293457
0.0175323486
-0.0169830322
0.00382995605
-0.00300598145
-0.00910949707
0.0108642578
0.00065612793
-0.00343322754
0.00675964355
0.00163269043
0.00801086426
0.0044708252
-0.00918579102
-0.0221252441
0.022354126
-0.0114135742
-0.279067993
-0.166824341
-0.244216919
-0.00863647461
-0.169799805
-0.296890259
0.230422974
0.225692749
0.314376831
-0.290557861
-0.0489654541
-0.303527832
0.122497559
0.291702271
-0.0268859863
-0.212875366
0.00765991211
0.00129699707
-0.0152130127
-0.00611877441
0.00213623047
-0.00886535645
-0.0015411377
-0.00929260254
-0.0119781494
0.00537109375
-0.0030670166
-0.000534057617
0.0187988281
-0.0124969482
-0.0120544434
-0.00263977051
0.00680541992
0.00793457031
-0.0157775879
0.00463867188
-0.00721740723
0.00428771973
0.0111083984
-0.00032043457
0.015625
-0.0170898438
-0.0040435791
0.0308685303
0.0106811523
-0.0122528076
-0.0136108398
-0.0136413574
-0.00631713867
-0.00405883789
0.00309753418
-0.00178527832
-0.000274658203
-0.00955200195
-0.00163269043
0.00717163086
0.00193786621
-0.000900268555
-0.00048828125
0.00215148926
0.00694274902
-0.00433349609
-0.00144958496
-0.0115661621
-0.0263977051
0.0167388916
0.0253295898
0.03515625
-0.00579833984
-0.0114898682
-0.0537109375
0.0508117676
-0.0292053223
0.0184326172
0.0299835205
0.0462646484
0.0197601318
-0.0295715332
0.00930786133
0.021987915
-0.00152587891
0.0163574219
-0.0158233643
0.00337219238
-7.62939453e-05
-0.0135650635
-0.000411987305
-0.00273132324
-0.00485229492
0.009765625
0.0375213623
0.0144042969
0.00048828125
0.0304260254
0.00308227539
-0.0151519775
