-0.0069274902
0.0074005127
-0.0129089355
-0.0113372803
-0.0086517334
-0.0060577393
-0.0139007568
0.0030670166
-0.0033416748
-0.0310363770
-0.0022735596
0.0121002197
-0.0015411377
-0.0187530518
-0.0113525391
-0.0098571777
-0.2833099365
0.3122253418
0.0796966553
-0.3119354248
-0.0067749023
0.2404327393
0.0125274658
0.3147735596
0.3134765625
0.1785736084
-0.1067047119
0.0829620361
0.2344360352
-0.3218231201
0.0587463379
0.0685424805
0.0050659180
-0.0003662109
0.0111694336
0.0119018555
0.0172424316
0.0044555664
-0.0031280518
-0.0098876953
0.0013122559
0.0008239746
0.0011901855
0.0086669922
0.0024261475
0.0082550049
0.0095214844
-0.0029144287
0.0049285889
-0.0029907227
-0.0110015869
-0.0065917969
0.0078430176
-0.0048217773
-0.0016021729
0.0018005371
-0.0052642822
-0.0043792725
-0.0000152588
0.0048217773
-0.0042572021
0.0015106201
-0.0079803467
-0.0021209717
-0.0025177002
0.0013275146
-0.0029449463
-0.0070190430
-0.0055236816
0.0068664551
0.0105895996
0.0024871826
-0.0126190186
0.0149383545
0.0022735596
-0.0130920410
0.0148620605
0.0076751709
0.0114135742
0.0093536377
0.0051574707
-0.0059661865
0.0002288818
0.0062103271
0.0098114014
-0.0041961670
0.0012817383
0.0019531250
0.0027160645
-0.0084991455
0.0012512207
0.0008239746
-0.0067749023
0.0014801025
0.0035247803
-0.0138244629
-0.0031280518
-0.0018615723
-0.0112304688
0.0024566650
-0.0074157715
0.0055694580
0.0015563965
0.0075225830
-0.0057678223
0.0055694580
-0.0081024170
0.0098876953
0.0124816895
-0.0040740967
0.0004425049
-0.0021514893
0.0090789795
-0.0105895996
0.0077056885
0.0031738281
-0.0243682861
-0.0058898926
-0.0220031738
-0.0062713623
-0.0172424316
0.0130310059
-0.0001678467
0.0069885254
0.0061950684
-0.0134735107
0.0049133301
-0.0160522461
-0.0066375732
-0.0007324219
0.0151367188
-0.0084838867
0.0020294189
0.0088806152
0.0168914795
0.0025329590
0.0022125244
-0.0126953125
-0.0099029541
0.0019683838
-0.0135040283
0.0026550293
0.0112457275
-0.0089721680
-0.0007934570
-0.0043029785
-0.0004730225
-0.0029144287
-0.0196838379
0.0037384033
0.0002441406
-0.0031127930
0.0005187988
-0.0030670166
-0.0054779053
-0.0017852783
-0.0023498535
-0.0032196045
-0.0035095215
0.0041046143
