7.0910644531 7.5441741943 6.5117950439 6.7768249512 7.3448333740 6.8927459717 7.6206359863 7.4668121338 7.9127349854 7.2340087891
7.2712554932 7.3959503174 6.5490417480 6.1645507812 7.3449707031 7.1907501221 7.5051422119 7.3044738770 7.1363220215 7.0623321533
7.1433105469 7.3736724854 6.5099334717 6.4298706055 7.2521057129 6.6128540039 7.7059936523 7.4091949463 7.1620483398 7.1684265137
7.2684173584 7.7625427246 6.7596130371 6.6264953613 7.1530914307 6.9836120605 7.3048553467 7.4393463135 7.7766113281 7.2953796387
7.4596557617 7.3531951904 6.4912414551 6.8511657715 7.0276184082 7.1400146484 7.4523468018 7.4710388184 7.6986541748 7.0030212402
7.3218688965 7.4303741455 6.5634307861 6.3283233643 7.1172637939 6.8724212646 7.6938629150 7.7334594727 7.6346893311 7.1187591553
7.3947296143 7.3506164551 6.2681121826 6.5786437988 7.1823730469 6.9852752686 7.5784912109 7.3277282715 7.6300811768 7.1566925049
7.4769134521 7.5268707275 6.2317199707 6.4090423584 7.1812286377 6.9066772461 7.5997772217 7.3409729004 7.8406829834 7.0943145752
7.1804809570 7.4380798340 7.0197143555 6.7890472412 6.9817962646 7.1708068848 7.4892578125 7.6864776611 7.8142089844 7.0178680420
7.0427551270 7.4151000977 6.6279144287 6.7049102783 7.1136016846 6.8318786621 7.5967712402 7.2369689941 7.7091064453 7.3030700684
7.5046539307 7.3973083496 6.9587402344 6.9398651123 7.2519531250 7.0026092529 7.4950561523 7.3444671631 7.3844757080 7.1482696533
7.3401031494 7.4010009766 6.9473114014 6.4053955078 7.0955047607 7.0626831055 7.4612884521 7.3941345215 7.4771881104 6.8507537842
7.2864227295 7.2725219727 6.5174255371 6.5692901611 6.9685058594 7.0100555420 7.2864379883 7.5762023926 7.5615844727 7.0938110352
7.0744476318 7.4324645996 6.8920440674 6.5499725342 7.3636474609 6.7808074951 7.4079132080 7.4040832520 7.6509094238 7.4091491699
7.4205169678 7.4574584961 6.4119110107 6.4321746826 6.8637084961 6.9343872070 7.3816680908 7.4959106445 7.8206024170 7.0446624756
7.6365509033 7.5280761719 7.1433868408 6.7174682617 7.3116455078 6.9470367432 7.4714813232 7.3631286621 7.6386871338 7.0621643066
7.4547271729 7.4548492432 6.8904876709 6.2554931641 7.3529205322 6.8833007812 7.7205047607 7.5006256104 7.8144531250 7.0578308105
7.4662322998 7.5803985596 6.7626037598 6.3253784180 7.4358367920 7.0507507324 7.5037384033 7.4599609375 7.2804260254 7.1103363037
7.3982543945 7.6124267578 6.8119506836 6.7576751709 7.0934906006 7.2159118652 7.5062713623 7.4297027588 7.7280883789 7.1122589111
7.1294250488 7.3736724854 6.1893615723 6.6893463135 7.0522613525 6.9752502441 7.6235504150 7.5118255615 7.4980621338 7.1297454834
7.3481292725 7.2553558350 6.5665588379 6.4884490967 7.3622436523 7.2386169434 7.5123138428 7.3091278076 7.8389892578 7.0516815186
7.3043212891 7.4481811523 7.0522613525 6.6511383057 7.1428222656 6.7441864014 7.5807800293 7.4823913574 7.8047943115 7.0012207031
7.5438232422 7.4375915527 6.6664886475 6.6665649414 6.9430847168 6.8964233398 7.4065246582 7.4539337158 7.5579223633 7.0718536377
7.2539367676 7.4792938232 6.6786193848 6.8229980469 7.1738281250 7.1653442383 7.3749237061 7.4419555664 7.4474487305 7.0393524170
7.3412017822 7.1584472656 6.6471710205 6.8410034180 7.0966033936 6.9465179443 7.5288238525 7.3726348877 7.5953063965 7.2386779785
7.4234161377 7.2099761963 6.4343719482 6.9960327148 7.0086517334 6.8734741211 7.2249603271 7.3402862549 7.3518829346 7.1455383301
7.3015136719 7.4636077881 6.8334350586 6.4639282227 7.2785644531 6.8936462402 7.3967132568 7.4244384766 7.4627990723 7.2467651367
7.2733612061 7.4588165283 6.2680053711 6.6209411621 7.0372772217 7.0910644531 7.2219848633 7.5899810791 7.3982543945 7.0693359375
7.2713012695 7.2865600586 6.7488403320 6.4995880127 7.2130889893 7.0474853516 7.4166870117 7.5480346680 7.8457794189 7.0319366455
7.2582092285 7.5272674561 6.3137054443 6.4318084717 6.9683380127 7.0974426270 7.5780487061 7.5859680176 7.4868164062 7.3083038330
7.2321014404 7.5536956787 6.4839324951 6.2775421143 7.1798400879 7.1889190674 7.5413818359 7.3430633545 7.5041198730 7.1334533691
7.3136291504 7.3465118408 6.6096038818 6.7780303955 7.1365814209 7.3474121094 7.4049682617 7.4296569824 7.3711242676 6.8675994873
7.6720275879 7.3836517334 6.4809875488 6.8482513428 6.9983673096 6.9477539062 7.5072631836 7.4250183105 7.9373321533 7.1052551270
7.4577178955 7.4680480957 6.9080963135 6.6017303467 6.7369995117 6.8392181396 7.3429260254 7.4476470947 7.7798919678 7.0308837891
7.3081207275 7.3195343018 6.3505554199 6.6113586426 7.0599517822 6.8792572021 7.5669708252 7.5034332275 7.4449157715 7.3659515381
7.3438873291 7.6507263184 6.6333007812 6.6460266113 7.0746154785 7.0030212402 7.6517639160 7.2910308838 7.7166748047 7.1390533447
7.0764617920 7.7728881836 6.8365478516 6.4937133789 7.1179809570 6.7761383057 7.3452301025 7.4403686523 7.3608398438 7.2568206787
7.3294677734 7.2819519043 6.5296173096 6.4069671631 6.8482208252 7.0897064209 7.5753784180 7.5044250488 7.2943725586 7.2344360352
7.4530792236 7.6457519531 6.7180023193 6.8108978271 6.8723297119 7.2013244629 7.4614715576 7.4034423828 7.2781524658 7.1462249756
7.4553070068 7.1150817871 6.4807739258 6.6796417236 7.3542785645 7.1688385010 7.5587005615 7.6282043457 7.6394805908 7.2258605957
7.3353118896 7.1197662354 6.6605682373 6.7021331787 6.9205017090 6.7744140625 7.5591125488 7.6296691895 7.2022552490 7.2335357666
7.4696807861 7.3486633301 6.8352508545 6.5545349121 7.2431335449 7.0397186279 7.5035095215 7.5063476562 7.6837005615 7.3219451904
7.1375732422 7.3681793213 6.6443481445 6.6767272949 7.0738983154 7.3738555908 7.3425140381 7.5648345947 7.4613342285 7.0091552734
7.4596862793 7.2995910645 6.7267608643 6.6380157471 6.9575653076 6.8158416748 7.4738159180 7.5310211182 7.1348724365 6.7683105469
7.0609283447 7.1495666504 6.2843780518 6.6567382812 7.3281402588 6.8529968262 7.3786468506 7.4889373779 7.5209655762 7.2642059326
7.3274841309 7.5602111816 6.9507141113 6.7048034668 7.2577056885 7.0551910400 7.4157867432 7.4755706787 7.6452178955 7.1032104492
7.1134948730 7.4149780273 6.7477722168 6.4544525146 7.2957305908 7.0411071777 7.5350341797 7.5031433105 7.6542358398 6.9564056396
7.1607818604 7.4480133057 6.3654174805 6.6354980469 7.1355895996 7.2158203125 7.5335845947 7.4724121094 7.6271820068 7.0253906250
7.2605133057 7.4405212402 6.5991058350 6.4767761230 7.2795562744 7.0076141357 7.4630126953 7.4353942871 7.6888580322 7.0372467041
7.3815765381 7.5720977783 6.7460937500 6.9649200439 7.2538452148 6.9548645020 7.4312896729 7.5337066650 7.7926940918 7.0598754883
7.3815155029 7.3037414551 6.5511016846 6.5538635254 7.3183746338 7.1022338867 7.4013977051 7.4594573975 7.1729278564 6.8403015137
7.3468170166 7.4400634766 6.9033355713 6.7065124512 6.8305511475 6.9085998535 7.4152374268 7.3970336914 7.0895538330 7.0406036377
7.4112091064 7.4795989990 6.5714263916 6.6381835938 7.0951080322 6.8549499512 7.5014495850 7.4661102295 7.8247680664 6.9795989990
7.1049957275 7.4776306152 6.7084503174 6.5444030762 7.2283477783 6.8955688477 7.6250000000 7.3970031738 7.7673950195 6.9121093750
7.5557403564 7.4546051025 6.5328369141 6.5346069336 6.9872131348 6.8492279053 7.5528259277 7.4608001709 7.4679718018 7.1222381592
7.3498382568 7.7246398926 7.0727691650 6.3987274170 7.5334625244 6.8286437988 7.3833923340 7.3575744629 7.8052368164 7.1230316162
7.3162689209 7.1990051270 6.8296356201 6.7346038818 7.0813751221 7.1035614014 7.3259277344 7.4123382568 7.4489593506 7.1448211670
6.8986968994 7.4234771729 6.5776062012 6.4865112305 7.0369262695 6.7743988037 7.6067352295 7.4618377686 7.6528472900 7.2488708496
7.3841552734 7.4818267822 6.6677551270 6.7666931152 7.0890808105 6.9818725586 7.4559326172 7.3690185547 7.6730651855 7.0219116211
7.1973571777 7.4648895264 6.6363372803 6.7284088135 7.0979003906 6.9990539551 7.3809661865 7.5302276611 7.7056427002 7.2644348145
7.3614807129 7.4364318848 6.7564239502 6.3591003418 7.1764373779 7.1183319092 7.4978027344 7.5688018799 7.5614471436 7.1231536865
7.5339965820 7.4649963379 6.8733367920 6.2056579590 7.4249420166 6.6921997070 7.5216369629 7.3919372559 7.7233276367 7.2138671875
7.5142059326 7.2786865234 6.6430969238 6.7921447754 7.2676544189 7.0070953369 7.4988098145 7.6057128906 7.5413665771 7.1184234619
7.3936157227 7.3261413574 6.8280487061 6.3729095459 7.1511077881 6.9115447998 7.4103393555 7.5641326904 7.8944854736 7.1174621582
7.4334716797 7.4950256348 6.8666687012 6.4412841797 6.9309082031 6.8739318848 7.3352508545 7.2565460205 7.6104736328 7.2301330566
7.3749237061 7.2472381592 6.7018585205 6.9021453857 7.1257476807 7.3075866699 7.6009979248 7.5977630615 7.6679840088 7.0774536133
7.5601959229 7.4951171875 6.9790954590 6.9759674072 6.9893798828 7.0236511230 7.5413208008 7.3329772949 7.7015991211 7.0937194824
7.1189270020 7.4130401611 6.6030578613 6.5121307373 6.9043426514 7.3931274414 7.5095214844 7.4019927979 7.7159729004 7.2693023682
7.2283935547 7.5326080322 6.4060821533 6.4616241455 7.3496246338 6.7172698975 7.4349060059 7.4549255371 7.6192016602 7.2797088623
7.1665954590 7.5597229004 6.9521026611 6.9184875488 7.3660736084 7.0305023193 7.5900878906 7.5294494629 7.7429351807 7.0782470703
7.4307403564 7.1315765381 6.4808502197 6.5500793457 7.2635955811 6.9337615967 7.4859161377 7.4636535645 7.6456451416 7.2838287354
7.2967681885 7.5402984619 6.8831634521 6.6719360352 7.0630950928 6.9950561523 7.7221374512 7.5431823730 7.7071380615 7.1467132568
7.4420776367 7.3915557861 6.6345367432 6.2458190918 7.1766052246 6.8150787354 7.6436920166 7.4020080566 7.7434234619 7.0224609375
7.4300384521 7.4385986328 6.7207489014 6.5840454102 7.3549804688 7.1140289307 7.4814300537 7.5456848145 7.7556610107 7.1034393311
7.2613372803 7.2090606689 6.3621978760 6.3290100098 6.9661102295 6.9663238525 7.5910644531 7.4209442139 7.5095367432 7.3105468750
7.4953155518 7.6029968262 6.6935577393 6.6765136719 6.9815979004 7.0359039307 7.4603881836 7.2911224365 7.6063079834 6.7747039795
7.4121398926 7.1059112549 6.6697845459 6.4052581787 7.1946258545 6.8358001709 7.4523925781 7.5254821777 7.7126159668 7.1562652588
7.5101928711 7.5083618164 6.9117126465 6.6777343750 7.1222076416 7.0572509766 7.3767089844 7.4061737061 7.8155822754 7.1822204590
7.0081481934 7.3612670898 6.8236694336 6.2417907715 6.9462432861 7.0518035889 7.5107727051 7.4184265137 7.7004241943 7.1364440918
7.1690521240 7.4335632324 6.7478485107 6.6633605957 7.3428802490 7.2341613770 7.6713256836 7.5704193115 7.9099884033 6.9530181885
7.0260620117 7.5385589600 6.7758483887 6.6549987793 7.1429901123 7.0273132324 7.6198272705 7.3711395264 7.6777801514 7.2342071533
7.4788208008 7.2476654053 6.8772125244 6.6387329102 7.1299591064 6.7272338867 7.3043518066 7.5070037842 7.6166229248 7.1377716064
7.3107910156 7.6254882812 6.7884216309 6.9179687500 7.2629089355 6.9140625000 7.7066955566 7.4041748047 7.9320831299 7.2575073242
7.2341766357 7.2327117920 7.0839233398 6.4676208496 7.3869018555 6.8914489746 7.4812469482 7.3187866211 7.6618041992 7.0531768799
7.4613037109 7.3015441895 6.7602539062 6.6846466064 7.3288421631 6.9692382812 7.4582214355 7.4504852295 7.7475280762 7.2323303223
7.0743255615 7.2331085205 6.7124176025 6.5742492676 6.9773559570 7.0031738281 7.4721527100 7.5000305176 7.6743011475 7.0888824463
7.4310913086 7.4501190186 6.3950195312 6.5599060059 7.2456970215 6.9987640381 7.5099792480 7.4503326416 6.9963684082 7.3022308350
7.4530029297 7.3376159668 6.7765197754 6.8121643066 7.1203918457 7.0002593994 7.6589508057 7.4915618896 7.4476165771 7.2553558350
7.4287109375 7.2804718018 6.9121551514 6.3286895752 6.9311370850 7.0206604004 7.4553680420 7.5526580811 7.6709899902 7.0384063721
7.0113067627 7.4926147461 6.4747161865 6.5361022949 7.0345001221 6.7731323242 7.5304107666 7.6668090820 7.2611541748 7.0149230957
7.4257965088 7.4585571289 6.9928436279 6.7539520264 7.4193420410 6.8141784668 7.2826080322 7.3238067627 7.8205108643 7.1540832520
7.0932464600 7.4765472412 6.6080474854 6.6154327393 6.8898315430 6.9797668457 7.4877471924 7.5679931641 7.4519348145 6.8790130615
7.1037750244 7.2913055420 6.6608428955 6.5038299561 6.8309478760 7.1685028076 7.6233978271 7.3530578613 7.5812530518 7.1296997070
7.4430389404 7.4250793457 6.4711608887 6.5558013916 7.1448211670 7.2010192871 7.4470214844 7.3288269043 7.3497161865 7.2220001221
7.1982727051 7.4440612793 6.4350891113 6.2548828125 7.0760803223 6.9140625000 7.5422973633 7.4506988525 7.4382476807 7.3204040527
7.5374145508 7.5040893555 6.5444641113 6.6943664551 6.9595184326 6.8505554199 7.5268859863 7.2756652832 7.6338958740 7.0484619141
7.1176147461 7.2888946533 6.1463928223 6.4764709473 7.0672760010 7.1711578369 7.4062805176 7.6522979736 7.5893707275 7.1710968018
7.0799560547 7.4246978760 6.6167755127 6.7799072266 7.1358184814 6.9353790283 7.4941101074 7.5080871582 7.7523803711 7.0352325439
7.2418975830 7.4058074951 6.8814849854 6.9110260010 7.2004089355 7.2976074219 7.3383483887 7.4193420410 7.5684509277 6.8102111816
7.5429229736 7.4432067871 6.7096405029 6.5960083008 7.3214263916 7.0474243164 7.6115264893 7.4889526367 7.6512908936 7.2217864990
