4.3916320801 2.8911132812 1.9826049805 0.9975585938 0.9986877441 0.9989624023 1.7739715576 1.3492889404 1.0177612305 0.9977111816
6.4754180908 4.1327362061 0.9975891113 0.9982910156 0.9981536865 1.3657531738 1.1444702148 0.9976196289 0.9981994629 0.9971771240
2.6163482666 4.8757781982 3.1105957031 1.1693420410 1.0504150391 0.9987335205 2.3934783936 1.8956909180 1.6061859131 1.1080780029
3.4497528076 1.1473083496 0.9978027344 1.2688140869 1.0183410645 1.6443481445 0.9972686768 1.2376403809 0.9978332520 2.6484069824
6.2102813721 1.7528381348 0.9983520508 0.9974060059 0.9979705811 1.1112670898 0.9971923828 2.1733856201 1.1968536377 0.9978332520
1.3014373779 6.8236389160 1.0389709473 0.9987335205 0.9978027344 1.0122375488 1.9910125732 1.0152130127 0.9975433350 0.9985198975
5.9783630371 2.8660888672 0.9984130859 1.6753540039 1.3335876465 1.0031890869 1.3201446533 0.9977874756 0.9975433350 0.9973449707
2.9946136475 1.0540313721 0.9975738525 0.9983978271 0.9988098145 1.2465209961 0.9971466064 2.8806762695 0.9978027344 1.0987548828
4.8820800781 0.9977874756 1.0894622803 1.0122528076 0.9983367920 1.1907043457 1.3815612793 0.9981231689 0.9978485107 0.9970245361
3.7093353271 2.2304992676 0.9989013672 1.1632080078 0.9972991943 1.1354522705 2.9830627441 0.9979705811 1.3204193115 0.9970397949
2.9076538086 1.4438323975 0.9979400635 1.1809387207 0.9979095459 0.9980773926 1.1476745605 0.9971618652 1.1848144531 0.9984588623
5.0734863281 3.8776092529 1.0443572998 0.9979248047 0.9969940186 0.9971160889 0.9979553223 1.1941223145 1.5988311768 0.9981689453
6.8184356689 2.2579040527 0.9967346191 0.9972839355 1.1046752930 1.0148010254 0.9970245361 0.9982757568 0.9962768555 0.9983215332
7.4813690186 4.5454254150 0.9962158203 0.9980316162 0.9971466064 0.9966430664 0.9976654053 0.9970397949 0.9984130859 0.9979705811
6.9503173828 1.8880767822 0.9970550537 0.9977874756 1.2631530762 1.0002899170 1.0177307129 0.9971313477 1.1383666992 0.9985961914
2.9264831543 6.7500610352 0.9972076416 1.0008087158 0.9978027344 1.1748962402 0.9975738525 0.9976959229 1.6403503418 0.9984893799
3.3893890381 2.3229827881 1.5114746094 1.2035369873 0.9987792969 1.1411743164 1.4476623535 2.0837860107 1.3360595703 0.9978027344
5.6999206543 2.5479888916 0.9985198975 0.9976654053 0.9980316162 1.1500549316 1.5213317871 0.9971618652 0.9971466064 0.9974517822
1.8992309570 4.5997314453 2.4845428467 0.9977111816 0.9984741211 2.7672729492 0.9973754883 0.9972991943 0.9984436035 0.9976654053
6.0379638672 2.4560699463 0.9983978271 0.9985504150 0.9975738525 0.9984130859 1.7878265381 0.9972381592 0.9974822998 0.9970397949
1.8344573975 6.9897918701 0.9978027344 0.9976501465 0.9982757568 1.0207519531 1.5614166260 0.9983520508 0.9974517822 1.0184020996
2.5637359619 2.3279266357 1.7588806152 1.9141387939 0.9978942871 0.9987640381 0.9972991943 1.0930786133 1.4212951660 0.9980316162
6.5343017578 2.5879516602 1.0511322021 1.4018402100 0.9966735840 1.4939117432 0.9974212646 0.9970855713 2.1812133789 1.2160339355
5.7521667480 1.3431243896 1.9389953613 0.9969940186 1.1288757324 1.6338653564 0.9972534180 1.1500549316 0.9981231689 0.9971923828
3.1572265625 4.4939880371 0.9984283447 1.0626678467 1.2948913574 3.0868530273 2.3192138672 1.2627868652 2.9238128662 0.9975433350
2.8486938477 1.8559112549 0.9977264404 0.9979553223 1.0332183838 0.9984588623 0.9981384277 2.2807464600 1.4016265869 0.9980316162
3.2653045654 1.6096343994 0.9973754883 0.9978485107 0.9979095459 1.4183044434 0.9972229004 0.9972076416 1.0651855469 2.0314331055
3.2779693604 3.0513305664 1.3171844482 1.9458312988 1.1377563477 0.9986724854 0.9979553223 1.0562438965 1.3881530762 0.9981079102
6.6938629150 3.8547973633 0.9979248047 0.9968414307 1.1016235352 0.9980316162 1.3008270264 0.9980773926 0.9969635010 1.2403106689
3.7833862305 1.1415863037 1.6405181885 1.0119628906 0.9983062744 1.7240600586 1.6677398682 1.7416229248 0.9971618652 2.3863372803
2.9087219238 1.3522949219 0.9983062744 1.4078979492 2.4770050049 1.5008850098 1.2917175293 2.3658599854 0.9987945557 2.0944671631
4.8020477295 3.3927001953 1.5482635498 1.1105804443 1.4903564453 0.9970397949 1.1780090332 0.9980316162 2.3037109375 1.8666839600
3.1608123779 4.0163879395 0.9981994629 0.9987335205 0.9969940186 1.4546051025 1.4706268311 2.5321655273 0.9971466064 1.0121154785
1.6683197021 1.6159210205 1.1842041016 2.1514282227 1.4770660400 1.5680847168 0.9977874756 3.2026824951 0.9976806641 0.9973297119
4.0298461914 1.6616516113 2.8706817627 0.9972534180 0.9973907471 0.9974975586 1.3783111572 0.9979248047 0.9989166260 0.9972991943
2.7878265381 2.6200714111 3.9811096191 0.9970397949 0.9980926514 1.0593872070 0.9972229004 1.2721862793 1.5681457520 1.4147796631
1.7910156250 5.5745849609 0.9973449707 0.9988861084 2.0833587646 0.9988403320 0.9979705811 0.9985961914 0.9977416992 0.9981231689
3.7508087158 5.1872711182 4.2968139648 0.9972991943 0.9988708496 0.9975128174 0.9972839355 0.9976196289 0.9971008301 1.6893768311
7.1134490967 2.6089935303 0.9975585938 0.9971771240 0.9980773926 0.9987487793 0.9985656738 1.2405395508 0.9971618652 0.9978179932
7.2967224121 0.9982604980 0.9975280762 0.9975891113 0.9978485107 0.9969787598 0.9977416992 0.9986267090 0.9969635010 1.0564727783
6.3504486084 4.5324707031 0.9980773926 1.0681610107 1.1693572998 0.9985961914 0.9972381592 1.2189941406 2.3663177490 2.8251953125
3.1944427490 4.7559204102 0.9974212646 0.9978332520 1.4150085449 1.2246093750 0.9977416992 1.0178833008 1.0148925781 1.3105621338
2.9980468750 2.7017364502 0.9981384277 1.6410217285 1.3075561523 1.0065155029 2.6940155029 2.9626159668 2.2889709473 0.9970397949
3.2502899170 6.4165191650 4.2392730713 0.9985046387 0.9979553223 0.9971008301 0.9969635010 0.9978790283 0.9974822998 0.9980468750
3.0541992188 1.4871826172 1.1847839355 1.9606933594 1.2785949707 2.7707672119 3.6935424805 1.7382507324 0.9968414307 0.9972076416
3.6972045898 2.5682525635 1.3264465332 1.0419464111 0.9982299805 1.4869537354 0.9987030029 1.2567291260 0.9982757568 1.4471282959
5.1326293945 2.9751281738 1.8597106934 0.9988708496 0.9982147217 2.0717773438 3.0238189697 1.6200103760 0.9978485107 1.2504730225
6.6346740723 1.3424987793 0.9978332520 1.0868530273 0.9986419678 1.1690063477 1.7165069580 0.9984130859 0.9975128174 1.9751434326
2.9604187012 2.3812408447 2.6413116455 1.2630310059 1.0479278564 1.4312744141 0.9978027344 1.6547851562 0.9978790283 2.2574462891
5.9515991211 5.0629425049 1.7881774902 1.1749572754 0.9978485107 0.9972839355 1.0808868408 1.2535095215 0.9983367920 0.9968261719
5.7478027344 2.5639953613 3.4682006836 1.3171691895 1.0624542236 1.4538726807 0.9971008301 1.4708099365 0.9979248047 1.2311401367
3.0085906982 2.2926788330 2.0084686279 1.0206451416 0.9981689453 1.0034942627 1.5413055420 0.9974517822 0.9972229004 0.9978942871
5.2089233398 5.2914581299 0.9976806641 1.0682830811 1.2622680664 1.0330047607 0.9984741211 1.5484161377 0.9981079102 1.3233795166
7.5141601562 2.1513366699 1.3747711182 0.9969024658 0.9972076416 1.2154235840 0.9980926514 0.9980163574 0.9977111816 0.9971771240
5.7566375732 2.1205291748 1.5450592041 1.5578002930 0.9980010986 1.5279846191 1.2757110596 0.9978485107 0.9981536865 0.9978942871
6.4746093750 6.5159606934 1.1380767822 0.9981994629 1.7590942383 0.9973144531 0.9970092773 0.9970703125 0.9969177246 1.1442413330
4.6666107178 7.2011566162 0.9979553223 0.9978942871 0.9968261719 1.0712432861 0.9971008301 0.9975128174 0.9982910156 0.9985198975
7.3194122314 4.4666748047 1.0330505371 0.9974822998 0.9980163574 1.2119598389 0.9983520508 0.9984893799 0.9984436035 0.9974822998
3.1972351074 3.6700286865 1.9210205078 1.7244873047 0.9976043701 3.0056152344 1.3164978027 1.7487945557 1.0476989746 2.6038055420
4.7062683105 4.4264221191 0.9985961914 1.3046112061 1.3170471191 1.2504882812 0.9970855713 0.9980163574 0.9977569580 2.0574798584
3.2605133057 2.1809844971 0.9978332520 0.9979858398 0.9969177246 1.3622894287 0.9972991943 1.1442260742 0.9971923828 0.9985351562
2.4524536133 3.1309661865 2.5637054443 1.0206451416 0.9984436035 1.3487243652 0.9969940186 1.4212493896 1.0532531738 0.9969177246
4.5884094238 2.7504882812 4.2105712891 0.9980163574 0.9978637695 0.9973144531 1.0806732178 0.9972076416 0.9986724854 0.9966430664
4.9835968018 1.4604644775 1.3264465332 1.2815093994 1.0094146729 0.9983825684 0.9968414307 0.9975585938 0.9982299805 0.9981842041
3.1633605957 3.3209381104 0.9974670410 1.4413146973 0.9977264404 0.9975738525 0.9975891113 2.0305480957 0.9980010986 0.9970397949
5.8376312256 2.0946197510 1.6134185791 2.0828857422 0.9970092773 1.5477447510 1.7350311279 2.2694702148 0.9973297119 1.9387359619
7.2009887695 4.7120361328 0.9987487793 0.9986724854 0.9978179932 0.9972839355 0.9985961914 0.9984741211 0.9986724854 0.9969635010
3.6939544678 3.4879150391 4.4056854248 1.4475097656 0.9980316162 1.2881622314 0.9971923828 1.5171203613 0.9977874756 0.9974822998
3.2543640137 3.6088409424 3.1350402832 1.1842803955 0.9973602295 1.3336334229 0.9974975586 1.4936828613 1.0533599854 0.9983978271
4.6420745850 4.1394805908 0.9979095459 0.9969024658 0.9976501465 0.9971618652 0.9976654053 0.9981079102 0.9985198975 1.2465057373
6.5195312500 1.7981872559 0.9967803955 0.9982147217 0.9972991943 1.1168060303 0.9972839355 1.2308349609 0.9972229004 0.9974517822
5.5472717285 1.2058258057 0.9971466064 1.4241790771 1.0567169189 2.1930847168 1.0867004395 0.9977264404 0.9980926514 0.9974517822
1.7098083496 1.5247192383 2.2660217285 0.9983673096 1.0358428955 1.6162872314 0.9968109131 0.9974670410 0.9969787598 1.0865478516
3.1115417480 2.9006195068 2.6038513184 0.9975280762 1.3170166016 2.6776733398 0.9981079102 0.9973449707 1.9570465088 1.8705902100
2.8561401367 4.4877471924 1.2404174805 0.9984436035 1.0177307129 0.9980010986 1.9826507568 1.5375061035 3.0861206055 1.5515594482
7.0489959717 1.1233673096 0.9964447021 0.9971466064 0.9976043701 0.9979095459 0.9970550537 0.9984741211 0.9974060059 0.9978942871
5.6469421387 0.9985351562 0.9972686768 1.6756591797 0.9981231689 1.0990905762 0.9975585938 0.9980010986 1.0807647705 0.9968261719
2.7708892822 3.2859344482 0.9984588623 1.1201171875 1.2694396973 1.2850646973 0.9980316162 1.3820190430 2.8985900879 1.3783721924
7.0152740479 3.6291046143 0.9985198975 0.9980621338 1.2879486084 0.9986419678 1.5003051758 2.3900451660 0.9983367920 1.1351470947
6.1856689453 1.5654449463 0.9967346191 0.9984893799 0.9970092773 1.7069854736 0.9977722168 1.4374847412 1.2658996582 0.9984436035
3.3193511963 1.9504547119 1.5648193359 0.9978179932 1.5510559082 2.0645599365 0.9983673096 0.9970245361 0.9972534180 1.0180206299
3.5190887451 3.2935943604 2.4918975830 1.2497253418 0.9987640381 1.1532745361 0.9977874756 0.9974365234 1.0008544922 1.0442504883
2.7546844482 1.3782348633 1.2754211426 1.1970367432 0.9975738525 1.0297088623 0.9979095459 2.1468048096 0.9980316162 1.7807769775
3.0890808105 2.6008758545 1.4145507812 0.9986724854 1.4050292969 0.9985961914 1.9396820068 2.0612945557 1.0274047852 2.4291687012
4.7914123535 3.4033660889 1.5043792725 2.1732330322 1.1021728516 1.3487854004 0.9982147217 0.9971160889 0.9977264404 0.9973144531
7.3441162109 1.3944244385 0.9980621338 2.2112579346 1.1174163818 0.9982299805 1.1288757324 0.9987792969 0.9985046387 0.9978332520
5.2548217773 1.7138519287 0.9981536865 2.1705780029 1.2092742920 2.4924926758 0.9983215332 0.9985809326 0.9988861084 0.9985656738
5.1413726807 3.4061737061 0.9978485107 0.9979095459 1.1258544922 1.0690460205 1.2785491943 1.1877441406 0.9988250732 0.9985046387
3.2408447266 2.1927337646 0.9976501465 2.8388977051 0.9976348877 1.4512786865 0.9972076416 1.0509033203 1.1075744629 0.9976196289
7.3366088867 5.9848175049 0.9984588623 0.9979553223 1.4016418457 0.9978332520 1.3591461182 0.9972229004 0.9984436035 0.9975738525
3.2975158691 4.1676788330 2.9345397949 0.9985809326 0.9984893799 2.8983917236 0.9972534180 0.9969482422 0.9970855713 1.2374877930
6.2333526611 1.3787536621 0.9976043701 0.9979400635 0.9973602295 1.5789489746 1.9389190674 1.7026977539 1.5341796875 0.9978332520
6.5178222656 2.4571990967 4.9750366211 0.9969635010 0.9983520508 1.2846069336 1.0148468018 1.0957794189 2.0273132324 0.9981079102
3.4497985840 1.9572296143 0.9976959229 3.3480682373 1.4745178223 1.8128204346 2.8749237061 0.9983825684 1.6819000244 0.9971313477
6.6134490967 1.5649871826 3.9666748047 0.9973754883 0.9980926514 1.1109313965 0.9979858398 1.3365325928 0.9963684082 0.9977264404
3.2486572266 1.7907714844 1.9206085205 1.0214538574 1.7102813721 1.5310974121 1.9028625488 2.7633972168 0.9981384277 1.6479034424
6.8562622070 1.7349700928 0.9971466064 0.9984893799 0.9980163574 0.9983215332 0.9973754883 1.3720245361 0.9962463379 0.9985656738
6.6752929688 1.8268127441 0.9979248047 0.9986572266 0.9974060059 1.2527923584 1.4843750000 0.9976043701 1.7315826416 0.9964904785
3.5097198486 1.9762115479 1.2253417969 2.0130157471 1.1079864502 0.9981231689 2.5607147217 0.9987792969 2.0534057617 1.0211029053
2.9006042480 5.0945281982 0.9974060059 0.9971466064 1.0237731934 1.2816619873 1.0444335938 1.8734741211 0.9983215332 1.0031585693
