6.8637542725 5.3206024170 6.3731689453 7.1110534668 3.5197906494 6.9778747559 6.6035766602 5.6288604736 7.0520629883 6.5240478516
6.9111480713 5.9126739502 6.5236358643 7.3244018555 5.9750823975 6.5036010742 6.7162628174 5.2950592041 6.7876434326 6.6309204102
6.6506195068 6.5651702881 6.3884735107 6.5294342041 5.6087951660 6.4227905273 6.7182617188 5.9461975098 6.6996917725 6.9753112793
6.8660278320 4.9552307129 5.6150207520 7.1893005371 5.9434509277 7.1604309082 6.6960754395 6.1264801025 6.2669830322 6.5950927734
6.5402984619 4.7030639648 6.0177459717 7.2863311768 5.4608001709 6.8685913086 6.8524932861 6.1853637695 6.4752197266 6.4124145508
6.7268066406 6.2355499268 6.2143859863 7.0987243652 6.2760009766 5.5909271240 6.6335906982 6.2409210205 6.3158111572 6.8668975830
6.6665039062 6.2038421631 6.6261444092 7.3924102783 6.0086059570 6.2974700928 7.0107574463 3.4438171387 6.5672454834 6.8134613037
6.8478851318 6.1604614258 5.3093719482 7.3540039062 5.7739868164 4.3530883789 6.7316894531 6.0531616211 6.5017852783 6.1044311523
6.8127593994 6.2970733643 6.3634033203 6.6259307861 5.5285186768 6.9449920654 6.6157531738 5.4771270752 6.3145599365 7.1094055176
6.7848358154 5.6955566406 4.5835876465 7.3587799072 5.8498840332 6.3214263916 7.2255401611 6.3277587891 6.2711639404 6.5909729004
7.0711212158 4.8358154297 4.7615966797 7.2190399170 6.6563720703 4.8057250977 6.5380249023 6.3852691650 6.3843078613 6.5645294189
6.6835784912 6.0366058350 6.5760955811 7.2020568848 5.7178192139 4.1687011719 6.4990539551 5.7690887451 6.8983917236 6.2954711914
6.5524444580 6.5292205811 6.6137847900 7.1982116699 6.3869781494 6.7094573975 6.5756378174 5.4862823486 6.6641387939 3.5669708252
6.8809661865 6.5066375732 6.4224700928 7.0373077393 6.5698852539 7.1605529785 6.7902679443 6.4523010254 6.4936218262 6.5772705078
6.4542694092 6.3271942139 5.2123260498 7.1140594482 5.6703186035 6.8795776367 6.7169647217 5.0470733643 6.0486602783 6.4646759033
7.2185668945 6.0093383789 6.9661254883 5.0932617188 6.2206726074 4.5387878418 6.9789733887 6.4695587158 6.2650756836 6.5176086426
6.8323059082 6.4067993164 6.1298065186 6.7263183594 5.7857971191 5.1145019531 6.6866302490 3.9956970215 6.6542968750 6.3570556641
6.9123382568 4.7143402100 6.2510986328 7.1968078613 6.3028411865 6.8049316406 6.8462982178 6.2310333252 6.2296295166 6.6473846436
6.3651733398 6.1141967773 6.9508209229 7.1580505371 5.6833801270 6.8872985840 6.5729217529 5.3753204346 5.7608337402 6.4103088379
6.7978210449 5.6229705811 6.6706390381 6.9707794189 5.9027099609 7.0075531006 6.3212585449 5.8429260254 6.0598297119 6.5027008057
6.6502990723 5.9378814697 6.2963104248 7.2155303955 5.5071258545 6.9829406738 6.5140838623 6.1639556885 6.2603454590 6.7187042236
6.9690551758 5.9254608154 6.7407073975 6.9002685547 5.9862976074 6.6053924561 6.8171234131 6.3859252930 4.6822814941 6.4264221191
6.6807708740 6.0508422852 6.3048706055 6.8776855469 5.9258270264 6.4009094238 6.5745391846 6.4193267822 6.0914306641 5.8170166016
6.8470764160 5.7266082764 6.4572448730 6.7968750000 6.8578796387 5.7558898926 6.7116851807 6.1642608643 6.0866394043 6.2326965332
6.8639984131 6.1583404541 5.9567413330 7.0655975342 6.6448974609 4.5089263916 6.7739562988 2.9113769531 6.6779479980 6.3316497803
6.9751281738 6.5824279785 6.5242614746 6.4817657471 5.8002471924 7.1177062988 6.9616851807 4.1230621338 6.4168701172 6.7344360352
6.8275756836 6.9259490967 3.9725952148 7.1778717041 6.2750701904 6.1661376953 6.5473327637 6.4360351562 5.6393585205 6.7506866455
6.3750610352 6.6163482666 6.2593536377 6.9989013672 6.2071075439 6.5994110107 6.5365905762 5.9556579590 6.0004882812 6.2723236084
6.7565917969 4.7805328369 6.3578643799 7.5075073242 3.5139160156 6.6631774902 6.9294128418 6.1006011963 6.4127807617 5.9709014893
6.7052001953 6.2390747070 6.7771606445 6.9951934814 6.2434387207 7.5152130127 6.6789398193 4.7345275879 6.7075042725 6.6301727295
7.1473846436 6.3716583252 5.0001220703 6.9276275635 6.4030151367 7.2482757568 6.4523468018 4.9915771484 7.0112609863 6.7812347412
6.7959747314 5.9722900391 6.1343383789 7.0147552490 6.3169097900 6.7378234863 6.6441650391 5.2856597900 6.1892700195 6.3196105957
5.9642333984 6.0266418457 7.0767364502 6.8091583252 6.4864196777 6.6039886475 6.4919586182 3.4993896484 6.2621307373 4.1588745117
7.1578369141 6.1230163574 6.2881164551 6.6943511963 6.4691162109 7.0824127197 6.5330047607 5.7407684326 7.0523376465 6.3993225098
6.6442718506 6.3069152832 6.5483245850 5.1929931641 4.3704986572 6.9468994141 6.8271942139 6.5196838379 6.5137939453 6.1923980713
7.0183563232 6.1370391846 6.4196777344 7.3840484619 5.0848693848 5.6639404297 6.6163787842 6.3895416260 6.8225555420 6.4943084717
6.9383850098 6.3665313721 6.3603820801 4.9525146484 6.0966186523 6.8988342285 6.4671478271 5.0209350586 6.7882385254 6.1151733398
6.6648406982 5.9121093750 6.3086090088 6.9898223877 6.0790710449 6.6220703125 7.1315612793 6.0379943848 6.6629028320 6.3927154541
6.6600189209 6.3091278076 7.0316619873 7.0097198486 6.2495117188 5.8108825684 7.0546417236 6.0770111084 6.3347320557 6.6538391113
6.6660614014 6.6917114258 6.0650482178 6.7832946777 6.6503295898 7.2509307861 6.6252136230 5.1142272949 6.5678253174 6.4613037109
6.8129272461 6.1158294678 6.8125915527 6.9394836426 5.5442504883 6.3610534668 6.5901031494 5.6364440918 6.7379302979 6.3197174072
6.7120513916 6.0336914062 6.6140289307 6.9580688477 5.8540191650 6.4776000977 6.7254943848 4.7359924316 6.4735412598 6.6682739258
6.8792419434 7.0002441406 4.9107513428 6.6673126221 4.3687286377 6.8685913086 7.0378875732 4.1198730469 6.5755310059 6.5665588379
6.1317749023 6.3492126465 6.3260955811 6.9177551270 5.9655303955 6.9496002197 6.5532836914 3.0629577637 6.8176116943 6.5743408203
6.5010528564 4.6478424072 6.5032501221 7.2654266357 6.2153320312 6.9785003662 6.6398010254 5.7440032959 6.4798431396 6.5549926758
6.5429687500 5.1960144043 5.3788757324 7.2708740234 6.3176422119 6.9943389893 6.6027374268 6.8837738037 6.3168487549 6.6151580811
6.9775390625 6.1147918701 5.9425354004 6.8351440430 5.4604797363 6.8753662109 6.5650329590 6.2470092773 6.3469848633 6.7345428467
6.7380218506 5.5566406250 6.4397888184 6.8579254150 6.0943145752 7.1843566895 6.8806915283 2.4390563965 6.0388031006 6.4690856934
6.4347381592 6.4278717041 6.5672760010 6.7225952148 6.3808898926 6.6536407471 6.7538909912 6.1138763428 6.4523620605 6.6232757568
6.3331451416 5.7376098633 6.1699218750 7.0458221436 6.3629760742 6.5812835693 7.1570129395 6.0104827881 6.5449981689 6.3704833984
6.7509002686 6.5025177002 5.8621520996 6.9934082031 6.5724792480 6.4717407227 6.4320526123 5.3713073730 6.8282775879 6.5178375244
7.1729431152 4.0509948730 6.5536651611 7.1179046631 5.5757293701 6.4234466553 6.6950988770 6.4418945312 6.3185882568 6.4594879150
6.4351043701 6.0950317383 6.9688415527 7.2215270996 5.8355407715 6.6864318848 6.7044982910 6.0059051514 6.7254638672 6.2907104492
5.4449920654 6.2960815430 7.2077941895 7.1623077393 6.8308410645 6.8130950928 6.9662628174 5.9111480713 6.6898040771 4.2785491943
6.5801849365 6.1640014648 6.5699462891 7.0546264648 5.8411102295 6.9860839844 6.5346527100 6.2709655762 6.3811798096 6.1713562012
6.6071929932 6.2722320557 6.5829467773 7.2607116699 5.7427978516 5.5355377197 6.6497802734 5.3690643311 6.5598144531 6.6599884033
6.6054534912 4.9940185547 6.2533721924 7.0196075439 5.8147125244 6.9022369385 6.9525909424 6.1459045410 7.2725830078 6.4368286133
6.6932220459 5.8510284424 6.5950622559 7.1168060303 5.6901550293 6.7868499756 6.6278839111 5.2748718262 7.1909790039 6.1626892090
6.7330780029 6.3406829834 6.1473846436 7.2995452881 5.6588592529 6.4960632324 6.8495178223 6.3704071045 6.2062988281 6.5215148926
6.9695892334 5.8292236328 6.7618713379 5.4255218506 6.1212768555 6.3855438232 6.5794372559 6.6882476807 7.0279541016 6.4155120850
6.8868408203 6.5305328369 5.3671722412 7.2134246826 3.4577941895 6.7271423340 6.6696014404 4.0509338379 6.5789337158 6.6780700684
6.4350128174 6.2978210449 6.7655792236 7.2168731689 5.9543609619 6.5607604980 6.8787078857 6.0139465332 6.3573303223 6.4432067871
6.4696044922 6.0067138672 6.9785919189 7.0735321045 5.8618621826 6.8804321289 6.7310028076 6.4831237793 5.7564544678 6.4867706299
6.2182922363 5.7157287598 6.9331512451 6.8210601807 5.7203674316 5.1884613037 6.8448333740 6.2099304199 6.4711303711 6.2643432617
6.6094512939 4.4780273438 6.7078704834 6.9674377441 4.1067810059 6.4540557861 7.1532745361 6.1996002197 6.7987060547 6.4848632812
6.7171173096 6.2912597656 7.0195007324 6.8592987061 5.7938842773 6.0535583496 7.0319213867 6.0991668701 5.8831787109 6.5763854980
6.3320770264 6.1528472900 6.8040466309 7.0107727051 4.8098602295 6.2400512695 7.3019256592 6.4080352783 7.1479034424 4.7594146729
6.6789855957 6.0447998047 6.3200683594 6.9310913086 6.1653900146 6.3449401855 6.5845031738 6.2832489014 6.3474884033 6.3827362061
6.6973266602 5.8983917236 6.4382171631 6.8903350830 6.0142059326 6.8536529541 6.3048706055 6.2172393799 6.6534729004 6.4528045654
6.9838104248 5.8361053467 6.5658874512 7.2180786133 5.7353210449 5.0994262695 6.6552276611 6.3219299316 6.8630371094 6.3678894043
6.9210205078 6.4988555908 5.1152801514 6.7660980225 6.5271453857 6.3978881836 6.3719177246 5.7885742188 6.4332275391 6.3402709961
6.9925842285 6.5417633057 6.7302246094 6.7466278076 6.7027893066 6.3165893555 6.4940032959 5.8589019775 6.7494201660 6.8497161865
6.6475524902 6.1302337646 6.3491058350 6.8187561035 5.9825134277 6.8583679199 6.7514343262 6.0491638184 6.2021636963 6.3377075195
5.4723510742 6.2025909424 6.0097045898 6.9742889404 6.1792602539 6.8122711182 6.7242889404 6.1094360352 6.6802215576 4.6245574951
6.9855499268 6.0559539795 6.9590606689 6.7548065186 4.6363220215 6.7588348389 6.8102569580 5.2386322021 6.4952087402 6.8376159668
7.0052795410 5.9993743896 6.2381439209 7.1059570312 5.3602905273 7.1548767090 6.3934631348 6.0151519775 6.5942687988 6.1265411377
6.8580932617 6.1927490234 5.9478149414 7.0856323242 5.8943023682 6.5240631104 6.8337249756 5.6116943359 6.2120513916 6.3771057129
6.9186553955 5.5075225830 6.5600280762 6.9455413818 6.1858215332 6.7755126953 7.0641784668 6.3038177490 6.6886444092 6.7267761230
6.1720581055 5.5990447998 6.5557403564 6.9267883301 6.8703613281 6.2864379883 6.6116333008 6.0507965088 6.6989746094 6.7322082520
6.7140502930 5.9177551270 6.5955505371 6.8319702148 6.1729583740 4.4845275879 6.5153350830 6.2119598389 6.4588470459 6.5570068359
5.8357391357 6.3359375000 6.6935729980 7.2792358398 6.3266143799 6.7121124268 6.8996276855 5.8783111572 6.1412200928 4.7549591064
6.8339538574 6.4870910645 6.7101898193 6.9121704102 4.2333374023 6.6682434082 6.5120391846 5.6039123535 6.5414123535 6.5695495605
6.9442749023 6.0974731445 6.6832122803 7.0844879150 5.8746032715 7.0655517578 6.9686584473 4.1706848145 6.9741821289 6.4969787598
6.7178802490 6.2775268555 6.3717498779 6.8914489746 6.2397918701 6.3143768311 6.4454956055 3.4584503174 6.5413360596 6.4497680664
6.8823242188 6.7842559814 6.4571990967 7.3053741455 6.1312561035 6.7817382812 6.8281402588 4.0877685547 5.2250823975 6.9056396484
6.3503570557 5.8477020264 6.5367279053 6.7722625732 6.1535491943 7.0158081055 6.7550659180 5.8976135254 6.6488800049 6.9788818359
6.1700897217 5.9343872070 6.4597167969 6.9598388672 6.5712432861 6.9074096680 6.6103363037 6.7975921631 6.3924713135 6.8302001953
7.0196075439 5.8612670898 6.3915710449 7.2093658447 6.5577087402 6.8543243408 6.9095916748 6.3211669922 6.3443756104 6.6305389404
6.5318756104 6.5962524414 6.8964843750 6.8611297607 4.7703247070 6.2911682129 6.6583557129 6.3606567383 4.4923400879 6.7370910645
6.8045959473 6.9652252197 6.7002563477 7.2049407959 6.0939178467 6.4059295654 6.8320007324 5.7997283936 6.2576751709 6.4902343750
6.6961975098 6.4072570801 6.0422210693 7.2024383545 6.1116333008 6.7514801025 6.4326019287 6.0295867920 4.0048065186 6.2981719971
6.9539642334 5.7349853516 6.4718475342 7.3793487549 4.7666015625 6.3372192383 6.8083496094 6.3668212891 6.6929931641 6.5776214600
6.9822235107 6.1078338623 6.4005584717 7.1508178711 6.2033538818 7.2159118652 6.7034759521 4.9195861816 6.6218109131 5.9474792480
6.9413757324 5.8953247070 7.0486450195 7.3899841309 6.0878295898 6.5305633545 6.4444885254 4.9880676270 6.4193267822 6.2900848389
6.5989074707 5.8395843506 6.7091979980 7.0822296143 6.1411285400 6.1615905762 6.6196441650 6.3571319580 6.4408874512 6.0354309082
6.8456268311 6.3136138916 6.4266052246 6.8958892822 6.1716613770 6.5180206299 6.9522705078 6.0894927979 6.2913360596 6.1064147949
6.7309265137 6.3436431885 6.3277130127 7.1726226807 4.3078155518 6.8132781982 6.5489654541 5.9287261963 6.6557006836 6.1292724609
6.6910247803 5.9026184082 6.8035888672 6.8389587402 5.7457733154 4.8654785156 7.0545043945 6.1546020508 6.5037689209 6.2849273682
6.6762695312 5.6725921631 6.3803253174 6.9489135742 6.5822906494 6.9104614258 7.1345825195 5.6892089844 6.5993499756 6.2981872559
6.7079162598 5.2606811523 6.8827514648 6.8252868652 6.4671936035 6.9579162598 6.9211273193 5.9851989746 6.3364257812 6.3679656982
