7.7977447510 7.5800933838 7.4915313721 6.8579864502 7.3934478760 7.6536560059 7.2899475098 7.3010406494 7.8492736816 7.4995269775
7.5513000488 7.7575378418 7.7728729248 7.3657073975 7.5618591309 7.6004180908 7.6152801514 7.1819763184 7.8047485352 7.2014160156
7.2711181641 7.5944519043 7.5178070068 7.5290985107 7.4751739502 7.5350952148 7.3695068359 7.0826873779 7.3069610596 7.3274383545
7.7124023438 7.4790649414 7.6997680664 7.7082061768 7.4046478271 7.4286956787 7.2008056641 6.8090057373 7.6282196045 7.6663208008
7.3996276855 7.2581481934 7.1548767090 7.7789154053 7.3872528076 7.8056030273 7.4968261719 7.6629180908 7.6208038330 7.6455230713
7.4740142822 7.7579193115 7.4995574951 7.1520233154 7.3828277588 7.3199768066 7.2233581543 7.5989837646 7.5405578613 7.4397583008
6.9141998291 7.4368438721 7.6196441650 7.2504882812 7.6092376709 7.4604187012 7.1515655518 7.0175476074 7.5123291016 7.6584014893
7.6509094238 7.6793060303 7.3537139893 7.4521789551 7.2265167236 7.5444793701 7.2871856689 7.1920776367 7.6403503418 7.6834869385
7.8190002441 7.6442413330 7.3708190918 7.6452026367 7.3843688965 7.8496246338 7.5771179199 7.2627258301 7.7825469971 7.6215667725
7.5338439941 7.5693511963 7.8827972412 7.7568054199 7.3566131592 7.7111206055 7.4398345947 6.9964904785 7.6213378906 7.4906005859
7.8101654053 7.7537536621 7.1972351074 7.6936798096 7.4788818359 7.8550872803 7.4974975586 7.5952453613 7.5230712891 7.5841369629
7.5373077393 7.5533294678 7.8356781006 7.6336212158 7.1721801758 7.8186950684 6.9390411377 6.7715454102 7.7237854004 7.6328582764
7.0446777344 7.5274047852 7.4617767334 7.3758239746 7.1529998779 7.2160339355 7.3671569824 7.4898071289 7.7168579102 7.7594604492
7.4502868652 6.6842498779 7.4311370850 7.2534332275 7.2605590820 7.8673095703 7.3624420166 7.3934936523 7.4526062012 7.5351867676
7.4910430908 7.4867706299 7.5724487305 7.0495910645 6.6181030273 7.5107421875 7.2904663086 7.0164642334 7.6743164062 7.3189392090
7.6490173340 7.8326416016 7.3598022461 7.7281188965 7.2110290527 7.6708831787 6.8575592041 6.8507537842 7.9476165771 7.5245361328
7.4515075684 7.1128082275 7.4988250732 7.2079315186 7.0876312256 7.7711944580 7.4283294678 7.0839080811 7.6070709229 6.9744873047
7.7430419922 7.4301605225 7.3853454590 7.2633819580 7.1890258789 7.5524444580 7.3730621338 6.7146759033 7.6085205078 7.4855041504
7.1382446289 7.4958343506 7.7918090820 7.5306854248 7.4254150391 7.3180084229 7.2047271729 7.1297912598 7.9515533447 7.2997741699
7.3444671631 7.5960998535 7.4578399658 7.7245178223 7.3147583008 7.7366638184 7.4016418457 7.0449218750 7.9621276855 7.7218475342
7.8362731934 7.4699707031 7.6279296875 7.4327850342 7.3931274414 7.5368194580 7.5133514404 7.0698699951 7.7786254883 7.6334686279
7.7599334717 7.6092529297 7.7129058838 7.0394744873 7.3035888672 7.1983032227 7.2221527100 6.8675537109 7.7774810791 7.7186889648
7.7622375488 7.6512603760 7.3188781738 7.3965301514 7.3137207031 7.7904510498 7.0224914551 7.2049255371 7.8346557617 7.6819458008
7.4447784424 7.5574188232 7.4646148682 7.4612731934 7.6154022217 7.4580841064 7.0778045654 7.1753997803 7.7346954346 7.4973602295
7.2295227051 7.5493469238 7.3339233398 7.3384399414 7.1463012695 7.1793823242 7.5357055664 7.4372711182 7.7665863037 7.4060058594
7.3294830322 7.6547698975 7.7414245605 7.4693908691 7.3524932861 7.7267608643 7.0745086670 7.2695617676 7.6432800293 7.5420989990
7.7731323242 7.5501861572 7.4017181396 7.1166839600 7.6688995361 7.5847473145 7.4902343750 7.1683044434 7.2197570801 7.3356323242
7.6907653809 7.5485534668 7.7792968750 7.3499298096 7.3108978271 7.8006896973 7.6479492188 6.8845672607 7.6745300293 7.4788818359
6.9417114258 7.7419586182 7.0361633301 6.9921569824 7.5603027344 6.9035491943 7.1382904053 7.1267089844 7.6494903564 7.1077117920
7.3243103027 7.3788757324 7.5215759277 6.9065246582 7.2929534912 7.6001129150 7.2748718262 7.1197967529 7.4149932861 7.3687896729
7.5940246582 7.2379302979 7.2832336426 7.2902832031 7.2504272461 7.8156127930 7.1132507324 6.7740020752 7.9621734619 7.1077728271
7.2009429932 7.6902008057 7.7746124268 7.4874877930 6.9106292725 7.4691467285 7.3630065918 7.3976440430 7.3916931152 7.2309417725
7.6107788086 7.7161712646 7.4072875977 7.2131958008 7.3945465088 7.6122283936 7.3713531494 7.3005523682 7.5753784180 7.3412933350
7.5989685059 7.7159271240 7.9434661865 7.6265411377 7.3409423828 7.7407226562 7.2295684814 7.0960998535 7.8333435059 7.5465240479
7.5002593994 7.6412048340 7.2210693359 7.5400390625 7.3432159424 7.7937469482 7.4317474365 7.1831665039 7.6664123535 7.5357513428
6.8723754883 7.5735321045 7.4898223877 7.5596923828 7.5482635498 7.7755432129 7.4935455322 7.2073822021 7.7043151855 7.5570526123
7.2262420654 7.6936340332 6.8393554688 7.7880096436 7.5973968506 7.6529388428 7.4341278076 7.7689971924 7.5285491943 7.4802856445
7.1593933105 7.6437988281 7.7478027344 7.3809661865 7.4312286377 7.5778961182 7.5036163330 7.4433135986 7.3740081787 7.0814361572
7.4472503662 7.6185760498 7.7892913818 7.6954040527 7.2729034424 7.7276153564 7.4840545654 7.4334411621 7.6984405518 7.6329345703
7.4482421875 7.1567687988 7.3837890625 7.2641143799 7.4884490967 7.5965270996 7.3270416260 7.3567352295 7.4512329102 7.4874420166
7.3850860596 6.7947082520 7.6072845459 7.4868164062 7.4026031494 7.5611114502 7.5913391113 7.5172424316 7.7473602295 6.8587646484
7.6633300781 7.0047149658 7.3216552734 7.5289001465 7.5129241943 7.9206695557 7.4789428711 7.5647125244 7.7021331787 7.5823211670
7.6728973389 7.7371063232 7.5234832764 7.5571746826 7.5699768066 7.3403015137 7.5236358643 7.3936920166 7.8673095703 7.4506683350
7.4116058350 7.5949554443 7.9448242188 7.6882324219 7.3356018066 7.7697906494 7.4713897705 7.5249023438 7.7313995361 7.6687774658
7.8124694824 7.1829528809 7.8597717285 7.5563507080 7.1267547607 7.6184539795 7.3838043213 7.1945190430 7.7332000732 7.6490936279
7.5886077881 7.3260803223 7.6090240479 7.5787200928 7.3174285889 7.6789550781 7.5748901367 7.4878540039 7.5432586670 7.6180419922
7.4222717285 7.3012695312 7.8068695068 7.9433746338 7.0393371582 7.3922576904 7.7158050537 7.1614227295 7.3368530273 7.4568939209
7.8942260742 7.5758056641 7.9216003418 6.9932250977 7.1885833740 7.6800231934 7.4658508301 7.3808746338 7.7501525879 7.6891021729
7.6292877197 7.7227172852 7.5903015137 7.2119445801 6.9061889648 7.5079650879 7.5663909912 7.0196228027 7.9010009766 7.3544311523
7.8087005615 7.2665863037 7.8785858154 7.5268402100 7.4437866211 7.0905456543 7.4633331299 7.3211822510 7.6540985107 7.2470703125
7.3398895264 7.4117126465 7.7620697021 7.7520141602 7.3723449707 7.6216125488 7.1770172119 6.8748168945 7.9196014404 7.7012023926
7.0836944580 7.6913757324 7.4007263184 7.6587677002 7.3501892090 7.5036621094 7.0615844727 7.5099182129 7.7607574463 7.6275787354
7.7512969971 7.2706298828 7.2972259521 7.4527130127 7.5930633545 7.5279541016 7.3701171875 7.4884796143 7.8134155273 7.5255737305
7.6747436523 7.7129211426 7.4794006348 7.2978973389 7.4149169922 7.5155181885 7.4849090576 7.1102905273 7.8171691895 7.7750396729
7.5669097900 7.6212158203 7.8531494141 7.5454559326 7.4344024658 7.4892883301 7.1113281250 7.6575012207 7.5895385742 7.6719360352
7.3053131104 7.3018188477 7.5075988770 7.0568695068 7.4209594727 7.3871307373 7.4173583984 7.0654754639 7.2139282227 7.3526916504
7.3161926270 7.4975738525 7.6379241943 7.3997192383 7.2873229980 7.6275939941 7.3074645996 7.3879394531 7.8496551514 7.6554260254
7.1825866699 7.4883270264 7.5143432617 7.6648864746 6.9749908447 7.5434265137 7.4091339111 7.2084960938 7.3884277344 7.5423889160
7.4555969238 7.2994842529 7.1329956055 7.4430541992 7.5116424561 7.3259582520 7.1273956299 7.0767059326 7.9072418213 7.6184082031
7.8248291016 7.2729339600 7.7597198486 6.9531097412 7.2117614746 7.4347229004 7.4353027344 7.5524139404 7.7680664062 7.4223785400
7.5888366699 7.1875762939 7.4855499268 7.6394805908 7.4203491211 7.7380371094 7.0464935303 6.3619384766 7.2759094238 7.6608276367
7.3655700684 7.3342132568 7.8710937500 7.1460266113 7.4016418457 7.6223449707 6.8792572021 7.4233551025 7.5449981689 7.3192901611
7.0683593750 7.2470397949 7.6575775146 7.5551605225 7.3882904053 7.5912017822 7.4183502197 7.3408050537 7.7563781738 7.5362701416
7.1291809082 7.3529052734 7.5375061035 7.6814117432 7.6298217773 7.8480224609 7.2098236084 6.9228363037 7.8659515381 7.4735565186
7.6679077148 7.5011138916 7.7249298096 7.3442230225 7.2487030029 7.8636169434 7.3740997314 7.1656036377 7.8180847168 7.4793701172
7.0147094727 7.7306671143 7.3826141357 7.1100616455 7.3744354248 7.5387573242 7.2112426758 7.2444000244 7.8878631592 7.7190704346
7.2850189209 7.2008361816 7.8248443604 7.3377075195 7.3517150879 7.4542846680 6.7841186523 7.0617828369 7.7251892090 7.5629730225
7.3716430664 7.5430755615 7.8614501953 7.5858917236 7.4279632568 7.8269653320 7.0839233398 7.2404327393 7.8032226562 7.5327301025
7.0941314697 7.1920928955 7.8159332275 6.9454803467 7.5010375977 7.7496643066 7.2275848389 6.7977447510 7.8220520020 7.7356109619
7.7734985352 7.6527709961 7.2909088135 7.5824127197 7.4100494385 7.7191162109 7.6009216309 7.1259307861 7.5365447998 7.6977691650
7.0106506348 7.3917846680 7.0472564697 7.4488220215 7.5815582275 7.5823364258 6.8592681885 7.1260223389 7.8415985107 7.5562591553
7.4111633301 7.7783355713 7.3465423584 7.2513885498 7.1454010010 7.2619171143 7.2912445068 6.6102752686 7.9153442383 7.5126800537
7.8313903809 7.6671295166 7.5637664795 7.6559906006 7.4582214355 7.7408905029 7.3746490479 6.7685394287 7.7886962891 7.6290435791
7.9021911621 7.6313934326 7.7713470459 7.4577178955 7.2134552002 7.4596710205 7.5125274658 7.1588134766 7.7096862793 7.6623687744
6.9886932373 7.6690673828 7.8813171387 6.8380126953 6.5472106934 7.6354522705 7.2948455811 7.2706756592 7.7340087891 7.0746765137
7.6830139160 7.2383728027 7.8080139160 7.2238159180 7.6206359863 7.4535369873 7.2844390869 7.2853698730 7.6482391357 7.4655761719
7.3467407227 7.2956390381 7.9058227539 7.8479461670 7.5257415771 7.8570709229 7.5632476807 7.4107055664 7.8401489258 7.7083435059
7.0969085693 7.7290191650 7.4243316650 7.3933105469 7.3307189941 7.5238800049 7.0306243896 7.4710540771 7.7291564941 7.1916351318
7.6176147461 7.4465637207 7.7240600586 7.0480804443 7.2196502686 7.5206604004 7.4641265869 7.4572753906 7.9354248047 7.5970458984
7.3958435059 7.6186218262 7.5694122314 6.9376983643 7.2378234863 7.4860992432 7.1590576172 7.3933410645 7.9444580078 7.5300445557
7.6405639648 7.4551849365 7.5322418213 7.4425964355 7.5670471191 7.8162078857 7.0775909424 6.9332427979 7.5704193115 7.2948303223
7.9378967285 7.2256317139 7.7005920410 7.4177246094 7.4096832275 7.9776000977 6.8739013672 7.0195465088 7.8946685791 7.2282104492
7.9049682617 7.7442779541 7.5313568115 7.1759033203 7.6667785645 7.8186492920 7.2164001465 7.1727752686 7.7528076172 7.6337585449
7.6566009521 7.6390686035 7.2827453613 7.3484649658 7.1677246094 7.7630767822 7.2570495605 7.1640014648 7.4427185059 7.5223999023
7.1591033936 7.6254272461 7.7653961182 7.3945617676 7.2954864502 7.4774932861 7.2977905273 7.8943481445 7.8889007568 7.6407928467
7.4293975830 7.3884124756 7.5585937500 7.2585906982 7.2747039795 7.8063049316 7.6301116943 7.5708770752 7.7229919434 7.3767395020
7.3040771484 7.7441101074 7.6023864746 7.5292816162 7.1078338623 7.4989471436 7.3923950195 6.6104888916 7.7608032227 7.6500091553
7.3460388184 7.5523529053 7.5808563232 7.5983734131 7.3018341064 7.7736968994 7.4390869141 7.6902008057 7.7409515381 7.7100372314
7.8619842529 7.3246612549 7.4777526855 7.4889373779 7.3264160156 7.3144226074 7.0013122559 7.1751098633 7.5127716064 7.3671264648
7.3072662354 7.7558288574 7.3491516113 7.3525085449 7.2618408203 7.0029754639 6.8307647705 7.4601287842 7.5647277832 7.5650939941
7.6014099121 7.1287231445 7.7845458984 7.2976379395 7.0701751709 7.9613189697 7.7317810059 7.4713134766 7.6387481689 7.5881958008
7.3400268555 7.6008300781 7.3942260742 7.7800292969 7.3563690186 7.8804321289 7.5951995850 7.3860015869 7.7833099365 7.5453186035
7.6151275635 7.6839599609 7.8896331787 7.2434844971 7.4050292969 7.6636047363 7.6142578125 7.5550384521 7.6960296631 7.7281494141
7.4014434814 7.4838867188 7.4851989746 7.2280426025 7.4800109863 7.6009826660 7.0679931641 7.1030731201 7.1561584473 7.5806884766
7.7057189941 7.7200927734 7.4331359863 7.4247131348 7.4902801514 7.1521911621 7.4533386230 7.3616333008 7.2096405029 7.3878784180
7.0762634277 6.8180847168 7.9173736572 7.4983520508 7.2493743896 7.5177764893 7.5086517334 7.2365570068 7.9663543701 7.6206054688
7.7088012695 7.3137817383 7.8219757080 7.2112426758 7.4763793945 7.3427124023 7.2965850830 6.6587371826 7.4356689453 7.3902740479
7.6777648926 7.7464447021 7.5583953857 7.3446044922 7.1276397705 7.3535766602 7.3538360596 7.1027374268 7.6292724609 7.6999664307
7.7140808105 7.6844024658 7.6488037109 7.3936462402 7.4343872070 7.5107574463 7.6617584229 7.4493713379 7.8648223877 7.5132904053
7.1165008545 7.5855102539 7.6652984619 7.0967407227 7.2923126221 7.4312286377 6.6433410645 7.1382904053 7.5345764160 7.3663177490
