-0.0018157959
0.0033264160
-0.0179595947
0.0003662109
-0.0088195801
0.0018157959
0.0046081543
0.0048675537
-0.0177764893
0.0032806396
-0.0020599365
0.0143585205
0.0068359375
-0.0081939697
0.0161743164
-0.0002746582
-0.3229827881
0.3438720703
0.1051025391
-0.3390502930
-0.0567932129
0.2653045654
-0.0625762939
0.3264007568
0.3601074219
0.0369567871
0.0994262695
0.0425567627
0.2224578857
-0.3559875488
-0.1498107910
-0.0359802246
-0.0086364746
-0.0321197510
-0.0268096924
0.0054779053
-0.0073242188
-0.0110778809
0.0140228271
-0.0131988525
0.0121002197
-0.0014038086
0.0142364502
-0.0258636475
0.0122985840
0.0133514404
-0.0032348633
0.0087585449
-0.0042724609
-0.0045928955
0.0090332031
-0.0154266357
0.0067291260
0.0070190430
-0.0098419189
0.0025329590
-0.0123748779
-0.0150909424
0.0020599365
0.0084838867
-0.0048980713
-0.0124969482
-0.0080871582
-0.0136260986
0.0045928955
0.0141754150
0.0062103271
0.0007476807
-0.0081939697
0.0025787354
-0.0049133301
-0.0095520020
0.0066375732
-0.0039062500
-0.0027008057
0.0052185059
0.0047454834
-0.0102691650
-0.0014801025
0.0009613037
0.0023651123
0.0079193115
-0.0014343262
-0.0040893555
0.0043182373
-0.0106811523
0.0103149414
-0.0060882568
-0.0082397461
0.0101165771
-0.0144805908
0.0026245117
-0.0084381104
-0.0128326416
-0.0068511963
-0.0282135010
0.0020599365
0.0043487549
0.0152435303
-0.0056304932
0.0003356934
-0.0110931396
-0.0000915527
0.0003662109
0.0099182129
0.0072631836
0.0105743408
-0.0018310547
-0.0029144287
-0.0016174316
-0.0124206543
-0.0014648438
-0.0085754395
-0.0032043457
-0.0023040771
0.0039367676
-0.0022277832
0.0212707520
-0.0037078857
-0.0021209717
-0.0027923584
-0.0001220703
0.0043792725
0.0022888184
-0.0022735596
-0.0032653809
0.0090179443
-0.0080108643
-0.0038299561
-0.0020446777
0.0044860840
-0.0005035400
0.0018310547
0.0021820068
0.0072631836
0.0044403076
-0.0017395020
-0.0159759521
-0.0016632080
0.0081024170
0.0011901855
-0.0059967041
0.0061645508
-0.0007171631
-0.0085296631
-0.0094604492
-0.0014953613
0.0013885498
-0.0059509277
-0.0025024414
0.0016021729
-0.0021972656
0.0039215088
-0.0021209717
-0.0051879883
0.0021667480
-0.0015411377
-0.0098114014
0.0099792480
-0.0038146973
