-0.0216064453
-0.0350341797
0.0545043945
-0.0285034180
0.0120849609
-0.0389404297
-0.0447387695
-0.0407104492
-0.0148315430
-0.0893554688
0.0110473633
0.0027465820
-0.0136718750
-0.0439453125
0.0144653320
0.0153808594
0.0056152344
-0.0099487305
0.0009155273
-0.0015258789
-0.0072631836
0.0006713867
0.0106811523
-0.0070190430
-0.0104370117
0.0136108398
0.0020751953
0.0061035156
0.0142822266
0.0078735352
-0.0175170898
-0.0063476562
-0.1473388672
-0.1135253906
-0.0794677734
0.0048217773
0.0539550781
-0.1204833984
0.1668090820
-0.0417480469
-0.1205444336
-0.1162109375
-0.0620117188
-0.0556640625
0.0823364258
-0.0598144531
-0.0159301758
0.1499633789
-0.0890502930
0.1325073242
0.2221069336
-0.1923217773
0.2218627930
-0.1696777344
-0.1339111328
0.1526489258
-0.1569824219
-0.0972290039
-0.1551513672
-0.1891479492
0.1693115234
0.1745605469
-0.0863037109
0.0792846680
-0.0137329102
0.0299072266
-0.0549316406
0.0101928711
0.0391235352
-0.0287475586
0.0530395508
0.0148315430
0.0183105469
-0.0279541016
0.0043945312
-0.0178222656
-0.0333251953
0.0451049805
0.0248413086
0.0090332031
-0.0433959961
-0.1331787109
0.0621948242
0.0876464844
-0.0718383789
0.1847534180
-0.1013793945
0.1011352539
0.1539306641
-0.0167236328
0.0922851562
-0.1507568359
0.0736083984
0.1616821289
0.1785278320
0.1511840820
0.0155029297
0.0102539062
-0.0053100586
0.0124511719
0.0078735352
-0.0133056641
0.0162353516
0.0056762695
-0.0089721680
0.0204467773
-0.0085449219
0.0182495117
-0.0209350586
-0.0303955078
0.0169677734
0.0019531250
-0.1910400391
-0.2759399414
0.0885620117
-0.0656738281
-0.2080078125
0.1845703125
-0.2599487305
-0.1348266602
0.0677490234
0.2069702148
-0.0545654297
0.2659912109
0.0560913086
-0.3076171875
-0.0787963867
-0.1626586914
-0.0540771484
0.0382080078
-0.0468139648
0.0585327148
-0.0332641602
0.0187988281
-0.1024169922
0.0361328125
-0.0236816406
0.0032958984
0.0355834961
-0.0094604492
0.0642089844
-0.0729980469
0.0608520508
0.0192260742
0.2760620117
-0.0637207031
-0.2525024414
0.3142089844
-0.0606079102
-0.2596435547
-0.2600097656
-0.2937622070
-0.2700805664
0.2976074219
-0.0739135742
0.2853393555
0.3067626953
0.0851440430
0.0348510742
-0.2866821289
