0.0034942627
0.0139007568
-0.0302276611
-0.0028228760
-0.0386047363
0.0049591064
0.0089569092
0.0022430420
-0.0220642090
0.0058898926
-0.0126342773
0.0138549805
0.0063781738
-0.0101470947
0.0261383057
-0.0045776367
-0.3303833008
0.3414916992
0.1171722412
-0.3475799561
0.0086822510
0.2784271240
-0.0858612061
0.3395080566
0.3659057617
0.0827484131
0.0619812012
0.0697631836
0.2129516602
-0.3642578125
-0.0823974609
-0.0024414062
0.0037841797
-0.0101165771
-0.0084228516
-0.0020141602
-0.0061340332
0.0017852783
0.0043640137
-0.0098114014
0.0086669922
0.0042114258
0.0082855225
-0.0174407959
0.0095977783
0.0088500977
-0.0061187744
-0.0019989014
0.0002746582
0.0017242432
0.0127410889
-0.0175628662
0.0123901367
0.0017242432
-0.0068054199
0.0046844482
-0.0154113770
-0.0128173828
0.0028381348
0.0063629150
0.0034332275
-0.0044708252
-0.0075378418
-0.0093841553
0.0075683594
0.0076446533
0.0042266846
0.0027923584
-0.0004730225
0.0052642822
-0.0057830811
-0.0182189941
-0.0013580322
0.0000000000
-0.0055847168
0.0000000000
0.0048828125
-0.0130157471
-0.0005340576
-0.0023803711
0.0023498535
0.0000915527
0.0002746582
-0.0007171631
0.0058288574
-0.0054931641
0.0053100586
-0.0000915527
0.0017547607
0.0046234131
-0.0025939941
-0.0007019043
-0.0066833496
-0.0002136230
0.0013275146
-0.0184326172
0.0023803711
-0.0000915527
0.0042266846
-0.0024108887
0.0006713867
-0.0008544922
-0.0006713867
-0.0009765625
0.0030212402
-0.0008087158
0.0029907227
-0.0042724609
-0.0019836426
-0.0008087158
-0.0065917969
0.0019531250
-0.0007934570
-0.0035552979
0.0014038086
0.0048065186
-0.0019378662
0.0067291260
-0.0038909912
0.0045471191
-0.0123596191
0.0000457764
-0.0053863525
-0.0020599365
-0.0036926270
-0.0024108887
0.0049743652
-0.0097961426
-0.0030364990
-0.0015563965
0.0051116943
-0.0028381348
0.0024261475
-0.0024566650
0.0023803711
0.0011749268
0.0009613037
-0.0110168457
-0.0046997070
0.0026397705
0.0005950928
-0.0038604736
0.0057373047
-0.0041198730
-0.0046691895
-0.0077514648
-0.0030364990
0.0033111572
-0.0008544922
-0.0035705566
-0.0008392334
-0.0052490234
0.0022583008
-0.0008544922
-0.0037231445
0.0057220459
0.0007934570
-0.0118713379
0.0057678223
-0.0064697266
