0.0005645752
0.0038146973
0.0068359375
0.0016326904
0.0189361572
0.0093078613
-0.0094451904
-0.0174713135
-0.0178527832
-0.0150909424
-0.0022888184
-0.0209045410
-0.0076141357
-0.0073089600
-0.0067443848
-0.0087738037
-0.0016326904
0.0117645264
-0.0153961182
0.0051422119
0.0045623779
0.0002441406
-0.0036010742
-0.0028533936
-0.0024414062
0.0105133057
-0.0135955811
-0.0070800781
0.0207824707
0.0043945312
-0.0034027100
0.0010833740
0.0041503906
0.0133819580
0.0063323975
0.0280303955
0.0082550049
-0.0073699951
-0.0019683838
-0.0022277832
0.0062255859
-0.0130462646
-0.0090637207
0.0079345703
-0.0005340576
0.0054016113
-0.0244903564
0.0105133057
0.0016021729
0.0064544678
-0.0528411865
0.0149536133
0.0058135986
0.0027923584
0.0098571777
-0.0200195312
-0.0081787109
0.0220336914
0.0262756348
0.0243682861
0.0016632080
0.0203247070
0.0040740967
-0.0406036377
0.0042266846
-0.0120849609
0.0028533936
-0.0003204346
0.0024719238
0.0100402832
0.0017242432
0.0091705322
-0.0076904297
0.0095977783
-0.0020751953
0.0065155029
-0.0017700195
-0.0018615723
0.0081634521
0.0057067871
-0.0066223145
-0.0082702637
0.0021362305
0.0080871582
0.0090942383
-0.0021514893
0.0022583008
0.0091247559
-0.0093231201
0.0002746582
0.0030822754
0.0009613037
-0.0115509033
0.0065612793
-0.0050811768
0.0002746582
0.0142822266
0.0017700195
-0.0054931641
-0.0030517578
-0.0017089844
-0.0136871338
0.0013275146
-0.0005187988
0.0151977539
-0.0004882812
0.0098571777
0.0022125244
0.0082092285
-0.0037078857
-0.0015411377
-0.0021057129
-0.2740783691
-0.3182678223
0.0879211426
-0.1449584961
-0.2788543701
0.1522369385
-0.2775726318
-0.1974639893
0.0527496338
0.2631530762
-0.1568603516
0.3543853760
0.1682586670
-0.3513793945
-0.1639404297
-0.2535552979
-0.0002136230
0.0032348633
-0.0006561279
-0.0072174072
-0.0001831055
0.0005798340
-0.0018310547
-0.0023040771
0.0029907227
-0.0007934570
0.0025939941
-0.0049743652
0.0032196045
-0.0001525879
-0.0017700195
-0.0033111572
-0.0297393799
-0.0027618408
0.0177764893
-0.0180053711
-0.0066223145
0.0092315674
0.0191497803
0.0158081055
0.0101470947
-0.0134124756
0.0164337158
-0.0153503418
-0.0121765137
0.0184326172
-0.0052795410
0.0127868652
