0.0005187988
0.0017700195
-0.0055694580
-0.0022277832
0.0026855469
-0.0002136230
0.0028076172
0.0016937256
0.0054473877
0.0027008057
0.0039672852
0.0052337646
0.0023040771
-0.0007476807
-0.0001373291
0.0004730225
-0.0016632080
0.0092468262
-0.0129089355
0.0006561279
-0.0032196045
-0.0010070801
-0.0044403076
-0.0000610352
0.0014343262
-0.0030975342
-0.0088348389
-0.0135955811
0.0128479004
-0.0026702881
-0.0181732178
0.0019073486
-0.3586730957
-0.1408843994
-0.3127288818
-0.0173187256
-0.0425415039
-0.3237609863
0.2936859131
-0.0559692383
-0.3339538574
-0.3300628662
-0.1895599365
-0.1795349121
0.0349121094
-0.1154632568
0.1878662109
0.3654632568
-0.0068359375
0.0052185059
0.0005035400
0.0065460205
-0.0170288086
0.0026092529
0.0233306885
0.0005187988
0.0190734863
0.0104827881
0.0026702881
-0.0068206787
0.0034027100
-0.0081634521
0.0101013184
-0.0179901123
0.0082855225
0.0375823975
0.0128173828
0.0008697510
0.0116271973
0.0107879639
-0.0028228760
-0.0036926270
-0.0079040527
0.0139617920
0.0192413330
0.0161132812
-0.0131225586
-0.0094604492
0.0160064697
0.0279083252
-0.0025482178
0.0063018799
-0.0022583008
-0.0111236572
-0.0057220459
0.0044250488
0.0135650635
-0.0047607422
-0.0000305176
0.0169677734
-0.0034942627
0.0033416748
-0.0084838867
-0.0322265625
-0.0026397705
-0.0081939697
-0.0091247559
-0.0188140869
0.0289916992
-0.0152130127
0.0081939697
0.0130310059
-0.0161285400
0.0005187988
0.0410614014
-0.0231018066
0.0070495605
-0.0054779053
0.0216217041
0.0095367432
-0.0126190186
0.0120697021
0.0264434814
0.0344543457
0.0078430176
-0.0248718262
0.0244598389
-0.0252227783
0.0236511230
-0.0207977295
-0.0332031250
0.0234832764
0.0281829834
-0.0306549072
0.0128631592
0.0509338379
0.0175018311
0.0171356201
-0.0027770996
-0.0047454834
-0.0038299561
-0.0256042480
0.0009613037
-0.0018310547
-0.0038604736
0.0047607422
-0.0012817383
0.0117187500
0.0126495361
0.0075683594
-0.0125885010
-0.0014343262
-0.0048370361
0.0025329590
0.0092773438
-0.0093078613
0.0035705566
0.0016784668
0.0040130615
0.0034790039
-0.0002441406
0.0042877197
0.0030212402
-0.0000762939
-0.0180511475
-0.0025329590
0.0006256104
-0.0073242188
0.0087890625
0.0035095215
