0.0108032227
0.0020446777
0.0111999512
0.0170745850
-0.0082092285
0.0369415283
0.0129852295
-0.0171051025
-0.0086059570
0.0179290771
-0.0187988281
0.0072784424
0.0060119629
0.0267181396
-0.0098571777
-0.0045166016
-0.0039215088
0.0060577393
-0.0098266602
-0.0012664795
-0.0085754395
0.0005035400
0.0011596680
0.0019989014
0.0008392334
0.0059204102
0.0029602051
-0.0099945068
0.0067138672
-0.0007171631
0.0011596680
-0.0071868896
-0.0077819824
-0.0143737793
-0.0102233887
-0.0087890625
-0.0083618164
0.0047302246
0.0049285889
0.0114746094
0.0058135986
0.0102386475
0.0037231445
0.0158233643
-0.0009002686
-0.0033874512
-0.0140838623
-0.0076141357
-0.0063781738
-0.0009765625
0.0016326904
-0.0011444092
-0.0049438477
0.0095062256
0.0121765137
0.0027465820
-0.0035858154
-0.0048370361
-0.0040740967
0.0005798340
0.0054626465
-0.0152893066
-0.0085601807
0.0016479492
0.0020751953
-0.0106353760
0.0047912598
0.0090942383
-0.0049285889
-0.0004119873
-0.0112304688
-0.0060119629
-0.0045013428
-0.0022277832
-0.0027008057
0.0025482178
0.0002136230
0.0018005371
-0.0028839111
-0.0005493164
0.0061798096
-0.0003967285
0.0084228516
0.0021209717
-0.0012969971
0.0036163330
0.0016021729
-0.0012512207
-0.0007476807
0.0106048584
-0.0009765625
-0.0084075928
0.0024871826
0.0022735596
0.0045928955
0.0061340332
-0.0007171631
0.0042572021
0.0065612793
-0.0025787354
0.0050048828
-0.0021362305
-0.0068969727
-0.0052947998
0.0023193359
-0.0036010742
0.0081787109
0.0020141602
0.0039978027
0.0011901855
-0.0003356934
-0.0007476807
0.0014038086
-0.0004730225
-0.0004730225
0.0008697510
-0.0164184570
0.0177917480
-0.0007781982
-0.0096588135
-0.0057067871
0.0015869141
-0.0025787354
-0.0144958496
0.0027008057
0.0052490234
-0.0023193359
-0.0012359619
-0.3427734375
0.2929840088
0.0638885498
0.1053009033
-0.3272705078
-0.0142211914
-0.1170654297
0.3507995605
-0.3404541016
0.1237487793
0.0924377441
0.3470153809
0.1395416260
-0.2330932617
0.1399230957
0.3166961670
0.0071868896
0.0007781982
-0.0062561035
0.0001983643
-0.0031127930
0.0066375732
-0.0027770996
0.0030975342
0.0096435547
-0.0054321289
0.0086669922
-0.0025939941
-0.0060119629
-0.0061492920
0.0007171631
0.0011901855
