-0.0106353760
-0.0074005127
-0.0023040771
-0.0059051514
0.0045928955
-0.0027465820
-0.0066680908
0.0014953613
0.0052032471
-0.0083312988
0.0023956299
0.0013275146
0.0030670166
0.0045318604
-0.0027465820
0.0036010742
0.0054321289
-0.0018615723
-0.0052032471
0.0068511963
0.0100402832
-0.0041809082
-0.0030364990
-0.0066375732
-0.0064544678
-0.0006713867
-0.0083618164
0.0020446777
0.0025787354
0.0065460205
0.0094451904
-0.0056915283
0.0021057129
0.0016784668
0.0123901367
0.0043334961
0.0087890625
0.0039978027
-0.0043640137
0.0033721924
-0.0004272461
0.0058288574
-0.0061035156
0.0041809082
0.0040893555
-0.0104064941
0.0004577637
-0.0050964355
-0.1905364990
0.1641235352
0.2529296875
-0.2927398682
0.2445068359
-0.2242584229
-0.2100219727
0.1667938232
-0.2314910889
-0.2758178711
-0.3038635254
-0.1114959717
0.1466064453
0.3060760498
-0.2501678467
0.2953796387
0.0092468262
-0.0087738037
0.0144195557
-0.0060119629
-0.0159454346
0.0092163086
-0.0083465576
0.0000915527
-0.0092620850
0.0146179199
-0.0068054199
0.0033111572
0.0131072998
0.0014801025
-0.0017852783
0.0060729980
0.0012054443
0.0034942627
0.0034790039
-0.0007019043
0.0131378174
-0.0024261475
0.0009765625
-0.0097503662
-0.0035552979
0.0071105957
-0.0178222656
0.0013580322
0.0003662109
-0.0012207031
-0.0100555420
-0.0098571777
-0.0098419189
-0.0011138916
-0.0055999756
0.0029449463
0.0001678467
0.0101776123
0.0022735596
0.0059356689
-0.0077362061
-0.0090484619
-0.0070037842
-0.0008697510
-0.0066223145
0.0032653809
0.0168151855
-0.0047607422
0.0181732178
0.0230560303
-0.0002288818
0.0000000000
0.0186767578
-0.0174560547
0.0205841064
0.0104522705
-0.0229492188
-0.0150299072
-0.0071868896
-0.0125579834
0.0022277832
0.0163879395
0.0156250000
0.0039978027
-0.0108489990
0.0144195557
-0.0109558105
-0.0235900879
-0.0174865723
-0.0077514648
-0.0289306641
0.0142974854
-0.0120544434
-0.0047607422
0.0145874023
-0.0006408691
-0.0162200928
-0.0129547119
-0.0202026367
0.0236358643
-0.0014953613
-0.0025634766
-0.0003356934
-0.0006713867
0.0020599365
-0.0014648438
0.0032196045
-0.0020599365
-0.0007934570
0.0005645752
-0.0060272217
0.0029296875
0.0001068115
0.0062713623
-0.0004577637
-0.0041656494
