0.0012054443
0.0044097900
-0.0094146729
-0.0004577637
-0.0007324219
0.0110168457
0.0019378662
-0.0026245117
-0.0026550293
-0.0037841797
0.0069885254
-0.0006713867
-0.0007476807
-0.0060729980
-0.0018310547
-0.0021362305
0.0044555664
0.0061950684
-0.0177917480
0.0115966797
0.0137023926
-0.0033721924
-0.0092926025
-0.0099029541
-0.0094299316
0.0134124756
-0.0035400391
-0.0026092529
0.0076446533
0.0110778809
0.0008392334
0.0106353760
0.0062866211
0.0001525879
0.0030517578
0.0102996826
0.0009460449
0.0035095215
-0.0014038086
0.0187683105
0.0047760010
0.0130310059
0.0028991699
0.0006561279
-0.0052947998
-0.0026092529
-0.0011291504
-0.0067596436
-0.0071411133
-0.0016326904
-0.0036468506
0.0154724121
-0.0034027100
-0.0035247803
0.0045166016
0.0042266846
0.0022277832
0.0024719238
0.0005035400
0.0021972656
-0.0034790039
0.0000915527
0.0012664795
-0.0028839111
-0.0025482178
-0.0019683838
0.0036468506
-0.0232849121
-0.0031890869
0.0014343262
-0.0036010742
-0.0084075928
0.0000000000
-0.0047454834
0.0064086914
-0.0081024170
0.0086212158
0.0022125244
-0.0036010742
0.0140075684
0.0033264160
0.0129089355
-0.0126647949
-0.0011596680
0.0244598389
-0.0055847168
0.0203704834
-0.0026397705
-0.0147552490
-0.0193939209
0.0083007812
0.0140533447
0.0173645020
-0.0221252441
-0.0160369873
-0.0092926025
-0.0085906982
0.0001831055
-0.0003967285
-0.0005187988
0.0063629150
0.0028839111
-0.0081481934
-0.0014343262
0.0076446533
-0.0007171631
-0.0020141602
-0.0015563965
0.0000305176
0.0015106201
0.0024566650
0.0016479492
-0.1980285645
-0.2783050537
0.1970062256
-0.2209472656
-0.2794342041
0.1459197998
-0.2823791504
-0.2797851562
-0.0924224854
0.3195648193
-0.1588745117
0.2685241699
0.2252655029
-0.2525024414
-0.2781829834
-0.1720886230
-0.0094146729
0.0054626465
0.0051116943
-0.0079498291
-0.0061035156
0.0036926270
-0.0240325928
0.0103454590
-0.0083618164
0.0085754395
0.0060272217
0.0111236572
0.0031890869
-0.0117645264
0.0060119629
0.0056762695
-0.0006103516
0.0039825439
0.0037231445
-0.0036163330
0.0010223389
-0.0012359619
-0.0064544678
0.0107574463
-0.0051269531
0.0103302002
-0.0007019043
-0.0042266846
0.0016784668
0.0044403076
-0.0010375977
0.0104827881
