-0.0031585693
-0.0104980469
0.0081329346
0.0015106201
0.0259552002
0.0062103271
-0.0024871826
0.0044555664
-0.0036621094
-0.0008239746
0.0156250000
-0.0028686523
0.0017395020
-0.0021057129
0.0087432861
0.0063018799
0.0226593018
-0.0105895996
-0.0298919678
0.0372924805
-0.0128784180
-0.0179138184
0.0046386719
-0.0336761475
-0.0378112793
0.0198974609
-0.0243682861
-0.0056610107
0.0171966553
0.0393524170
0.0184173584
-0.0093536377
0.0185394287
0.0027923584
0.0143585205
-0.0101165771
-0.0057830811
0.0107421875
-0.0100097656
0.0008850098
0.0163879395
0.0108032227
-0.0052032471
0.0032653809
0.0015869141
-0.0050811768
-0.0052032471
-0.0107116699
-0.0009765625
-0.0036621094
0.0016326904
0.0190277100
-0.0086059570
0.0153503418
-0.0154571533
-0.0180969238
-0.0077056885
0.0186157227
0.0188751221
-0.0053100586
0.0150604248
-0.0232391357
0.0178527832
-0.0151214600
0.0140380859
-0.0128021240
0.0100402832
-0.0043182373
-0.0065612793
0.0156860352
-0.0190124512
-0.0088195801
-0.0113525391
0.0086975098
-0.0060272217
0.0139617920
0.0001525879
-0.0160217285
-0.0120239258
-0.0031280518
0.0035705566
0.0018005371
-0.0083770752
0.0105285645
0.0091094971
-0.0097503662
0.0161285400
0.0040893555
-0.0041961670
-0.0070800781
-0.0073699951
0.0029144287
0.0018310547
0.0040130615
-0.0066833496
-0.0209197998
0.0435180664
0.0301208496
0.0208435059
0.0108032227
-0.0073547363
-0.0561676025
0.0171813965
-0.0084686279
0.0393829346
-0.0103302002
0.0083770752
0.0262908936
0.0048675537
-0.0243988037
-0.0326385498
-0.0268554688
-0.3072509766
-0.3312530518
0.1097869873
-0.1998138428
-0.2747802734
0.2145538330
-0.3028717041
-0.1905822754
0.0659942627
0.2529907227
-0.0905609131
0.3471679688
0.1691589355
-0.3468627930
-0.1959991455
-0.1875915527
-0.0061950684
-0.0005798340
-0.0175323486
0.0013122559
0.0015869141
-0.0041046143
-0.0075378418
0.0076599121
0.0018463135
0.0026245117
-0.0016937256
0.0075378418
-0.0070800781
0.0084075928
0.0041809082
-0.0049591064
0.0010986328
-0.0053405762
-0.0050811768
0.0004119873
0.0044555664
-0.0036773682
-0.0027923584
0.0004882812
0.0029602051
-0.0004730225
0.0045166016
0.0016326904
-0.0031890869
0.0052337646
-0.0020141602
-0.0018615723
