-0.2590637207
-0.3053283691
0.2959442139
-0.2392120361
0.2470092773
-0.1995697021
-0.1874084473
0.0523376465
0.2845764160
-0.2504425049
0.2754364014
0.1492462158
-0.2677612305
-0.1841735840
-0.0274505615
0.3008422852
0.0013885498
0.0006561279
-0.0017089844
-0.0002746582
-0.0018310547
-0.0008239746
-0.0097198486
0.0005187988
-0.0000915527
-0.0058288574
0.0026397705
0.0026397705
-0.0020294189
0.0000762939
-0.0026550293
-0.0005187988
-0.0121917725
-0.0092315674
-0.0044860840
-0.0105438232
-0.0108795166
0.0009460449
0.0113983154
0.0075073242
0.0136108398
-0.0023956299
0.0246124268
-0.0083465576
0.0003814697
-0.0049743652
0.0390472412
0.0056457520
-0.0166625977
0.0088043213
-0.0046539307
0.0004882812
0.0024719238
-0.0062713623
0.0083312988
-0.0036621094
-0.0116271973
-0.0163269043
-0.0129852295
-0.0204620361
0.0015106201
0.0078582764
-0.0178070068
0.0214843750
-0.0000915527
-0.0023193359
-0.0019073486
-0.0034027100
-0.0022735596
-0.0018157959
-0.0067138672
-0.0019073486
0.0036163330
-0.0074310303
0.0040130615
0.0077819824
-0.0131378174
-0.0068206787
0.0104522705
-0.0012359619
0.0236511230
0.0046844482
-0.0033111572
-0.0228118896
0.0099945068
-0.0217590332
0.0009765625
-0.0167846680
-0.0317535400
0.0072479248
-0.0251770020
0.0143280029
-0.0054626465
-0.0308380127
-0.0331268311
-0.0318145752
-0.0523071289
0.0317993164
-0.0137786865
0.0387573242
-0.0150909424
-0.0016632080
0.0067138672
0.0120086670
-0.0257110596
0.0308990479
-0.0230712891
-0.0039215088
-0.0003814697
0.0002593994
0.0094757080
-0.0104217529
0.0060119629
0.0017242432
0.0012359619
-0.0041351318
-0.0107879639
0.0192871094
0.0014343262
-0.0144958496
-0.0140686035
0.0070343018
0.0088653564
-0.0117492676
0.0028533936
0.0079193115
-0.0007629395
0.0096130371
-0.0030670166
0.0129699707
0.0139160156
0.0289001465
0.0026855469
0.0170135498
-0.0063171387
-0.0043945312
0.0039367676
0.0152282715
0.0155792236
-0.0031280518
0.0222167969
0.0053100586
0.0106353760
-0.0008697510
-0.0122375488
0.0026397705
-0.0033569336
-0.0106353760
0.0089874268
-0.0083923340
0.0036621094
-0.0018310547
-0.0066986084
0.0032348633
0.0247039795
0.0023345947
-0.0053710938
0.0027008057
0.0008392334
0.0019226074
