0.0019836426
0.0020599365
-0.0017547607
0.0007781982
-0.0122833252
0.0074462891
0.0024261475
-0.0087890625
0.0005645752
0.0041809082
-0.0044708252
-0.0031280518
0.0052490234
0.0090332031
0.0105133057
-0.0015258789
0.0041961670
0.0012817383
-0.0056610107
0.0080261230
0.0012054443
-0.0039978027
0.0016784668
-0.0077056885
-0.0080718994
-0.0010528564
-0.0111236572
-0.0044403076
0.0086975098
0.0084381104
-0.0022735596
-0.0099487305
0.0207366943
0.0209808350
0.0010223389
0.0068206787
0.0084533691
0.0143890381
-0.0267791748
-0.0042266846
0.0202178955
0.0104675293
-0.0012054443
0.0005493164
-0.0032653809
0.0034942627
-0.0023498535
-0.0071563721
-0.2242736816
0.1816406250
0.2960205078
-0.2351989746
0.2559509277
-0.2615203857
-0.2495727539
0.1717376709
-0.2652282715
-0.2642364502
-0.3044738770
-0.1342620850
0.1853790283
0.2856445312
-0.2057495117
0.2239990234
-0.0037078857
-0.0000762939
-0.0033874512
-0.0052642822
-0.0035858154
-0.0049438477
-0.0010681152
-0.0000915527
0.0011596680
-0.0065612793
-0.0001068115
-0.0025177002
0.0009613037
-0.0004425049
0.0023040771
0.0008087158
-0.0088653564
0.0027770996
0.0095825195
-0.0011749268
-0.0055389404
0.0092468262
-0.0153961182
0.0108947754
0.0155487061
0.0160217285
-0.0021514893
0.0163879395
0.0050811768
0.0074462891
0.0073547363
0.0093078613
-0.0046234131
0.0023498535
0.0015411377
-0.0004425049
0.0017547607
0.0011749268
-0.0028228760
0.0022430420
0.0022735596
-0.0025329590
0.0008239746
0.0108489990
0.0017700195
0.0055999756
0.0020141602
-0.0025177002
0.0176391602
0.0263214111
-0.0169982910
-0.0026245117
0.0206909180
-0.0158386230
0.0358428955
0.0026397705
0.0016174316
-0.0064086914
0.0012664795
-0.0307312012
0.0010528564
0.0431823730
0.0398864746
0.0093688965
-0.0048065186
0.0018157959
-0.0098419189
-0.0128326416
-0.0054626465
0.0045776367
-0.0211029053
0.0047760010
-0.0093994141
0.0096740723
-0.0030059814
0.0046539307
0.0030517578
-0.0067901611
0.0025787354
0.0079956055
0.0034179688
-0.0023193359
0.0035247803
-0.0069732666
0.0067596436
0.0078887939
0.0044555664
0.0011138916
0.0029754639
-0.0012512207
-0.0069427490
-0.0016479492
-0.0055389404
0.0091705322
-0.0044403076
0.0068511963
