-0.0030517578
-0.0010375977
-0.0018005371
-0.0012512207
0.0007171631
0.0003356934
-0.0025482178
-0.0039825439
-0.0071563721
-0.0048980713
-0.0002899170
0.0004882812
0.0021667480
-0.0031433105
0.0073547363
0.0007324219
0.0042877197
-0.0056915283
0.0012512207
0.0045166016
0.0026702881
-0.0042877197
0.0033569336
-0.0046844482
-0.0036926270
-0.0053253174
-0.0002136230
-0.0003356934
-0.0033416748
0.0048370361
-0.0015869141
-0.0007171631
0.0028991699
-0.0016326904
-0.0037994385
-0.0014801025
0.0065155029
-0.0040130615
-0.0059814453
0.0034179688
-0.0000610352
0.0032806396
-0.0010528564
0.0015258789
-0.0031280518
-0.0036926270
-0.0019531250
-0.0016784668
-0.2722015381
0.1851196289
0.3442535400
-0.1618499756
0.2510223389
-0.2824249268
-0.2306060791
0.1251983643
-0.2012481689
-0.2252502441
-0.2886352539
-0.2079162598
0.2617950439
0.1899719238
-0.2369842529
0.2155761719
-0.0010986328
0.0018310547
-0.0016784668
-0.0102844238
-0.0042419434
-0.0041351318
-0.0033569336
-0.0054779053
-0.0019531250
-0.0025634766
-0.0068511963
-0.0005035400
0.0024108887
-0.0003967285
-0.0017547607
-0.0036621094
0.0241088867
-0.0001831055
-0.0122833252
0.0034637451
0.0304260254
-0.0296783447
-0.0004119873
-0.0301055908
-0.0126190186
0.0345611572
-0.0119781494
0.0507812500
0.0019226074
-0.0290527344
-0.0401153564
-0.0234375000
0.0012664795
-0.0001068115
-0.0034942627
0.0015869141
0.0000305176
0.0011291504
0.0002288818
0.0021820068
-0.0020599365
-0.0028381348
-0.0027160645
0.0033874512
0.0002441406
-0.0008544922
-0.0001831055
-0.0001068115
0.0047302246
0.0134582520
-0.0049285889
-0.0015563965
0.0125732422
-0.0162963867
0.0096893311
0.0081329346
-0.0011596680
-0.0098724365
0.0227355957
-0.0036468506
0.0029754639
0.0082397461
0.0020904541
0.0157165527
0.0013122559
-0.0087585449
-0.0028839111
0.0044860840
0.0072631836
0.0128936768
-0.0102539062
0.0089721680
-0.0081024170
0.0048065186
-0.0084075928
0.0171813965
0.0191802979
-0.0107879639
0.0018005371
-0.0046844482
0.0134124756
-0.0094604492
-0.0008697510
0.0030364990
-0.0068359375
0.0050811768
-0.0008850098
-0.0024108887
0.0023345947
0.0011444092
-0.0160369873
-0.0026855469
-0.0012664795
-0.0005798340
0.0018920898
0.0077514648
