0.0126342773
0.0295410156
-0.0238494873
0.016418457
-0.00309753418
0.00202941895
0.00584411621
0.0116729736
-0.0176391602
0.0115966797
-0.0345458984
-0.0127716064
0.0394134521
0.0144195557
0.0149230957
-0.0433654785
0.00341796875
0.000381469727
0.005859375
-0.00312805176
0.00286865234
7.62939453e-05
-0.00396728516
0.00175476074
0.00126647949
-0.0235595703
-0.00961303711
0.00563049316
-0.00108337402
-0.00308227539
0.00436401367
-0.0180969238
0.00253295898
0.00604248047
-0.00198364258
-0.000839233398
-0.0184936523
0.00389099121
-0.00852966309
0.000869750977
0.00650024414
-4.57763672e-05
0.00122070312
0.00762939453
-0.0108184814
0.000152587891
-0.0191802979
-0.000564575195
-0.0118865967
-0.00340270996
0.0186309814
-0.000427246094
-0.012008667
-0.0272369385
-0.00141906738
-0.0126190186
-0.014251709
-0.00791931152
-0.0124206543
0.0199890137
0.0112915039
-0.0176696777
0.0197601318
-0.0469360352
-0.00160217285
-0.00225830078
-0.00239562988
-0.00805664062
-0.00141906738
0.000503540039
0.00157165527
-0.00245666504
0.00175476074
-0.0033416748
0.00250244141
-0.00332641602
-0.00032043457
-0.00495910645
0.00390625
-9.15527344e-05
-0.0935974121
-0.31892395
-0.0511627197
0.292831421
-0.146789551
0.2237854
-0.109405518
0.265045166
0.191329956
-0.324707031
0.268310547
-0.0854187012
0.271728516
0.154983521
0.201889038
0.407455444
0.000930786133
-0.00386047363
-0.00784301758
-0.00805664062
0.00352478027
-0.0065612793
-0.00225830078
0.000274658203
-0.00369262695
0.010055542
0.00291442871
0.000442504883
0.00332641602
0.00346374512
-0.00398254395
-9.15527344e-05
-0.00201416016
0.000900268555
-0.00384521484
0.00442504883
0.00393676758
-0.000671386719
0.00357055664
0.000869750977
0.00511169434
-0.000534057617
-0.0101776123
-0.000915527344
-0.00396728516
0.00231933594
0.00303649902
-0.00280761719
0.00253295898
0.00411987305
-0.0101318359
-0.00205993652
-0.000686645508
-0.01902771
0.00326538086
-0.00117492676
0.00506591797
0.00451660156
0.00497436523
-0.00411987305
0.0124053955
0.00628662109
-0.0047454834
-0.00108337402
0.0197753906
-0.00350952148
-0.00428771973
0.00115966797
-0.0069732666
0.0143280029
-0.000930786133
0.0076751709
0.0132141113
-0.00978088379
-0.0161132812
-0.00941467285
-0.00773620605
-0.0126647949
-6.10351562e-05
0.00682067871
