-0.0098419189
0.0001831055
-0.0049438477
-0.0060119629
0.0064239502
-0.0011901855
-0.0060424805
-0.0002899170
0.0016632080
-0.0063018799
-0.0087585449
0.0061645508
0.0016937256
0.0036163330
-0.0000915527
-0.0054168701
0.0074157715
0.0010833740
-0.0147094727
0.0176239014
0.0091094971
-0.0061035156
-0.0134277344
-0.0158386230
-0.0179138184
0.0032806396
-0.0045166016
-0.0042572021
0.0023803711
0.0186309814
0.0104675293
-0.0040283203
0.0190582275
0.0040893555
0.0127868652
0.0273742676
-0.0127105713
0.0105743408
-0.0137939453
0.0021667480
0.0171661377
0.0086669922
-0.0007171631
0.0002136230
-0.0037689209
-0.0032958984
-0.0215454102
-0.0086822510
-0.3278808594
0.1745300293
0.3280487061
-0.2523498535
0.2392120361
-0.2116699219
-0.2079925537
0.1682891846
-0.2751770020
-0.2263031006
-0.2211914062
-0.1016845703
0.3177642822
0.2361450195
-0.1532897949
0.1326904297
0.0007171631
-0.0142669678
0.0039825439
-0.0043334961
-0.0087280273
0.0032806396
-0.0022430420
-0.0003204346
-0.0045776367
0.0052947998
0.0066833496
-0.0053710938
0.0054931641
0.0062103271
0.0010986328
-0.0037078857
0.0121917725
-0.0080718994
0.0076904297
0.0017242432
-0.0199737549
0.0037689209
0.0091552734
0.0091400146
-0.0137329102
-0.0193328857
0.0047607422
-0.0106048584
-0.0076293945
0.0037231445
-0.0025939941
0.0153350830
0.0123291016
0.0008087158
-0.0029144287
-0.0031890869
-0.0003051758
0.0047760010
-0.0039062500
-0.0002288818
0.0045318604
-0.0017089844
0.0030059814
-0.0034027100
0.0071411133
0.0014190674
-0.0045776367
0.0013732910
0.0194244385
0.0096893311
-0.0037078857
0.0012817383
-0.0171813965
-0.0131378174
0.0024566650
-0.0074768066
-0.0204620361
0.0049438477
-0.0106811523
-0.0271453857
0.0044860840
0.0200347900
-0.0001373291
-0.0007324219
0.0001678467
0.0063018799
0.0016937256
-0.0110015869
-0.0056915283
-0.0021972656
0.0063781738
-0.0101165771
0.0025787354
-0.0076904297
-0.0005035400
-0.0122680664
0.0096130371
-0.0082702637
0.0049743652
0.0031280518
-0.0027313232
0.0039978027
0.0090332031
-0.0023651123
0.0010833740
0.0044708252
0.0014801025
0.0070953369
-0.0014495850
0.0026245117
-0.0019226074
-0.0072631836
0.0009460449
0.0062866211
-0.0043334961
0.0082855225
