-0.0065917969
-0.0072326660
0.0083770752
-0.0039672852
-0.0025024414
0.0023040771
-0.0079650879
0.0156860352
0.0034179688
-0.0090332031
-0.0027160645
0.0126953125
-0.0068054199
0.0022430420
-0.0059356689
0.0080261230
-0.0001068115
0.0024261475
-0.0050811768
0.0011749268
-0.0037078857
-0.0010070801
-0.0008544922
-0.0014343262
-0.0018005371
0.0011749268
-0.0019836426
-0.0029144287
0.0036163330
0.0008850098
-0.0048980713
0.0008850098
-0.3217315674
-0.2076568604
-0.2197875977
0.1043395996
-0.0730743408
-0.3166656494
0.2831420898
-0.0299072266
-0.3758544922
-0.3133697510
-0.1564788818
-0.1665344238
0.0581054688
-0.0780944824
0.2150421143
0.3239746094
-0.0009307861
-0.0016174316
-0.0054473877
0.0019683838
0.0020446777
0.0001525879
0.0090637207
0.0001831055
-0.0074615479
-0.0056915283
0.0055541992
0.0130157471
-0.0046691895
-0.0102233887
-0.0070800781
-0.0112762451
0.0054931641
-0.0082855225
0.0080108643
-0.0107421875
0.0009918213
0.0043792725
-0.0113525391
-0.0060119629
-0.0016784668
-0.0033416748
-0.0047149658
0.0072784424
-0.0035095215
-0.0084686279
0.0113525391
0.0070190430
-0.0029754639
0.0002746582
0.0031738281
0.0024566650
-0.0005035400
-0.0015716553
0.0013275146
0.0055541992
-0.0016784668
-0.0057220459
0.0003967285
-0.0039825439
-0.0024414062
0.0041198730
0.0003509521
0.0008544922
0.0151367188
-0.0010528564
0.0163116455
0.0009765625
-0.0086517334
0.0186767578
0.0021057129
-0.0026245117
-0.0087585449
0.0088348389
-0.0026702881
0.0092163086
-0.0046997070
0.0039367676
-0.0142822266
0.0016632080
-0.0014648438
0.0031738281
-0.0116577148
0.0075988770
-0.0054626465
-0.0046386719
0.0080261230
-0.0073394775
0.0123291016
0.0031433105
0.0041656494
-0.0105133057
0.0029144287
0.0143585205
-0.0023040771
0.0044250488
-0.0059967041
-0.0129394531
0.0007324219
-0.0084381104
0.0129699707
0.0045928955
-0.0061340332
0.0088195801
-0.0005950928
-0.0076599121
-0.0045776367
0.0099639893
-0.0093688965
0.0000457764
0.0023803711
-0.0113830566
0.0029144287
0.0050201416
0.0068511963
-0.0047149658
-0.0002593994
-0.0006866455
0.0037994385
0.0016174316
-0.0038757324
0.0004730225
-0.0063629150
-0.0038604736
-0.0022430420
0.0109558105
0.0004425049
0.0087585449
