0.0056152344
0.0026397705
-0.0043792725
-0.0017852783
0.0118865967
-0.0023345947
0.0001373291
-0.0029907227
-0.0057830811
0.0015716553
0.0051727295
-0.0039978027
-0.0006561279
-0.0010528564
0.0009918213
0.0007171631
-0.0088043213
0.0144805908
-0.0076293945
-0.0078887939
-0.0065155029
0.0073699951
-0.0043182373
0.0082550049
0.0066223145
0.0086364746
0.0003204346
-0.0013580322
0.0095214844
-0.0067138672
0.0045623779
-0.0041809082
0.0008850098
-0.0004119873
0.0081481934
-0.0057678223
0.0027618408
0.0073852539
-0.0019989014
0.0056762695
0.0116271973
0.0075683594
-0.0085296631
0.0036926270
-0.0029754639
-0.0043640137
-0.0040435791
-0.0021667480
-0.0090026855
-0.0061645508
-0.0106506348
0.0207061768
-0.0056152344
0.0069274902
0.0077972412
-0.0012969971
0.0044250488
0.0017089844
-0.0021820068
0.0086822510
0.0017700195
-0.0017852783
0.0144958496
-0.0089111328
-0.0013427734
0.0006408691
-0.0041046143
0.0055084229
-0.0071868896
-0.0024261475
0.0078887939
0.0029449463
-0.0021514893
0.0048522949
-0.0116271973
-0.0072021484
-0.0075225830
0.0108947754
0.0102691650
0.0020904541
0.0017242432
0.0036621094
0.0045623779
-0.0058593750
0.0084381104
0.0014953613
-0.0009002686
-0.0037384033
0.0014648438
-0.0014343262
-0.0047912598
0.0157775879
0.0112915039
-0.0104370117
-0.0051879883
0.0011444092
-0.0050201416
0.0023040771
-0.0083618164
0.0007781982
0.0007934570
-0.0024871826
-0.0011444092
-0.0012512207
0.0000305176
0.0026092529
-0.0019683838
-0.0000457764
0.0025177002
-0.0017852783
-0.0002136230
-0.0017547607
-0.2255401611
-0.2749633789
0.2049102783
-0.1201324463
-0.2765197754
0.3121337891
-0.2570190430
-0.3012084961
0.0500640869
0.2788238525
-0.1484832764
0.2444305420
0.1858673096
-0.2573242188
-0.2208099365
-0.2041931152
-0.0071258545
0.0059814453
0.0034637451
-0.0078277588
-0.0072784424
0.0046997070
-0.0093994141
0.0084228516
-0.0090332031
0.0009002686
0.0025634766
0.0079193115
0.0064697266
-0.0087280273
-0.0062713623
0.0064697266
-0.0056304932
0.0002899170
0.0066680908
0.0006103516
0.0049133301
0.0007934570
0.0007171631
0.0039367676
-0.0005493164
0.0008239746
-0.0003662109
-0.0021514893
0.0038146973
-0.0026092529
0.0066833496
0.0018615723
