-0.0028381348
0.0045928955
-0.0024261475
0.0087738037
-0.0015716553
0.0094604492
0.0002288818
0.0064849854
-0.0128326416
-0.0062713623
0.0008392334
0.0065155029
0.0001831055
-0.0160217285
-0.0067291260
-0.0071411133
-0.0033569336
0.0085754395
0.0006256104
-0.0073242188
-0.0092773438
0.0043029785
0.0088958740
0.0062866211
0.0059051514
-0.0145263672
-0.0082397461
0.0048370361
-0.0018157959
-0.0077972412
-0.0137634277
0.0155792236
-0.0458679199
-0.0312652588
-0.0129547119
-0.0102691650
0.0098571777
-0.0398254395
0.0195007324
-0.0062713623
-0.0634307861
-0.0569763184
-0.0200195312
-0.0058441162
0.0107421875
-0.0126800537
-0.0053100586
0.0264739990
-0.1180419922
0.0772552490
0.0844421387
-0.0196228027
0.0371704102
-0.0747375488
-0.0769653320
0.0951995850
-0.0739288330
-0.0130462646
-0.0538177490
-0.1110229492
0.0601043701
0.0694122314
-0.1026611328
0.0374908447
0.0053863525
-0.0096130371
0.0024108887
0.0052947998
0.0061798096
0.0030364990
-0.0105590820
-0.0155639648
-0.0133514404
-0.0003356934
-0.0146484375
0.0057983398
0.0002136230
-0.0088806152
0.0064086914
0.0023040771
-0.0948333740
-0.2306213379
-0.0220947266
0.1835937500
-0.0426635742
0.1803131104
-0.1478881836
0.2131805420
0.1931915283
-0.0896301270
0.1773376465
-0.0561065674
0.2247772217
0.0536651611
0.1433410645
0.2488861084
0.0116577148
-0.0035552979
-0.0133361816
-0.0073699951
0.0066680908
-0.0087890625
0.0000152588
-0.0041961670
-0.0032501221
-0.0055236816
0.0125579834
0.0059967041
-0.0204925537
0.0065612793
0.0066833496
0.0025787354
-0.0111236572
0.0009155273
0.0055694580
-0.0140380859
-0.0054779053
0.0034942627
-0.0022430420
-0.0101928711
0.0198669434
0.0020751953
-0.0030364990
-0.0043640137
0.0116729736
0.0082397461
-0.0110778809
0.0126953125
0.0237426758
-0.0214233398
-0.0084381104
0.0071563721
0.0127105713
0.0003356934
-0.0046234131
-0.0129089355
-0.0039520264
-0.0050201416
-0.0135498047
0.0043945312
0.0059204102
-0.0291442871
0.0024108887
0.0007324219
0.0149230957
0.0067749023
-0.0001831055
-0.0020904541
-0.0100555420
0.0056762695
0.0067443848
-0.0075683594
-0.0019989014
-0.0041656494
-0.0007324219
-0.0027923584
-0.0034179688
-0.0045166016
-0.0030059814
0.0089721680
