-0.0042572021
0.0053863525
-0.0073699951
-0.0049743652
-0.0051116943
0.0020904541
-0.0007171631
-0.0151519775
-0.0019378662
-0.0118408203
-0.0013122559
0.0012359619
0.0037078857
-0.0065765381
0.0043487549
-0.0065460205
-0.0000610352
0.0125579834
-0.0113525391
0.0061340332
0.0005340576
0.0002746582
-0.0063476562
-0.0054779053
-0.0060729980
0.0007324219
-0.0131835938
-0.0027465820
0.0173645020
0.0065612793
-0.0065307617
-0.0104370117
0.0056457520
0.0007476807
0.0022125244
0.0121154785
0.0023651123
-0.0024108887
-0.0101013184
-0.0013732910
-0.0004425049
-0.0067596436
0.0016021729
0.0068817139
0.0028533936
-0.0034790039
-0.0029449463
0.0012969971
-0.2925720215
0.2045288086
0.3169250488
-0.2112579346
0.2354736328
-0.2543334961
-0.2159881592
0.1929779053
-0.2789611816
-0.2350463867
-0.2577667236
-0.1575469971
0.2373352051
0.2593994141
-0.2023162842
0.1937103271
-0.0098571777
0.0061798096
-0.0032501221
-0.0115051270
0.0041961670
-0.0129241943
-0.0001525879
0.0065765381
0.0030059814
-0.0102691650
0.0167236328
-0.0008544922
0.0084228516
0.0105438232
0.0057373047
0.0052337646
-0.0002593994
0.0139160156
0.0072479248
-0.0243988037
-0.0113220215
0.0055236816
-0.0142669678
0.0171813965
-0.0148620605
0.0217437744
-0.0190429688
0.0090942383
-0.0131530762
-0.0182952881
-0.0078125000
-0.0111236572
0.0043334961
0.0028839111
0.0033264160
-0.0006408691
0.0009002686
-0.0011444092
-0.0010223389
0.0025024414
0.0017242432
-0.0058135986
-0.0030212402
0.0104370117
0.0056610107
-0.0033264160
0.0024871826
-0.0032196045
0.0233459473
0.0309753418
-0.0153350830
-0.0018768311
0.0152740479
-0.0166778564
0.0295562744
-0.0124664307
-0.0075073242
-0.0011901855
0.0069885254
-0.0208129883
0.0050811768
0.0348815918
0.0231170654
0.0224761963
-0.0018157959
0.0064086914
-0.0066223145
0.0083770752
-0.0025939941
0.0083312988
-0.0131378174
-0.0058746338
-0.0043945312
0.0099334717
0.0070953369
-0.0066223145
0.0107116699
-0.0174865723
0.0098571777
0.0075683594
0.0154113770
-0.0062103271
0.0143280029
-0.0061035156
0.0088043213
0.0206451416
0.0037689209
0.0123748779
0.0086975098
-0.0036773682
-0.0169525146
-0.0157318115
-0.0073852539
0.0154876709
-0.0033569336
0.0206451416
