0.0102691650
0.0104217529
-0.0093841553
-0.0030517578
0.0049285889
-0.0014648438
0.0036621094
-0.0044250488
0.0083618164
0.0049743652
-0.0009155273
-0.0050354004
0.0084838867
0.0013580322
-0.0045928955
-0.0117187500
-0.0003662109
-0.0024414062
-0.0034637451
0.0029144287
0.0108947754
-0.0010986328
-0.0077209473
-0.0007781982
-0.0037231445
0.0067291260
0.0045623779
-0.0080718994
-0.0064697266
0.0031890869
0.0158538818
0.0021514893
0.0255737305
0.0075225830
0.0241088867
-0.0001983643
-0.0098571777
0.0141754150
-0.0115356445
-0.0052642822
0.0251617432
0.0280761719
0.0179748535
0.0238952637
0.0019683838
0.0089111328
-0.0234527588
-0.0249938965
0.0033721924
-0.0007476807
-0.0017700195
-0.0028686523
-0.0019683838
0.0020446777
-0.0002288818
-0.0015106201
-0.0016021729
0.0001525879
0.0005340576
0.0007629395
-0.0031890869
-0.0028533936
-0.0053253174
0.0039062500
0.0097045898
0.0073242188
0.0191192627
-0.0073089600
0.0162811279
0.0127410889
-0.0005645752
-0.0299682617
0.0012817383
0.0065002441
0.0135498047
-0.0061645508
-0.0089569092
0.0060119629
0.0015869141
0.0035858154
-0.0060882568
0.0081481934
0.0011596680
-0.0005340576
0.0145263672
-0.0059814453
-0.0075073242
-0.0115051270
-0.0069885254
-0.0014801025
0.0100402832
-0.0075683594
-0.0099182129
0.0027923584
0.0081939697
0.0025177002
0.0398101807
0.3271331787
0.2201995850
0.2639923096
-0.2170257568
-0.2591400146
0.2745056152
0.1728210449
0.0585632324
-0.0166015625
-0.1398468018
-0.0717773438
0.2885437012
-0.3220825195
-0.2685089111
-0.3382263184
0.0017700195
0.0018310547
0.0006866455
0.0028381348
0.0067443848
0.0025024414
0.0000915527
-0.0023193359
0.0049743652
0.0018157959
0.0010070801
0.0057525635
-0.0041503906
-0.0010681152
0.0050201416
0.0017547607
-0.0186767578
0.0242767334
0.0106506348
0.0180511475
-0.0346069336
-0.0052337646
0.0398712158
0.0133514404
-0.0294647217
-0.0230407715
-0.0327453613
0.0092468262
0.0011749268
-0.0020294189
-0.0111541748
0.0235443115
0.0004119873
-0.0003356934
-0.0001983643
0.0013122559
-0.0044555664
0.0012664795
-0.0040283203
0.0030059814
-0.0012054443
0.0059509277
0.0019378662
0.0000152588
0.0035552979
-0.0032348633
0.0043945312
0.0012512207
