0.0131683350
0.0077362061
0.0023498535
0.0126037598
-0.0178680420
0.0174713135
-0.0009613037
-0.0149078369
-0.0247802734
-0.0005645752
-0.0108337402
-0.0257568359
-0.0022430420
0.0074768066
-0.0149536133
-0.0097656250
0.0075683594
-0.0170745850
0.0026702881
0.0149383545
0.0035705566
-0.0079193115
0.0131988525
-0.0162506104
-0.0151062012
-0.0037384033
0.0260467529
-0.0107116699
-0.0252838135
0.0148773193
-0.0065612793
0.0046844482
0.0070343018
0.0071411133
0.0521240234
0.0106506348
0.0182952881
-0.0048370361
-0.0107574463
0.0316314697
-0.0475006104
-0.0169372559
-0.0032806396
0.0160827637
0.0000152588
0.0344848633
-0.0232543945
-0.0162048340
0.0062255859
-0.0000915527
0.0064697266
-0.0015106201
-0.0044403076
0.0053710938
-0.0052337646
-0.0024414062
-0.0046997070
-0.0086364746
0.0042419434
0.0040893555
-0.0060424805
-0.0057373047
-0.0008392334
0.0028991699
-0.0144042969
0.0063018799
-0.0149230957
-0.0020141602
0.0092468262
-0.0174560547
0.0136108398
0.0137023926
0.0284729004
-0.0211181641
-0.0012512207
-0.0103454590
-0.0037689209
0.0079193115
-0.0050201416
0.0049133301
0.0086975098
0.0234222412
0.0190277100
-0.0256500244
-0.0026245117
-0.0004882812
0.0008392334
0.0012969971
-0.0128631592
0.0004730225
-0.0218353271
0.0127410889
-0.0228271484
0.0011901855
-0.0021057129
-0.0169372559
0.0183105469
0.0065155029
0.0130004883
-0.0074005127
-0.0048522949
0.0030517578
-0.0023345947
0.0043792725
-0.0019836426
0.0128173828
0.0009155273
-0.0019683838
0.0185241699
-0.0038452148
-0.0153045654
-0.0075683594
-0.0048217773
0.0042114258
0.0083007812
0.0129699707
0.0061187744
0.0063018799
-0.0010833740
0.0028991699
0.0089416504
-0.0104980469
-0.0001983643
0.0073852539
0.0014495850
-0.0098114014
-0.0075378418
0.0035095215
-0.3759155273
0.3634796143
0.0232696533
-0.0514678955
-0.4390106201
-0.0814971924
0.0817871094
0.3251953125
-0.3070678711
-0.1083374023
-0.1176910400
0.2377777100
-0.0408020020
-0.1291961670
0.0578918457
0.3007659912
0.0164794922
0.0065612793
0.0012969971
0.0098419189
0.0128631592
0.0155334473
-0.0199432373
0.0138702393
0.0053863525
0.0130004883
-0.0162200928
-0.0101318359
0.0100097656
0.0047149658
-0.0081329346
0.0067596436
