-0.0036163330
-0.0043945312
0.0001068115
-0.0076904297
0.0048370361
-0.0084838867
0.0010833740
-0.0080261230
0.0042114258
0.0050659180
-0.0007629395
0.0044708252
0.0053100586
0.0040435791
0.0039520264
0.0017700195
-0.0080718994
0.0074768066
-0.0044097900
-0.0077819824
-0.0029144287
0.0054321289
-0.0032501221
0.0092163086
0.0066375732
0.0063171387
0.0001373291
-0.0052032471
0.0001831055
-0.0075988770
0.0142211914
-0.0009002686
-0.0143280029
-0.0119476318
0.0052185059
-0.0055389404
-0.0051727295
-0.0046539307
0.0096893311
-0.0007934570
-0.0030212402
-0.0076751709
-0.0063629150
-0.0076446533
-0.0085601807
-0.0087890625
0.0021972656
0.0101623535
0.0022125244
-0.0013885498
0.0049133301
0.0055694580
-0.0030822754
0.0007171631
0.0041961670
0.0007171631
0.0080413818
0.0021362305
0.0015563965
0.0009613037
0.0012817383
-0.0075378418
0.0024108887
-0.0014190674
0.0075988770
-0.0028839111
-0.0016326904
0.0180358887
-0.0134277344
0.0082855225
0.0062255859
-0.0087585449
-0.0010528564
0.0113677979
0.0000000000
-0.0081787109
0.0201263428
-0.0102386475
-0.0186920166
-0.0266723633
-0.0031585693
0.0034484863
0.0108032227
-0.0055541992
-0.0003509521
-0.0000915527
-0.0065765381
-0.0054779053
0.0000152588
0.0132446289
0.0004730225
0.0028686523
-0.0015258789
-0.0012969971
-0.0052795410
-0.0020446777
0.0098724365
-0.0011596680
-0.0061187744
0.0007171631
0.0160827637
-0.0122375488
-0.0123291016
-0.0218200684
0.0003509521
-0.0057067871
0.0126647949
-0.0059814453
-0.0078735352
-0.0007629395
0.0066986084
0.0142517090
0.0056762695
-0.0012054443
0.0002593994
0.0043334961
0.0008697510
-0.0057220459
0.0066223145
0.0020141602
0.0084533691
-0.0012359619
-0.0038757324
-0.0054779053
-0.0009765625
0.0045318604
-0.0037536621
-0.0013580322
0.0062866211
-0.0169830322
0.0033569336
-0.0105590820
0.0208587646
-0.0221252441
0.0099945068
0.0033264160
-0.0022277832
0.0003509521
-0.0146636963
0.0164794922
0.0125122070
0.0034027100
-0.0060272217
-0.0160675049
0.1498718262
0.1010131836
-0.2359008789
0.2845764160
-0.0752258301
-0.2934417725
-0.2797698975
-0.2390899658
-0.2802429199
0.3078918457
-0.0847778320
0.2958831787
0.3125457764
-0.1156921387
0.0416717529
-0.2830047607
