-0.0041656494
0.0012817383
-0.0227966309
-0.0111694336
-0.0192413330
0.0032348633
-0.0008850098
-0.0019683838
-0.0194549561
-0.0018920898
0.0084075928
0.0202178955
0.0012664795
-0.0168762207
0.0239105225
0.0062561035
-0.3283538818
0.3295135498
0.1224365234
-0.3442382812
0.0271759033
0.2778015137
-0.0427856445
0.3382263184
0.3610839844
0.0557556152
0.0588378906
0.0506286621
0.2060852051
-0.3569335938
-0.0505218506
-0.0790557861
0.0028076172
-0.0264129639
-0.0116577148
-0.0082855225
-0.0203857422
-0.0013275146
0.0016632080
0.0045471191
0.0160827637
0.0088043213
0.0038604736
-0.0128784180
-0.0017395020
0.0000762939
-0.0175018311
-0.0053253174
0.0056762695
-0.0010986328
0.0102691650
-0.0101470947
0.0090332031
0.0086975098
-0.0039825439
0.0067291260
-0.0042266846
-0.0070495605
0.0048828125
0.0110931396
-0.0003662109
-0.0039215088
-0.0000305176
-0.0048217773
-0.0065612793
0.0021820068
-0.0033264160
0.0015258789
-0.0324401855
0.0012664795
0.0003509521
-0.0082092285
0.0055541992
-0.0102539062
-0.0061492920
-0.0167694092
0.0317077637
-0.0121154785
-0.0084381104
0.0111541748
0.0033721924
0.0026397705
-0.0091705322
-0.0056610107
0.0132904053
-0.0042266846
0.0052185059
-0.0019378662
-0.0000152588
0.0027313232
-0.0100860596
-0.0010375977
-0.0071716309
-0.0113983154
-0.0011749268
-0.0249481201
-0.0038604736
0.0056457520
0.0074005127
0.0021820068
-0.0049438477
-0.0092773438
0.0061798096
0.0056457520
0.0034027100
0.0068817139
0.0031127930
-0.0048522949
-0.0003967285
-0.0062103271
-0.0016937256
-0.0028839111
-0.0008087158
-0.0012207031
-0.0099487305
0.0152435303
-0.0091094971
0.0130157471
-0.0007629395
-0.0107116699
-0.0046844482
0.0051269531
0.0059509277
-0.0025482178
-0.0034179688
0.0038757324
0.0126037598
0.0005187988
0.0016937256
-0.0028381348
0.0149230957
0.0048065186
0.0040130615
0.0013427734
-0.0042419434
0.0010223389
0.0009918213
-0.0009918213
0.0160675049
0.0044097900
0.0120849609
-0.0133819580
0.0093536377
0.0013427734
-0.0220184326
-0.0118560791
-0.0074462891
0.0004272461
-0.0115661621
-0.0180053711
0.0049438477
-0.0120544434
-0.0060729980
0.0006561279
-0.0031127930
0.0167083740
0.0019378662
-0.0139923096
0.0096435547
-0.0159454346
