-0.0004577637
0.0083618164
-0.0066375732
-0.0061950684
0.0075225830
0.0063781738
-0.0041351318
-0.0106964111
-0.0104522705
-0.0048217773
-0.0063781738
0.0081024170
0.0007934570
-0.0015563965
0.0096435547
-0.0051727295
0.0007324219
0.0050964355
-0.0044555664
0.0021514893
0.0094909668
0.0007934570
-0.0117034912
-0.0019683838
-0.0017852783
-0.0161285400
-0.0108032227
0.0030670166
0.0016784668
0.0013427734
0.0116577148
-0.0171356201
-0.0089874268
0.0078582764
-0.0116577148
-0.0089416504
0.0041656494
-0.0085449219
-0.0039520264
0.0214385986
-0.0076446533
0.0007781982
-0.0021209717
0.0061187744
-0.0097045898
-0.0058593750
0.0015716553
0.0053253174
-0.0095520020
-0.0110321045
-0.0002441406
0.0159759521
0.0279693604
0.0034332275
-0.0015258789
0.0049133301
0.0120849609
0.0046234131
0.0069580078
-0.0143432617
-0.0092010498
-0.0156097412
0.0056915283
0.0028381348
0.0039672852
0.0021514893
-0.0000305176
-0.0003051758
-0.0008850098
-0.0002288818
-0.0027923584
-0.0016937256
0.0058288574
-0.0028991699
-0.0019989014
0.0045166016
0.0077056885
-0.0105285645
-0.0001373291
0.0005645752
-0.1429595947
-0.2507629395
0.0410614014
0.2079162598
-0.2082366943
0.2598876953
-0.2196655273
0.1511077881
0.3134155273
-0.2741394043
0.2133331299
-0.1797485352
0.2830352783
0.2290191650
0.2115020752
0.3956451416
-0.0119323730
-0.0115051270
-0.0187988281
0.0064392090
0.0139617920
-0.0011901855
-0.0152740479
-0.0197753906
-0.0074462891
-0.0055236816
0.0049591064
0.0115203857
-0.0024261475
0.0141906738
0.0071868896
0.0202178955
-0.0007781982
-0.0021667480
0.0027770996
0.0023651123
0.0008392334
0.0029602051
-0.0025024414
0.0005035400
-0.0011444092
0.0019073486
0.0034942627
-0.0028686523
-0.0028839111
0.0015258789
-0.0006256104
-0.0011901855
0.0024871826
-0.0067138672
-0.0097961426
0.0095062256
0.0076751709
-0.0109863281
0.0061645508
0.0020904541
-0.0034027100
0.0077972412
0.0006866455
0.0043792725
-0.0094299316
-0.0046539307
-0.0009155273
-0.0016174316
0.0035247803
-0.0019836426
-0.0001525879
-0.0025329590
0.0011444092
0.0024414062
0.0030822754
0.0024261475
0.0034942627
-0.0034790039
-0.0023803711
-0.0013580322
-0.0044860840
-0.0008239746
0.0024261475
0.0027618408
