0.0079956055
0.0055847168
-0.0072326660
-0.0084533691
0.0100708008
-0.0068817139
-0.0063171387
-0.0013885498
-0.0104217529
-0.0067443848
-0.0019683838
0.0072479248
0.0005798340
0.0032196045
0.0022888184
-0.0020141602
-0.0025482178
0.0042572021
0.0076141357
-0.0070495605
0.0145568848
0.0053710938
-0.0085601807
0.0057983398
0.0110168457
-0.0059204102
0.0060119629
0.0083007812
0.0000000000
-0.0102539062
-0.0145111084
0.0122985840
-0.0015258789
0.0117340088
0.0143890381
-0.0041198730
-0.0077209473
0.0046997070
0.0032348633
0.0079650879
-0.0049743652
0.0079803467
-0.0058135986
0.0171813965
0.0027160645
-0.0225677490
-0.0169677734
-0.0080413818
-0.0036315918
-0.0152587891
-0.0320129395
0.0017547607
0.0108489990
0.0049896240
0.0069122314
-0.0067596436
-0.0050201416
-0.0045623779
-0.0004882812
0.0077972412
-0.0171508789
-0.0042114258
-0.0103454590
0.0011138916
0.0123138428
0.0408020020
0.0253143311
-0.0033416748
0.0036468506
0.0116119385
0.0148010254
0.0080566406
0.0152893066
0.0275421143
0.0151977539
0.0157318115
-0.0226135254
0.0200195312
-0.0084686279
0.0144653320
-0.1504974365
-0.2395019531
0.0219879150
0.2103118896
-0.1769714355
0.2661590576
-0.1414031982
0.2181701660
0.2938995361
-0.3236389160
0.2028656006
-0.1883850098
0.2873535156
0.1496734619
0.2924499512
0.3442382812
-0.0037536621
0.0052642822
0.0184173584
0.0093383789
-0.0081787109
0.0019989014
0.0016937256
-0.0012817383
-0.0070495605
0.0095977783
-0.0134887695
0.0052795410
-0.0038299561
-0.0057067871
-0.0197906494
0.0104980469
-0.0013732910
-0.0015258789
-0.0001373291
0.0099639893
0.0047760010
-0.0006561279
0.0039215088
-0.0067901611
-0.0046539307
0.0055236816
-0.0156707764
-0.0005798340
-0.0103759766
0.0060577393
-0.0069580078
0.0029144287
-0.0094604492
0.0022277832
-0.0103149414
-0.0106658936
0.0086975098
-0.0057983398
-0.0134124756
0.0062103271
0.0074462891
-0.0050048828
0.0053405762
0.0023498535
0.0053405762
0.0181884766
-0.0136108398
-0.0115051270
0.0275573730
-0.0176086426
-0.0157012939
-0.0044403076
0.0187530518
0.0037384033
0.0033416748
-0.0061187744
0.0040283203
-0.0032501221
0.0021057129
-0.0027465820
-0.0180664062
-0.0062255859
-0.0003814697
0.0106811523
