0.0135955811
0.0168914795
-0.0058288574
0.0242462158
0.0072326660
0.0031585693
0.0216064453
0.0310363770
-0.0141754150
0.0072479248
-0.0224761963
0.0020294189
0.0181884766
0.0055847168
0.0001525879
-0.0158081055
-0.0024108887
0.0035858154
-0.0008850098
0.0015563965
0.0031127930
0.0013885498
-0.0008544922
-0.0007019043
-0.0011901855
-0.0026702881
0.0050201416
-0.0027008057
-0.0004272461
0.0016326904
-0.0023651123
-0.0055999756
0.0079956055
0.0024719238
0.0067901611
-0.0024566650
-0.0041351318
-0.0045776367
-0.0267028809
0.0193176270
0.0136718750
-0.0040588379
-0.0085601807
0.0458374023
0.0267486572
-0.0037994385
-0.0092468262
0.0097961426
-0.2360839844
0.2165832520
0.3412780762
-0.2403564453
0.2913970947
-0.2339324951
-0.2229156494
0.1787567139
-0.2648620605
-0.2720794678
-0.2212066650
-0.1767272949
0.1784973145
0.2384490967
-0.2364501953
0.2333526611
0.0049438477
-0.0018615723
0.0039672852
-0.0016174316
0.0004272461
0.0014190674
-0.0017700195
-0.0051574707
-0.0011291504
0.0023040771
-0.0044250488
0.0014343262
0.0126190186
-0.0018768311
0.0048522949
0.0003967285
-0.0137634277
-0.0007781982
0.0075531006
0.0069580078
-0.0056457520
-0.0005035400
-0.0102386475
0.0068206787
0.0033264160
-0.0125274658
0.0027770996
0.0075683594
0.0096893311
0.0062713623
-0.0065612793
0.0016174316
-0.0042419434
-0.0183410645
0.0153350830
-0.0126190186
0.0300292969
0.0059204102
-0.0378112793
-0.0513458252
-0.0191040039
-0.0244293213
0.0438079834
0.0197448730
-0.0030517578
0.0397338867
-0.0106811523
0.0250854492
0.0194244385
0.0148925781
0.0089569092
-0.0098114014
-0.0049285889
-0.0032806396
0.0041961670
-0.0061187744
-0.0155181885
0.0038909912
0.0039215088
-0.0122985840
0.0026092529
0.0092010498
0.0081634521
-0.0129089355
0.0661468506
-0.0422363281
0.0110168457
-0.0144958496
0.0450439453
0.0112609863
0.0110321045
-0.0785980225
0.0372009277
-0.0348663330
-0.0455169678
-0.0681152344
-0.0191650391
0.0086059570
-0.0449218750
-0.0327606201
-0.0037994385
-0.0028686523
0.0137176514
0.0015563965
0.0054779053
0.0068817139
0.0126342773
-0.0018005371
0.0002899170
-0.0076141357
-0.0035095215
-0.0086822510
0.0004577637
0.0079498291
0.0101776123
0.0079650879
