-0.0013732910
-0.0079193115
0.0085144043
-0.0039215088
0.0054931641
0.0047607422
0.0016479492
0.0071868896
0.0040893555
-0.0045776367
0.0088653564
0.0260009766
-0.0063018799
-0.0039062500
0.0084686279
0.0157928467
0.0076141357
0.0023040771
-0.0155944824
0.0218048096
0.0046234131
-0.0070343018
-0.0074615479
-0.0207824707
-0.0201568604
0.0063476562
-0.0099334717
0.0001373291
0.0119781494
0.0220336914
0.0130004883
-0.0199890137
-0.0075988770
-0.0074005127
0.0156250000
-0.0099945068
-0.0022735596
0.0024871826
0.0091400146
0.0071258545
0.0057678223
0.0030059814
-0.0078887939
0.0153045654
-0.0049285889
-0.0239868164
-0.0104827881
-0.0015258789
-0.2868957520
0.2200317383
0.3338012695
-0.2324829102
0.2201538086
-0.1895141602
-0.1911621094
0.1477355957
-0.2232666016
-0.2575225830
-0.2337493896
-0.2082672119
0.2050476074
0.2553100586
-0.2232360840
0.2757720947
-0.0001831055
0.0024414062
0.0004882812
-0.0066375732
-0.0005950928
0.0010528564
0.0032196045
-0.0017395020
0.0016784668
0.0009765625
0.0011901855
-0.0035095215
0.0017242432
0.0009918213
0.0006713867
0.0022277832
-0.0006561279
-0.0065917969
-0.0001525879
0.0096130371
0.0148468018
-0.0156097412
0.0138854980
-0.0161743164
-0.0135345459
0.0032196045
-0.0008544922
-0.0159301758
-0.0152130127
-0.0255737305
-0.0057983398
-0.0242614746
0.0014648438
-0.0010375977
-0.0025024414
-0.0011749268
0.0015563965
0.0026397705
0.0002288818
0.0031433105
0.0013427734
-0.0020599365
-0.0039062500
-0.0037384033
-0.0025634766
0.0009918213
0.0071563721
-0.0026702881
0.0256958008
0.0276794434
0.0014190674
0.0037078857
0.0119476318
-0.0112609863
0.0138092041
0.0210876465
-0.0209503174
-0.0183563232
0.0171203613
-0.0317382812
-0.0108489990
0.0218505859
0.0113067627
-0.0068664551
0.0097961426
0.0005798340
0.0058898926
0.0129547119
0.0024108887
0.0021972656
-0.0104217529
-0.0104675293
-0.0045166016
0.0102844238
0.0061340332
-0.0106811523
0.0074768066
-0.0158538818
-0.0051727295
0.0097351074
0.0037994385
0.0063476562
0.0062713623
-0.0052032471
0.0007476807
0.0062255859
0.0068817139
-0.0079040527
-0.0038452148
-0.0024261475
-0.0048828125
-0.0014038086
-0.0016937256
0.0093078613
0.0022277832
0.0047607422
