0.0089721680
0.0019989014
0.0103149414
0.0039520264
-0.0100708008
0.0255737305
-0.0101623535
-0.0032653809
-0.0026092529
0.0020446777
0.0172424316
-0.0020141602
-0.0053253174
-0.0100708008
-0.0017395020
-0.0008239746
0.0066223145
-0.0055236816
0.0009765625
0.0058135986
0.0075378418
-0.0047454834
0.0032806396
-0.0045776367
-0.0063171387
0.0025024414
-0.0097503662
0.0015869141
-0.0018615723
0.0061950684
0.0023345947
0.0071868896
-0.3623962402
-0.0408782959
-0.2653503418
-0.0992431641
-0.0596618652
-0.2963867188
0.3375854492
-0.0536193848
-0.3303375244
-0.3507385254
-0.1739807129
-0.1696319580
0.0419921875
-0.1228485107
0.1913757324
0.3838958740
0.0000457764
-0.0097045898
-0.0032806396
0.0219573975
-0.0014038086
0.0064086914
0.0116577148
-0.0077667236
0.0088806152
0.0008544922
0.0006408691
0.0161132812
-0.0031738281
-0.0227508545
0.0206146240
-0.0171508789
-0.0015411377
-0.0059967041
-0.0037841797
-0.0006256104
-0.0001373291
0.0005035400
0.0002899170
0.0060882568
0.0021057129
-0.0041961670
-0.0065307617
0.0017852783
-0.0029144287
-0.0085906982
0.0142517090
0.0024261475
0.0005493164
-0.0015716553
0.0029754639
0.0026092529
-0.0027770996
0.0002441406
-0.0000457764
-0.0010375977
0.0042114258
0.0000915527
0.0019683838
-0.0008544922
-0.0003509521
0.0000610352
0.0034484863
-0.0010681152
-0.0032043457
-0.0026702881
-0.0050354004
-0.0021972656
-0.0016632080
-0.0020751953
0.0000152588
0.0085296631
0.0039215088
0.0105743408
-0.0035858154
0.0123138428
0.0060577393
0.0012817383
-0.0010681152
0.0041809082
0.0032501221
0.0310363770
-0.0288238525
-0.0331878662
0.0210418701
-0.0059814453
0.0247039795
-0.0078887939
0.0033416748
0.0194091797
-0.0019836426
-0.0352630615
-0.0027313232
0.0430450439
0.0316925049
0.0042419434
0.0078582764
0.0062561035
0.0167541504
-0.0051116943
-0.0101165771
-0.0015869141
0.0073699951
-0.0076904297
-0.0001983643
0.0344696045
-0.0092773438
-0.0011596680
0.0065307617
0.0223083496
0.0055541992
0.0070495605
-0.0009002686
0.0016174316
-0.0008239746
-0.0000457764
0.0027313232
0.0005798340
-0.0043640137
0.0063171387
0.0060272217
0.0011596680
-0.0065612793
0.0029907227
-0.0002593994
-0.0021209717
0.0044555664
-0.0045776367
