0.0000915527
0.0004577637
-0.0057067871
0.0023345947
-0.0068359375
0.0012054443
0.0005340576
-0.0053100586
-0.0127563477
-0.0033416748
-0.0019073486
-0.0014190674
0.0051422119
0.0031585693
0.0079040527
-0.0013427734
0.0007019043
-0.0019989014
0.0005035400
0.0011596680
0.0030822754
-0.0009613037
-0.0024719238
-0.0002593994
-0.0003509521
-0.0022735596
0.0037994385
-0.0025329590
-0.0023345947
0.0005187988
-0.0012359619
-0.0037841797
-0.0085449219
-0.0042114258
0.0026397705
0.0101165771
0.0067443848
-0.0071411133
0.0039978027
0.0014648438
0.0007324219
-0.0049133301
-0.0056457520
-0.0069274902
-0.0037689209
-0.0141143799
0.0139312744
0.0086517334
0.0127716064
-0.0119781494
-0.0107421875
0.0058593750
-0.0006103516
0.0046844482
0.0241088867
0.0111541748
0.0059509277
0.0046081543
-0.0040740967
0.0079193115
-0.0013122559
-0.0020294189
0.0104827881
-0.0015258789
-0.0158538818
-0.0210113525
-0.0233459473
0.0191192627
-0.0192260742
-0.0251464844
0.0128479004
0.0266113281
0.0269470215
-0.0279998779
-0.0390472412
-0.0167694092
0.0358734131
0.0061340332
-0.0225524902
-0.0250244141
0.0095977783
0.0066070557
-0.0032196045
-0.0028991699
0.0026702881
-0.0039978027
0.0026550293
-0.0144500732
-0.0011444092
0.0022583008
0.0030822754
0.0046081543
-0.0037384033
-0.0049896240
0.0063781738
0.0002899170
0.0070800781
0.0039367676
0.0054016113
0.0000610352
-0.0056304932
-0.0020446777
-0.0035095215
0.0026855469
0.0130920410
0.0100555420
0.0100250244
0.0122528076
0.0073852539
0.0045623779
-0.0057525635
0.0071563721
-0.0076293945
0.0044555664
-0.0078735352
-0.0024414062
0.0061645508
-0.0010070801
0.0160217285
-0.0081939697
0.0059356689
0.0004730225
0.0068511963
0.0007629395
0.0050506592
0.0079650879
0.0003814697
0.0006866455
-0.0077819824
0.0013885498
-0.0021667480
-0.0286712646
-0.0042572021
-0.0018920898
-0.0077972412
0.0108642578
-0.0082244873
0.0183868408
0.0007781982
0.0096282959
0.0115051270
-0.0038299561
0.0034027100
0.0025634766
0.1548156738
-0.0287475586
-0.2378540039
0.2795410156
-0.0045318604
-0.3142242432
-0.2547149658
-0.2458496094
-0.2588043213
0.2695465088
-0.1352233887
0.3130645752
0.2905273438
0.0199432373
0.0066680908
-0.3276672363
