-0.0044708252
-0.0030364990
-0.0027160645
-0.0072631836
0.0106353760
-0.0040130615
-0.0020294189
-0.0081787109
0.0016326904
-0.0050811768
0.0100097656
0.0027770996
0.0013732910
-0.0141143799
0.0011291504
0.0070037842
0.0160522461
0.0064239502
-0.0423126221
0.0346984863
0.0193176270
-0.0114898682
-0.0300750732
-0.0316162109
-0.0352935791
0.0253601074
-0.0108947754
-0.0215759277
0.0146331787
0.0353851318
0.0192565918
0.0166625977
0.0088348389
0.0292205811
0.0066528320
-0.0080413818
0.0050964355
0.0062713623
-0.0004119873
0.0069274902
0.0179290771
0.0173187256
-0.0249633789
0.0133666992
-0.0086212158
0.0015563965
-0.0456848145
-0.0067291260
0.0047454834
-0.0039367676
-0.0022125244
0.0011596680
-0.0021972656
-0.0073852539
-0.0021057129
-0.0014953613
-0.0136566162
0.0065765381
-0.0018005371
-0.0164642334
-0.0006561279
-0.0022735596
0.0099487305
0.0037536621
0.0017700195
-0.0012817383
-0.0052337646
-0.0018463135
0.0048370361
0.0027618408
0.0052642822
0.0049438477
0.0022888184
0.0012359619
-0.0002288818
-0.0016479492
-0.0136566162
-0.0011901855
0.0106201172
0.0068817139
0.0081787109
0.0232086182
0.0021209717
-0.0071105957
0.0264129639
-0.0161895752
0.0209197998
-0.0097808838
-0.0204162598
0.0344238281
-0.0148468018
0.0310363770
-0.0044250488
0.0030364990
-0.0352020264
-0.0234680176
0.0081939697
-0.0028076172
-0.0083465576
-0.0024719238
0.0058593750
-0.0014343262
-0.0056457520
-0.0058135986
-0.0020294189
-0.0029602051
-0.0018157959
0.0059661865
0.0009460449
-0.0058288574
0.0014038086
0.0022888184
-0.2216949463
-0.2640075684
0.1875610352
-0.2582397461
-0.3154296875
0.2096099854
-0.3286895752
-0.1846466064
-0.0886383057
0.2290344238
-0.0296173096
0.2669525146
0.2482147217
-0.3145294189
-0.1418762207
-0.2105865479
-0.0053253174
0.0059661865
-0.0146179199
-0.0030517578
-0.0108795166
-0.0094909668
0.0124206543
0.0106201172
-0.0035247803
-0.0093688965
-0.0012207031
0.0083923340
0.0014801025
0.0008392334
-0.0031127930
0.0056304932
0.0144042969
-0.0433959961
-0.0150451660
0.0183563232
0.0037841797
-0.0017395020
-0.0211486816
-0.0037841797
0.0049438477
0.0088958740
-0.0077819824
-0.0004119873
0.0083618164
0.0120849609
0.0011444092
-0.0049743652
