0.0085601807
0.0101318359
-0.0126342773
-0.0023345947
-0.0216522217
0.0001220703
0.0033416748
-0.0019073486
-0.0074920654
-0.0028533936
-0.0075836182
0.0136566162
0.0005035400
-0.0033416748
0.0088348389
-0.0037231445
-0.3127746582
0.3275299072
0.1214294434
-0.3398132324
0.0499114990
0.2726898193
-0.0563507080
0.3403320312
0.3513031006
0.1231079102
-0.0589294434
0.1112518311
0.2334289551
-0.3523559570
0.0332641602
-0.0153656006
0.0005798340
-0.0015869141
0.0023803711
0.0052795410
0.0031890869
0.0014190674
0.0018005371
-0.0008850098
-0.0014190674
0.0018463135
0.0038146973
0.0014343262
-0.0012969971
-0.0023498535
0.0011138916
-0.0029602051
0.0029449463
-0.0013885498
-0.0010528564
-0.0004730225
0.0088195801
-0.0024719238
-0.0064086914
0.0010223389
-0.0066528320
0.0000152588
0.0056152344
0.0081024170
0.0014038086
-0.0036773682
-0.0058746338
-0.0058288574
0.0000610352
0.0040130615
-0.0029144287
0.0015258789
0.0068206787
0.0019836426
0.0071868896
-0.0004882812
-0.0056152344
0.0061340332
0.0034027100
-0.0068206787
0.0096282959
-0.0004425049
0.0053405762
0.0079803467
0.0062408447
0.0029296875
0.0029754639
-0.0050048828
0.0082702637
-0.0090026855
0.0074615479
-0.0015716553
-0.0037994385
-0.0008239746
-0.0101928711
0.0051727295
-0.0058898926
-0.0086212158
-0.0053710938
-0.0241241455
-0.0018463135
-0.0029602051
-0.0029449463
-0.0001373291
0.0001525879
0.0023956299
-0.0032653809
-0.0035400391
0.0006866455
-0.0045928955
0.0046234131
-0.0014038086
0.0069122314
0.0027313232
-0.0001068115
0.0016784668
0.0061492920
0.0068511963
-0.0061340332
0.0081787109
-0.0001678467
-0.0044555664
0.0039367676
0.0059051514
-0.0129241943
-0.0030059814
0.0040283203
-0.0107269287
-0.0059051514
0.0062713623
0.0090789795
-0.0075378418
-0.0004730225
-0.0040130615
0.0110626221
-0.0068969727
0.0044860840
0.0054931641
0.0093536377
-0.0031433105
0.0022277832
-0.0098266602
-0.0067138672
-0.0044250488
-0.0106811523
-0.0029296875
0.0066375732
-0.0064239502
-0.0032348633
0.0006103516
0.0020904541
0.0008239746
-0.0074920654
0.0043029785
0.0013885498
0.0014190674
0.0056915283
-0.0037841797
-0.0029754639
-0.0034484863
-0.0017089844
-0.0119018555
0.0043487549
0.0027160645
