0.0003204346
0.0053863525
-0.0173034668
0.0019226074
-0.0136566162
0.0036773682
0.0088043213
-0.0003967285
-0.0143280029
0.0039672852
-0.0028839111
0.0099945068
0.0085754395
-0.0045623779
0.0128326416
-0.0021667480
-0.3237915039
0.3451232910
0.1066589355
-0.3394622803
-0.0578613281
0.2654876709
-0.0559387207
0.3262023926
0.3607025146
0.0382537842
0.0980529785
0.0435028076
0.2260894775
-0.3563537598
-0.1521148682
-0.0362548828
-0.0124053955
-0.0405883789
-0.0289459229
0.0052185059
-0.0107879639
-0.0147705078
0.0167388916
-0.0100097656
0.0085449219
-0.0072631836
0.0128936768
-0.0273895264
0.0119476318
0.0113830566
0.0007324219
0.0136108398
-0.0035247803
-0.0042266846
0.0118713379
-0.0162048340
0.0101776123
0.0054931641
-0.0125885010
0.0056762695
-0.0142974854
-0.0153808594
0.0031585693
0.0075225830
-0.0034942627
-0.0130310059
-0.0102081299
-0.0115509033
0.0032196045
0.0185852051
0.0056762695
0.0023956299
-0.0070037842
0.0006408691
-0.0036468506
-0.0082550049
0.0081329346
-0.0055236816
0.0019531250
0.0040893555
0.0134582520
-0.0108337402
-0.0057220459
0.0020904541
0.0025177002
0.0011596680
-0.0018310547
-0.0034942627
0.0022125244
-0.0031280518
0.0031280518
-0.0008544922
-0.0014953613
0.0021820068
-0.0068969727
0.0006713867
-0.0020294189
-0.0081024170
-0.0031585693
-0.0154266357
0.0106353760
0.0043792725
0.0255737305
-0.0077972412
0.0006561279
-0.0121917725
-0.0019226074
-0.0024719238
0.0179138184
0.0029449463
0.0199279785
0.0039062500
-0.0029449463
-0.0001983643
-0.0164947510
-0.0020294189
-0.0097961426
-0.0005950928
-0.0066986084
0.0028533936
-0.0023193359
0.0232238770
-0.0020141602
-0.0005645752
-0.0060272217
-0.0023956299
0.0023956299
-0.0016174316
-0.0043792725
-0.0006408691
0.0115203857
-0.0066680908
-0.0047607422
-0.0029449463
0.0028839111
-0.0012969971
0.0038757324
0.0013122559
0.0074920654
0.0051269531
-0.0008087158
-0.0181274414
-0.0035247803
0.0093231201
0.0029602051
-0.0040588379
0.0055236816
-0.0038146973
-0.0071563721
-0.0109405518
-0.0048522949
0.0027160645
-0.0082397461
-0.0054931641
-0.0002441406
-0.0052947998
0.0010070801
0.0005493164
-0.0055999756
0.0052337646
0.0005187988
-0.0103759766
0.0086517334
-0.0061035156
