0
0
0
0
0
0
0
0
0
0
0
0
0
0
0
0
0
0
0
0
0
0
0
0
0
0
0
0
0
0
0
0
32768
32768
14745.9189
2729.71729
32768
32768
-0.313720703
32768
-32767.6641
0.25050354
14198.6475
10923.0283
32768
32768
-32768
32768
0
0
0
0
0
0
0
0
0
0
0
0
0
0
0
0
0
0
0
0
0
0
0
0
0
0
0
0
0
0
0
0
0
0
0
0
0
0
0
0
0
0
0
0
0
0
0
0
0
0
0
0
0
0
0
0
0
0
0
0
0
0
0
0
0
0
0
0
0
0
0
0
0
0
0
0
0
0
0
0
0.143218994
-0.127426147
-0.0451660156
-0.00344848633
0.135787964
0.181838989
8191.92285
-0.164886475
0.139877319
0.138946533
-0.104110718
-0.158798218
-0.0345611572
0.208023071
-0.000122070312
-0.164398193
0
0
0
0
0
0
0
0
0
0
0
0
0
0
0
0
