-0.14440918
0.0411224365
-0.017578125
-0.230773926
-32768
-0.0284729004
-8192.19141
10922.3184
0.0659179688
-0.218658447
0.0521240234
3277.09741
-0.173706055
-0.248245239
0.125610352
-0.0154724121
0
0
0
0
0
0
0
0
0
0
0
0
0
0
0
0
0
0
0
0
0
0
0
0
0
0
0
0
0
0
0
0
0
0
0
0
0
0
0
0
0
0
0
0
0
0
0
0
0
0
0
0
0
0
0
0
0
0
0
0
0
0
0
0
32768
8192.6709
-24575.793
19114.1113
0.249191284
-10923.083
8192.63379
8191.54199
-3277.66235
0.516036987
19114.0449
-10922.2637
-0.697555542
-8192.24121
-0.515167236
8191.38525
0
0
0
0
0
0
0
0
0
0
0
0
0
0
0
0
4915.10645
-0.0717926025
-0.0537872314
-8191.85596
-21845.5742
-0.0443115234
8191.98047
8191.91357
-2047.85229
0.115447998
0.133224487
-8191.94629
-0.0355834961
8192.02539
0.0642852783
0.0322113037
14199.4902
3277.04956
-32768
-16384.0586
-0.0178527832
-0.0589141846
-0.171020508
0.0469970703
-0.15524292
-3276.82861
0.0479125977
0.099029541
-8191.83545
-0.148040771
-24576.1719
-32768
0
0
0
0
0
0
0
0
0
0
0
0
0
0
0
0
