-0.0229492188
-0.0592651367
0.0343322754
-0.0184631348
0.0918884277
-0.0754699707
-0.00541687012
0.0968933105
0.0371551514
0.0514373779
0.0536804199
0.0514678955
-0.00256347656
0.0270843506
-0.0190734863
0.0644836426
0.0313873291
-0.0179901123
-0.00247192383
0.0327301025
-0.0336761475
-0.0204315186
0.0210723877
-0.0348358154
-0.0243835449
-0.00897216797
-0.00862121582
-0.00337219238
0.0273895264
0.0285491943
-0.0468444824
-0.0239715576
-0.00576782227
0.00624084473
-0.0299682617
0.00852966309
-0.0908813477
9.15527344e-05
0.0265350342
-0.00769042969
-0.0457305908
-0.00752258301
-0.0483551025
-0.0426025391
-0.00755310059
-0.0239562988
0.0332641602
0.0119781494
-0.103897095
0.116882324
0.225479126
-0.101669312
0.013671875
-0.189666748
-0.137695312
0.0439605713
-0.117111206
-0.150421143
-0.248062134
-0.0938873291
0.159286499
0.115371704
-0.123962402
0.133255005
0.0493011475
-0.00727844238
0.0445709229
-0.0325012207
0.00254821777
0.0570983887
-0.0565643311
-0.0544586182
-0.049697876
0.0279846191
0.0453033447
0.0554199219
-0.0443115234
-0.0610198975
0.00674438477
-0.00541687012
-0.0640411377
-0.17401123
-0.244186401
0.192123413
-0.0263366699
0.0241088867
0.0505218506
0.23210144
-0.00341796875
-0.20425415
0.119415283
0.0821075439
0.214202881
-0.120132446
0.0233917236
0.0922241211
-0.108383179
0.0944976807
0.0265960693
0.0794219971
-0.0973205566
-0.122650146
0.154815674
0.145797729
-0.0025177002
0.0674591064
-0.100357056
-0.0383148193
0.0416107178
-0.110183716
0.0454864502
-0.115509033
0.0134124756
0.0250701904
-0.049621582
-0.0232391357
0.0527801514
-0.0509490967
0.0385437012
0.06300354
0.0071105957
-0.0261077881
-0.0202331543
-0.0264587402
-0.0410766602
0.0278625488
0.0184173584
0.0146331787
0.159500122
-0.0725402832
-0.0561218262
0.0781097412
0.135620117
0.00228881836
-0.113357544
-0.149337769
0.163269043
0.0745391846
0.0416717529
-0.154922485
0.0922088623
0.110748291
-0.0544586182
-0.105331421
0.0406341553
0.0514831543
-0.124649048
0.129150391
0.00277709961
-0.167068481
-0.124145508
-0.142471313
-0.147598267
0.14944458
-0.0314025879
0.168762207
0.145523071
-0.0530548096
-0.020904541
-0.157745361
