-0.00328063965
0.0299987793
-0.0315704346
0.000885009766
-0.0268859863
0.0372314453
-0.0150604248
0.00479125977
-0.054397583
-0.0261383057
-0.0207519531
0.0026550293
-9.15527344e-05
-0.0205383301
0.0147399902
-0.0272521973
-0.28338623
0.299346924
0.062210083
-0.279724121
-0.00868225098
0.235855103
-0.117340088
0.275848389
0.280899048
0.0114135742
0.154556274
0.0069732666
0.106582642
-0.288375854
-0.0407104492
-0.0566711426
-0.00994873047
0.00828552246
-0.0136108398
-0.00576782227
0.0529022217
-0.0199584961
0.0034942627
-0.00619506836
-0.00663757324
-0.00553894043
-0.0176239014
0.00996398926
-0.00715637207
0.000717163086
-0.0210876465
0.00897216797
0.0201568604
0
-0.00755310059
-0.000198364258
0.00250244141
0.0210113525
0.0094909668
0.0247192383
-0.00131225586
0.00546264648
0.02784729
0.0229644775
-0.0181884766
-0.0119476318
0.00378417969
-0.0163421631
0.0953216553
-0.150299072
0.0991668701
0.0416412354
-0.0548248291
0.097442627
-0.125
-0.114883423
-0.0871124268
0.0689239502
-0.116943359
0.0518188477
-0.0107421875
-0.060333252
-0.0667419434
-0.0257568359
0.0132904053
0.00717163086
0.0066986084
-0.0178527832
0.0128936768
-0.00845336914
0.0068359375
-0.0149688721
-0.00643920898
0.0209960938
-0.00897216797
-0.00791931152
-0.0208740234
-0.00923156738
-0.0104675293
-0.0216369629
0.125976562
-0.109542847
0.1381073
-0.18800354
0.106048584
0.11315918
-0.17237854
-0.123825073
0.0601959229
0.0498352051
0.151306152
-0.147262573
-0.0250854492
0.146835327
-0.109817505
0.146820068
-0.00498962402
-0.0214691162
-0.00366210938
0.00672912598
-0.0275878906
0.0119934082
-0.0193634033
-0.0221405029
-0.0151367188
0.0180969238
-0.0154266357
0.0102539062
0.00982666016
-0.00939941406
-0.0185699463
0.0184783936
-0.151504517
0.127120972
-0.0298156738
-0.016708374
-0.168045044
0.0357208252
0.0499267578
0.15032959
-0.138565063
-0.0932312012
-0.00798034668
0.137802124
-0.0117950439
-0.168670654
0.118118286
0.140869141
-0.0241394043
0.0144500732
0.018661499
-0.0203094482
0.000946044922
0.0254821777
0.0340423584
0.00166320801
0.0188598633
-0.0299987793
0.0036315918
-0.0142211914
-0.0206298828
-0.0085144043
0.0232086182
0.0134124756
