0.0286254883
0.0395507812
-0.0425109863
0.0120697021
-0.0265350342
-0.0315856934
0.0292205811
0.0229492188
-0.00186157227
0.00575256348
-0.0346374512
0.0243530273
0.0307617188
0.0233306885
0.0288238525
-0.0316772461
0.0148773193
-0.00186157227
-0.0239562988
0.0326538086
-0.0104980469
-0.0125274658
-0.0180206299
-0.0336761475
-0.0278930664
-0.00765991211
0.015411377
-0.0165252686
0.00756835938
0.0329589844
-0.0154724121
-0.0152130127
0.0928955078
0.0848236084
0.0377044678
0.0357666016
-0.0467987061
0.0755157471
-0.103942871
0.0522003174
0.0309143066
0.0608215332
-0.0145111084
0.0311431885
-0.00743103027
-0.0776977539
-0.0307159424
-0.0662078857
-0.00422668457
0.00952148438
0.0104980469
0.0109710693
-0.0376434326
-0.0379486084
0.00538635254
-0.0158081055
0.00746154785
0.000366210938
-0.0330963135
-0.0227203369
0.00485229492
-0.00820922852
-0.0161437988
-0.00430297852
0.038269043
0.0158538818
0.0447235107
-0.0228729248
0.0481567383
0.0308532715
-0.0270690918
-0.0389862061
-0.0380249023
0.0375061035
0.0210876465
0.0426330566
0.0065612793
-0.0218505859
-0.0181121826
-0.0452880859
-0.106842041
-0.252639771
-0.0362701416
0.235305786
-0.102645874
0.244049072
-0.0934143066
0.257171631
0.245193481
-0.263366699
0.173034668
-0.102325439
0.280563354
0.140075684
0.214797974
0.338500977
-0.120956421
0.158691406
0.115036011
0.158584595
-0.219772339
-0.103286743
0.260955811
0.253814697
-0.0117645264
0.114578247
-0.254959106
0.0363616943
0.067779541
-0.239700317
-0.0023651123
-0.232971191
0.0283966064
0.0628814697
-0.0407562256
0.0184173584
0.125946045
-0.0895233154
0.0882720947
0.112197876
-0.0443115234
-0.0673217773
0.00401306152
-0.0476837158
-0.0731201172
0.0478820801
0.0348510742
-0.00479125977
0.0765075684
-0.016418457
-0.0141906738
0.0216064453
0.0567169189
0.0232086182
-0.00950622559
-0.102142334
0.0925292969
0.0236206055
0.0279541016
-0.105072021
-0.00267028809
0.112045288
-0.100341797
-0.0529937744
0.0743255615
0.00955200195
-0.0937347412
0.0914306641
-0.0103302002
-0.0930023193
-0.0684204102
-0.114074707
-0.102859497
0.0845336914
-0.0121002197
0.0921173096
0.0793151855
-0.0178985596
-0.0183563232
-0.0800476074
