0
0
0
0
0
0
0
0
0
0
0
0
0
0
0
0
32768
14745.0586
-1.29966736
32768
-32768
32768
4915.60693
6552.0957
32768
0.102035522
19660.9609
24575.7129
32768
-32766.6875
32767.3535
16383.0176
0
0
0
0
0
0
0
0
0
0
0
0
0
0
0
0
32768
-6553.79541
-0.103286743
0.264373779
-6553.76562
6553.58203
3276.96167
6553.2085
6553.521
0.112716675
11469.29
-6553.60498
-0.36390686
2729.8877
8192.28418
-0.660308838
0
0
0
0
0
0
0
0
0
0
0
0
0
0
0
0
0
0
0
0
0
0
0
0
0
0
0
0
0
0
0
0
32768
0.0864562988
0.838806152
-0.248825073
-0.204376221
0.0855865479
0.0369415283
0.0991973877
0.33215332
0.0858154297
0.385253906
-0.0664825439
0.525238037
0.128967285
-0.585357666
-0.0163574219
10921.6689
10921.5498
0.153427124
-0.0160827637
-0.648452759
0.615280151
-0.749435425
24575.5605
16384.4961
0.661010742
-0.894210815
16384.9238
0.21963501
-0.909957886
16383.7988
-0.634918213
0
0
0
0
0
0
0
0
0
0
0
0
0
0
0
0
0
0
0
0
0
0
0
0
0
0
0
0
0
0
0
0
