0.140823364
0.109329224
-0.142044067
0.147079468
-0.207641602
0.0495605469
0.153030396
-0.0153045654
-0.124267578
0.202346802
-0.121673584
-0.00375366211
0.153244019
0.128585815
-0.0303039551
-0.0900878906
0.00979614258
-0.00559997559
1.52587891e-05
0.0222320557
-0.03855896
-0.0030670166
0.00309753418
-0.0218811035
-0.0189056396
0.00308227539
0.00300598145
0.00344848633
0.0164489746
0.0235290527
-0.0234222412
-0.0148162842
-0.0877075195
-0.0183105469
-0.0576782227
-0.0306243896
-0.0949401855
-0.0668945312
0.108444214
0.0635223389
-0.100982666
-0.0534667969
-0.123718262
-0.00444030762
-0.0416412354
-0.0577392578
-0.0902099609
0.0782165527
-0.0913391113
0.191833496
0.296325684
-0.256622314
0.167434692
-0.272369385
-0.204116821
0.0914154053
-0.172775269
-0.231124878
-0.259841919
-0.191726685
0.186691284
0.236984253
-0.178573608
0.225906372
0.0104522705
-0.0117950439
0.00785827637
-0.00489807129
-0.00732421875
0.0116424561
-0.0087890625
-0.0214538574
-0.00552368164
0.00314331055
-0.000274658203
-0.00524902344
0.0182647705
-0.0174560547
-0.00721740723
-0.0198516846
0.00367736816
0.0525665283
-0.104492188
-0.00721740723
0.0758056641
-0.050491333
0.0438232422
0.0512542725
-0.0712585449
0.0454864502
-0.0171813965
0.104522705
-0.0672454834
-0.0719909668
-0.00971984863
-0.0503692627
-0.0352783203
0.0155792236
0.0240936279
0.0160369873
-0.0184783936
-0.0324401855
0.0374908447
0.017868042
0.00929260254
-0.00932312012
0.00228881836
0.0267486572
-0.00381469727
-0.00994873047
0.0162353516
-0.0301208496
-0.053237915
0.0102233887
-0.00199890137
0.0119934082
0.0290527344
0.0600891113
0.0292053223
0.000427246094
0.0520019531
-0.034362793
0.00527954102
0.0148773193
-0.00602722168
-0.0138397217
-0.0151367188
-0.00312805176
0.176422119
-0.070892334
0.00267028809
0.0768585205
0.140518188
0.0150909424
0.0245819092
-0.192260742
0.198364258
0.0828399658
-0.00250244141
-0.187438965
0.0324707031
0.250823975
-0.125946045
-0.151901245
0.0320129395
0.0912017822
-0.14112854
0.168212891
0.0205230713
-0.209976196
-0.155654907
-0.163406372
-0.169998169
0.179290771
-0.0513305664
0.217422485
0.190765381
-0.0954284668
-0.0030670166
-0.220016479
