0.103469849
0.0937957764
-0.0533905029
0.0849456787
-0.0889434814
-0.0107574463
0.0872192383
0.0704498291
-0.0254821777
0.0527648926
-0.0919799805
0.0623626709
0.0728607178
0.0985412598
6.10351562e-05
-0.0777282715
0.00523376465
0.00317382812
0.00448608398
0.00727844238
-0.0011138916
0.00128173828
-0.00588989258
-0.00718688965
-0.00294494629
0.000732421875
-0.00517272949
0.0079498291
0.0184936523
0.00486755371
-0.0170898438
-0.00582885742
0.0057220459
0.0218353271
-0.00419616699
0.0122680664
-0.0227203369
0.0040435791
0.00347900391
0.00338745117
0.00341796875
0.000518798828
-0.0135345459
-0.0118713379
-0.00225830078
-0.0234985352
0.000900268555
0.00856018066
-0.225021362
0.2006073
0.269348145
-0.24949646
0.239837646
-0.281234741
-0.218917847
0.0569610596
-0.199508667
-0.249145508
-0.273590088
-0.175094604
0.245681763
0.260177612
-0.251907349
0.225769043
0.0196990967
-0.0096282959
0.0101776123
-0.00273132324
0.0395965576
0.0106201172
-0.00552368164
-0.0262908936
-0.00186157227
0.0100860596
0.0117340088
0.00988769531
-0.00204467773
-0.0195007324
-0.0134429932
-0.0359954834
0.00590515137
-0.133224487
-0.113693237
0.16569519
0.000579833984
-0.0201721191
0.0601806641
0.100738525
0.00337219238
-0.112747192
0.0470275879
0.0223999023
0.0977020264
-0.0108032227
0.00903320312
0.0749816895
-0.0979156494
0.0825805664
-0.00785827637
0.0848999023
-0.105407715
-0.0493621826
0.146575928
0.138168335
-0.0022277832
0.0598602295
-0.132080078
-0.013961792
0.0214233398
-0.102005005
0.00799560547
-0.115341187
0.0509796143
0.054473877
-0.0445709229
0.0508880615
0.0696563721
-0.0893096924
0.0620117188
0.0869750977
-0.0520935059
-0.0471496582
0.0599060059
-0.0682525635
-0.0607757568
0.054901123
0.02684021
-0.0163269043
0.16619873
-0.112609863
-0.0715179443
-0.0283203125
0.151229858
-0.0330810547
0.0790557861
-0.187820435
0.188171387
-0.0105895996
-0.055847168
-0.196426392
-0.076385498
0.211791992
-0.150238037
-0.168838501
0.0360412598
0.0481262207
-0.0311889648
0.0434265137
-0.0330657959
-0.0277252197
-0.030456543
-0.0367431641
-0.0286102295
0.0326080322
-0.0468292236
0.0299987793
0.0331268311
-0.0357971191
-0.0199737549
-0.0258026123
