0
0
0
0
0
0
0
0
0
0
0
0
0
0
0
0
5461.90625
-16384.293
31675.2383
32768
-32768
16383.7012
32768
-0.550811768
-5462.21436
10922.7617
0.330978394
32768
-32768
-32767.5508
-32767.7012
-10922.3994
-0.0918884277
-0.221603394
-0.100387573
0.0189361572
6553.43994
17475.9453
0.0155792236
6553.6748
-6553.53369
-0.0199890137
6553.41162
-6553.29932
-0.206634521
32768
6553.36279
-32767.9707
32768
-4368.62988
0.437988281
-16383.8926
16384.4023
-32768
21845.041
22937.8086
5460.60693
-9830.4873
-5564.40723
9830.53516
17476.5215
0.629486084
-3277.27295
32768
0
0
0
0
0
0
0
0
0
0
0
0
0
0
0
0
0.175064087
0.0544433594
19660.6797
32768
0.209274292
-8192.45215
0.121414185
-0.118881226
-0.457260132
16383.5488
-8192.20117
0.23651123
-0.103378296
-0.202377319
19114.0059
21844.459
0
0
0
0
0
0
0
0
0
0
0
0
0
0
0
0
0.0393371582
0.103912354
5461.42725
0.247467041
0.112304688
-0.116592407
0.0877532959
5461.69092
0.0133972168
-0.203384399
0.0403442383
-0.0387115479
-0.15586853
-0.0153198242
0.0877227783
0.0171508789
-0.00813293457
0.0760803223
-3277.07104
-0.075881958
-0.144729614
0.0059967041
-0.0671234131
-0.0473175049
8191.99951
5461.625
-0.000106811523
8191.91553
-6553.44385
-0.0213623047
0.0758666992
0.0572357178
0
0
0
0
0
0
0
0
0
0
0
0
0
0
0
0
