-32768
1.28985596
-10923.5361
4681.99902
-10923.4521
19115.582
32768
32768
-0.985671997
32768
32768
-4369.08887
32768
0.945602417
-0.822341919
27305.2734
0
0
0
0
0
0
0
0
0
0
0
0
0
0
0
0
-0.137481689
-0.16027832
-0.0643615723
-0.22543335
-0.353851318
-0.165771484
0.188583374
0.535354614
-0.12979126
0.0339202881
-0.354415894
0.412704468
-0.510177612
-0.307113647
-0.514007568
32768
-32768
27306.5176
-0.0857543945
-6553.42627
10922.5479
10922.3252
-0.000106811523
-0.00578308105
4095.86572
21845.7285
0.223327637
16383.874
-10922.5918
-0.0032043457
0.147125244
-0.296844482
-32768
-1.67427063
-11703.4297
-32768
-6553.85791
10921.9551
13107.4268
32768
16384.3848
1091.93909
32768
30036.0371
32768
0.893417358
-0.587875366
32768
0
0
0
0
0
0
0
0
0
0
0
0
0
0
0
0
0
0
0
0
0
0
0
0
0
0
0
0
0
0
0
0
0.21321106
0.231567383
-0.0918731689
32767.7852
-9830.19336
-0.358520508
0.118713379
6553.83984
17475.7637
-0.155685425
-6553.4126
-0.00489807129
-16384.0918
-6553.38379
0.148101807
32768
0
0
0
0
0
0
0
0
0
0
0
0
0
0
0
0
0
0
0
0
0
0
0
0
0
0
0
0
0
0
0
0
