4.57763672e-05
0.03074646
-0.0177764893
0.00654602051
-0.0155181885
0.0193634033
-0.000503540039
-0.0168762207
-0.0491638184
-0.0235137939
-0.0208587646
-0.00215148926
-0.0180206299
-0.0383605957
0.0185852051
-0.0203399658
-0.274642944
0.336471558
0.0541229248
-0.297088623
-0.00375366211
0.243301392
-0.183883667
0.297698975
0.316604614
0.0254058838
0.0411834717
0.0778198242
0.206848145
-0.31791687
-0.0688934326
-0.0179443359
-0.0157775879
0.00514221191
-0.0176849365
-0.00675964355
0.0234069824
-0.0212249756
0.0204925537
0.00465393066
-0.00946044922
-0.00373840332
-0.0235137939
0.00776672363
-0.00648498535
-0.026184082
-0.0131072998
0.0148010254
0.00297546387
-0.0175018311
-0.0465240479
0.0564575195
-0.00317382812
0.0444793701
0.0204925537
0.0255737305
0.0113830566
0.0375823975
0.0474090576
0.0283966064
-0.030380249
-0.0245819092
0.018157959
-0.0248565674
0.161651611
-0.0456695557
0.154663086
0.0591278076
-0.00100708008
0.164047241
-0.168457031
-0.176589966
-0.145950317
0.143310547
-0.0719451904
0.130889893
-0.0523529053
-0.130752563
-0.048828125
-0.00657653809
0.0214233398
-0.0117645264
-0.0207977295
0.00617980957
0.000198364258
-0.0134887695
0.0272369385
0.00477600098
-0.00134277344
-0.0124053955
-0.00369262695
-0.0132141113
-0.00685119629
-0.00839233398
-0.00100708008
-0.0282287598
0.0943908691
-0.101882935
0.149688721
-0.165969849
0.0937347412
0.11541748
-0.146743774
-0.1146698
0.0886230469
-0.0341949463
0.165496826
-0.108276367
0.00360107422
0.125518799
-0.136123657
0.130905151
-0.0724334717
-0.0938110352
0.0343170166
-0.0570526123
-0.0832824707
0.0695037842
-0.0838317871
-0.0891265869
-0.024230957
0.0891265869
-0.0529327393
0.0907745361
0.0529174805
-0.0826416016
-0.125793457
-0.00257873535
-0.137954712
0.111724854
-0.0274200439
-0.0150299072
-0.139602661
0.0408935547
0.0288085938
0.126235962
-0.117919922
-0.0750427246
-0.0109405518
0.125534058
0.00465393066
-0.141891479
0.108169556
0.123931885
-0.0284423828
0.0183105469
0.0202331543
-0.043182373
0.0217285156
0.0417175293
0.058380127
0.00907897949
0.0466156006
-0.0587310791
0.0393066406
-0.0233764648
-0.0551605225
-0.0160064697
0.0140228271
0.0246124268
