-32767.7969
0.180877686
-32768
0.105255127
-8191.99316
0.0508117676
-10922.335
-0.054977417
19660.832
0.185531616
-19114.791
-0.0325775146
0.171325684
0.228088379
0.323196411
19114.332
0
0
0
0
0
0
0
0
0
0
0
0
0
0
0
0
10922.4463
0.0316619873
1365.26111
0.233169556
0.0667114258
-0.0836791992
0.0187225342
-0.0162963867
-0.0433807373
2047.91064
-0.185531616
0.150802612
0.0198516846
0.0584869385
0.000518798828
0.18132019
0
0
0
0
0
0
0
0
0
0
0
0
0
0
0
0
0
0
0
0
0
0
0
0
0
0
0
0
0
0
0
0
0
0
0
0
0
0
0
0
0
0
0
0
0
0
0
0
0
0
0
0
0
0
0
0
0
0
0
0
0
0
0
0
-0.0739898682
32767.7812
32768
0.154525757
21064.9766
21845.4746
-0.0782165527
-8192.30469
32768
32768
32768
-10922.1943
32768
10922.3623
32768
-32767.7363
0
0
0
0
0
0
0
0
0
0
0
0
0
0
0
0
0
0
0
0
0
0
0
0
0
0
0
0
0
0
0
0
