0.124328613
0.121444702
-0.107330322
0.0942382812
-0.0940246582
-0.0381164551
0.12411499
0.0751342773
-0.0229034424
0.108551025
-0.0989532471
0.0427856445
0.0967254639
0.0847015381
-0.00151062012
-0.109451294
0.0212249756
0.0108642578
-0.0350646973
0.0409088135
-0.00312805176
-0.015625
-0.0487365723
-0.0393218994
-0.0268096924
0.0106811523
-0.0302276611
0.0234527588
0.0632629395
0.0397033691
0.00730895996
-0.0401916504
-0.00425720215
0.0023651123
0.0126800537
0.00166320801
-0.0236968994
0.00170898438
0.00704956055
0.00561523438
-0.0250091553
0.00555419922
-0.0395812988
0.00123596191
-0.00875854492
-0.0294494629
-0.0118103027
7.62939453e-05
-0.121414185
0.0684967041
0.199478149
-0.0504760742
0.0549468994
-0.149490356
-0.102767944
0.0973968506
-0.0928955078
-0.0818481445
-0.155517578
-0.0757751465
0.155685425
0.0729675293
-0.0601959229
0.0860595703
-0.141342163
-0.208908081
-0.144622803
-0.0737762451
-0.00720214844
-0.150741577
0.175521851
0.130142212
0.167938232
-0.151596069
-0.19744873
-0.190475464
0.0934143066
0.172241211
-0.0688323975
-0.208267212
0.0452880859
0.00157165527
-0.16204834
0.0365447998
0.0891113281
-0.0629730225
0.0509338379
0.0623474121
-0.0620574951
-0.10736084
-0.0212402344
0.114135742
-0.0129699707
-0.0412139893
-0.0399017334
-0.0703430176
-0.0199432373
-0.00227355957
0.0271911621
0.0209350586
0.00422668457
-0.00614929199
0.00726318359
-0.00593566895
-0.0285491943
-0.0245819092
-0.0289764404
-0.00895690918
-0.0132598877
-0.0222473145
0.0268859863
0.00245666504
-0.0401611328
-0.0576019287
-0.0174407959
-0.0201416016
0.00622558594
0.010055542
-0.0240936279
0.0164642334
0.00146484375
0.038772583
-0.0631866455
0.0506744385
-0.0473175049
-0.0493621826
-0.00115966797
-0.0748291016
0.113845825
-0.0764770508
-0.12487793
-0.0419158936
0.112487793
-0.112976074
0.0483398438
-0.141281128
0.162384033
-0.0442657471
-0.0670623779
-0.147720337
-0.0551147461
0.16583252
-0.0618896484
-0.138565063
0.22315979
-0.00132751465
-0.216033936
0.307128906
-0.0323486328
-0.237106323
-0.262802124
-0.23135376
-0.216873169
0.252319336
-0.170516968
0.247573853
0.278579712
-0.0763702393
0.0621490479
-0.252258301
