0
0
0
0
0
0
0
0
0
0
0
0
0
0
0
0
0
0
0
0
0
0
0
0
0
0
0
0
0
0
0
0
0
0
0
0
0
0
0
0
0
0
0
0
0
0
0
0
0.0871276855
3276.93677
-0.0335540771
-0.157775879
0.0793609619
-0.0520019531
-0.0642089844
0.0886688232
-0.181976318
10922.4414
0.10206604
-0.0419769287
-0.17376709
16384.0547
0.184188843
-0.023147583
-32768
0.110183716
-10922.4404
3277.06812
0.013961792
0.146820068
0.00543212891
16384.0117
-0.140686035
10922.7139
8192.14551
0.0698852539
0.258880615
-0.0953674316
-0.22795105
-0.0859527588
-32768
0.143081665
-5461.5957
0.0361022949
0.230697632
-0.404006958
-32767.5977
-0.231323242
21844.8047
0.0640258789
-0.164489746
10922.6934
-0.084854126
10922.418
-0.302886963
-32768
32768
10923.3184
-32768
0.691497803
-0.700485229
10922.0205
1.01681519
-32768
16384.0059
0.122009277
-5462.33398
16383.9209
-32767.7617
-13108.0059
-32768
32768
3277.03931
0.0756835938
-16383.8799
16383.9385
-0.083984375
-0.114898682
0.0295410156
0.00592041016
16383.8252
0.0768737793
-0.200119019
-0.183807373
6553.60693
19114.5781
8192.04785
-0.310211182
0
0
0
0
0
0
0
0
0
0
0
0
0
0
0
0
-0.0549926758
3277.1936
10922.4814
3276.98657
0.00999450684
-0.0364379883
0.0624694824
-0.0440826416
-0.0204315186
-0.0637817383
0.067855835
0.037399292
-0.0224914551
-0.062789917
-0.251281738
-0.0550384521
