-27306.9473
-0.530639648
0.348800659
-0.303710938
0.589065552
-0.462234497
-0.214630127
-0.138168335
-0.088180542
-0.364532471
0.392456055
0.0340270996
-0.297164917
-0.532592773
16384.3008
0.560821533
32768
16383.8672
0.272094727
-0.0877990723
8192.24414
-8191.93213
8191.88916
0.120727539
0.0689849854
-0.338317871
0.334793091
-0.0361938477
8191.5459
-0.0862731934
0.18661499
-8192.2168
0
0
0
0
0
0
0
0
0
0
0
0
0
0
0
0
0
0
0
0
0
0
0
0
0
0
0
0
0
0
0
0
0
0
0
0
0
0
0
0
0
0
0
0
0
0
0
0
0
0
0
0
0
0
0
0
0
0
0
0
0
0
0
0
0
0
0
0
0
0
0
0
0
0
0
0
0
0
0
0
0
0
0
0
0
0
0
0
0
0
0
0
0
0
0
0
0
0
0
0
0
0
0
0
0
0
0
0
0
0
0
0
0
0
0
0
0
0
0
0
0
0
0
0
0
0
0
0
