0.0634307861
0.0765838623
-0.0647888184
0.0669708252
-0.0742492676
0.00650024414
0.0685119629
0.0821380615
-0.014831543
0.0394439697
-0.0563964844
0.0459289551
0.0763092041
0.0523529053
0.0151672363
-0.0756225586
0.0106048584
0.00817871094
-0.0439453125
0.0403747559
0.00205993652
-0.0141601562
-0.0149993896
-0.0397796631
-0.0324554443
-0.0278167725
0.0199127197
-0.026763916
0.010635376
0.0417327881
-0.0184173584
-0.0491790771
0.0428314209
0.0262756348
0.0212402344
-0.00381469727
-0.0299835205
0.0313415527
-0.0542449951
-0.00267028809
0.00773620605
0.00999450684
-0.00698852539
0.0196228027
0.0187988281
-0.0451049805
-0.0138397217
-0.0286560059
-0.00750732422
0.0315856934
0.0643157959
0.0499572754
-0.0296173096
-0.0811004639
-0.0235443115
0
-0.00413513184
0.0149383545
-0.0529632568
-0.0276947021
0.0562133789
-0.00517272949
-0.0321807861
-0.00112915039
-0.00828552246
-0.0036315918
0.00164794922
-0.034942627
0.026763916
-0.0105133057
-0.00141906738
-0.0109100342
-0.00387573242
-0.0121307373
0.0300140381
-0.00677490234
0.00923156738
0.0166168213
6.10351562e-05
-0.032043457
-0.0537872314
-0.0572967529
0.0118865967
0.106140137
-0.0533447266
0.0710754395
0.024230957
0.102890015
0.0565795898
-0.0196380615
0.030960083
0.0163726807
0.120666504
0.0450592041
0.0573883057
0.116195679
-0.093170166
0.123809814
0.0365905762
0.129470825
-0.126190186
-0.0938568115
0.144165039
0.120758057
0.0137634277
0.0591583252
-0.14364624
0.0190124512
0.0383605957
-0.140319824
0.0250854492
-0.147171021
0.064163208
0.0868377686
-0.0665435791
0.0411529541
0.161880493
-0.118850708
0.121505737
0.147369385
-0.0532226562
-0.103652954
0.0316314697
-0.0969848633
-0.117935181
0.0980987549
0.0687561035
0.0135955811
0.0878143311
-0.0408630371
-0.0735473633
0.0140533447
0.107009888
0.0099029541
-0.0893096924
-0.114883423
0.154602051
0.0440826416
0.0402832031
-0.111831665
0.0369873047
0.141281128
-0.0218048096
-0.114822388
0.125411987
0.0326080322
-0.127349854
0.169906616
-0.042755127
-0.142120361
-0.133834839
-0.167938232
-0.138458252
0.144119263
-0.106414795
0.142456055
0.145675659
-0.126663208
0.0231018066
-0.122314453
