-2730.44507
32768
-0.203063965
16383.7217
-16384.2461
-8191.98779
25941.1367
32768
8192.68164
5461.11377
-0.272872925
-16384.0391
32768
5461.63721
-27306.1465
10921.8652
0
0
0
0
0
0
0
0
0
0
0
0
0
0
0
0
-8192.32715
4915.19727
-0.244186401
32767.8066
545.651672
5461.12549
9830.89844
-5460.61475
-24576.3066
16383.8955
8191.91504
16383.9219
0.0215148926
-14745.8916
21845.1582
17749.4629
-32768
14745.3652
-0.333877563
8192.14453
10922.3242
0.129455566
-10922.5127
-8192.24316
-545.862122
-11468.8389
-32767.9102
-5460.71387
8191.69336
-0.132492065
32768
-0.170837402
0
0
0
0
0
0
0
0
0
0
0
0
0
0
0
0
32768
0.260772705
1638.70886
9830.30371
-8192.08496
-10240.1357
10923.1914
-10922.6348
-10922.6445
0.104232788
21845.3418
-2730.5459
24575.6172
-12970.3604
-0.102279663
1638.28857
0
0
0
0
0
0
0
0
0
0
0
0
0
0
0
0
0
0
0
0
0
0
0
0
0
0
0
0
0
0
0
0
10922.6152
-8192.18457
-0.00205993652
-0.268112183
0.0484619141
14745.625
-0.0984802246
-0.0587463379
0.00198364258
0.0401916504
5461.51953
-0.0185241699
32768
16383.9375
-6553.50732
13653.4707
0.37739563
-2730.73682
-10923.0771
0.380172729
8192.05469
14745.4434
5461.13721
8192.00391
-0.0100250244
8192.2334
-21845.2715
5461.55908
32768
0.00688171387
2731.37817
-8192.11328
