-32768
-0.116287231
-0.0244598389
-0.281951904
3276.99902
-0.0880126953
-0.182113647
0.0203857422
0.302902222
-0.246917725
0.0916595459
0.186309814
0.00372314453
-0.0146789551
0.142410278
0.0415039062
32768
-0.00622558594
-0.0690460205
8191.96387
10922.4814
-2730.56665
0.264038086
-16383.9766
-19114.4746
-10922.3242
-0.181182861
8191.95703
10922.6211
-19114.5312
24576.127
-0.0192871094
0
0
0
0
0
0
0
0
0
0
0
0
0
0
0
0
-32768
29490.582
-0.550018311
-0.0651550293
-0.183837891
-3276.75098
27306.7012
-0.374771118
-30719.6875
32768
0.153930664
-3276.89795
-0.256149292
-0.298171997
-32767.6934
10922.3057
-30889.5
-0.291976929
0.544128418
10295.9023
-0.264923096
0.455673218
-0.51159668
-0.364532471
-0.459747314
10296.7471
-3089.11353
6178.54736
0.384872437
-0.30406189
0.0969390869
0.00614929199
-32768
-10921.9062
-8738.9873
-0.637741089
0.87789917
27305.916
-10922.2275
-0.538665771
-0.692016602
19661.4551
-10923.165
0.552597046
-0.264770508
-0.915435791
-0.518676758
32768
-32768
6553.74121
0.181518555
0.0267486572
32768
8191.71045
-0.0172729492
0.083984375
0.553329468
0.160064697
-32768
0.0277404785
0.477966309
-0.223373413
-8192.41992
-16384.1895
-10922.4844
10922.4258
21845.875
-10922.5967
-10922.6611
-2730.47559
10922.3584
-0.236984253
-0.0437316895
32768
7645.87207
-16383.9062
2184.74438
-21845.0762
-0.476272583
10922.6416
10922.4971
8191.9624
-0.220397949
-0.211730957
3277.02271
-0.135421753
-0.110946655
0.0420227051
-0.0362548828
0.0818023682
-3277.11377
0.0751037598
-10922.6182
-0.0094909668
0.0824127197
3276.96606
0
0
0
0
0
0
0
0
0
0
0
0
0
0
0
0
