0.0149383545
0.0291290283
-0.0383453369
0.0158996582
-0.051940918
0.0102081299
0.012512207
-0.0232543945
-0.0304107666
0.0206298828
-0.0313415527
-0.0351715088
0.00526428223
0.00921630859
-0.0339508057
-0.0261230469
0.0850372314
-0.0531616211
-0.105606079
0.107833862
0.0268249512
-0.0669555664
-0.122802734
-0.0933227539
-0.120788574
-0.055480957
-0.0140533447
-0.0316467285
-0.0679779053
0.117034912
0.106506348
-0.0649414062
0.041885376
0.0615234375
0.0449066162
-0.029296875
0.0610961914
0.0202178955
-0.056060791
0.021270752
0.0344085693
0.0457000732
0.0271606445
0.0428009033
-0.0130004883
-0.0151672363
-0.0417633057
-0.0431518555
0.0272827148
-0.0851745605
-0.143112183
0.20463562
-0.0756835938
0.108108521
0.102661133
-0.0467987061
0.0863342285
0.15914917
0.154830933
0.159210205
-0.046875
-0.130523682
0.140045166
-0.19078064
0.0196533203
-0.144073486
0.034942627
0.0598449707
-0.0463562012
0.0180206299
-0.0438232422
-0.0554504395
-0.00901794434
-0.000717163086
-0.0856933594
-0.0283355713
0.0106811523
0.021774292
-0.068069458
-0.0784301758
0.0498657227
-0.00946044922
-0.037322998
-0.00189208984
0.0519256592
-0.0205230713
0.0220031738
-0.0145263672
-0.0302276611
0.0156097412
0.00360107422
-0.00874328613
-0.0125427246
-0.0166015625
-0.0277709961
-0.00424194336
0.168228149
0.212677002
0.316772461
0.0408630371
-0.207351685
-0.0695953369
0.13684082
0.157775879
0.183898926
0.0959472656
-0.0289764404
-0.17868042
0.35736084
-0.180801392
-0.454315186
-0.208480835
-0.00305175781
-0.0235137939
0.00746154785
0.00434875488
-0.017868042
0.00299072266
-0.0119018555
-0.0311431885
-0.00141906738
0.0186157227
0.00328063965
0.037979126
0.0208435059
-0.0191650391
-0.0225219727
0.0361938477
-0.186264038
0.171234131
0.0171966553
0.0445861816
-0.208435059
0.0724029541
-0.00215148926
0.181991577
-0.170806885
-0.0478668213
0.0354309082
0.14755249
0.0374755859
-0.149993896
0.0885925293
0.179718018
-0.0180511475
0.0147094727
0.0336151123
-0.0161743164
0.00701904297
0.0465698242
0.0205688477
0.0289001465
0.0316619873
-0.0254669189
0.00344848633
-0.0404968262
-0.0239562988
-0.0243225098
0.0319824219
0.0468444824
