0.00704956055
0.0202484131
-0.0162506104
-0.0360565186
0.00549316406
0.00640869141
-0.0401611328
-0.042678833
-0.0298919678
-0.0314788818
-0.00537109375
-0.0280456543
-0.0339355469
-0.0149993896
-0.0210571289
-0.0149688721
0.0537567139
-0.0413970947
-0.0895996094
0.0660858154
-0.0298309326
-0.0502471924
-0.0479888916
-0.056640625
-0.0814819336
-0.0393371582
0.0152130127
-0.0706634521
-0.0731506348
0.0720825195
0.0597991943
-0.0298461914
0.0921783447
0.100128174
0.0578765869
-0.0253295898
0.0865478516
0.0710296631
-0.092666626
0.083694458
0.109802246
0.0888061523
0.0393981934
0.0756530762
-0.0484771729
0.0184020996
-0.0566253662
-0.088760376
0.0367279053
-0.0569000244
-0.105407715
0.122924805
-0.0200805664
0.039855957
0.0702819824
0.036315918
0.0325622559
0.0972137451
0.0674743652
0.0783233643
-0.0383453369
-0.0425415039
0.0545196533
-0.0576324463
0.0313720703
-0.125061035
0.0301055908
0.0291748047
-0.0334320068
0.034286499
-0.0328063965
-0.0283813477
-0.0418548584
0.0329437256
-0.0821533203
-0.00416564941
-0.00283813477
0.00268554688
-0.0274200439
-0.0318756104
0.020324707
0.00646972656
-0.00321960449
-0.0096282959
0.0209960938
-0.013381958
-0.00830078125
0.000183105469
-0.00708007812
0.0086517334
-0.000473022461
-0.0011138916
-0.0272216797
0.0358581543
-0.00857543945
0.000366210938
0.0537567139
-0.0876159668
0.0414581299
-0.130737305
0.0988922119
0.0932006836
-0.123977661
-0.0907745361
0.0310058594
-0.00512695312
0.0990753174
-0.108734131
0.0152587891
0.102935791
-0.068069458
0.103302002
-0.0490112305
-0.0852203369
-0.00523376465
-0.0528259277
-0.106994629
0.0565643311
-0.0678100586
-0.130844116
-0.0964813232
0.105285645
-0.0267028809
0.106338501
0.0576629639
-0.0741882324
-0.0713348389
0.0254974365
-0.305435181
0.287963867
-0.0094909668
0.00129699707
-0.382873535
-0.0982666016
0.0569763184
0.320053101
-0.307250977
-0.0194396973
0.0887908936
0.256576538
-0.0571899414
-0.267272949
0.0796356201
0.343383789
-0.0262145996
0.0264587402
0.0361328125
-0.00846862793
-0.00146484375
0.0334320068
0.0231018066
0.0203704834
0.028793335
-0.021774292
-0.0182495117
-0.0194244385
-0.0104522705
0.00779724121
0.00695800781
0.016418457
