0.127822876
0.120361328
-0.107009888
0.124755859
-0.159347534
0.0565338135
0.143371582
0.0921325684
0.00270080566
0.149841309
-0.0765838623
0.0523681641
0.150726318
0.111312866
0.0227813721
-0.119125366
0.0140991211
-0.0111999512
-0.00216674805
0.0255126953
-0.0080871582
-0.00802612305
-0.0126037598
-0.0249176025
-0.0187072754
-0.00785827637
0.005859375
0.00389099121
0.0030670166
0.0274200439
0.00151062012
-0.0175476074
0.0199890137
-0.00810241699
-0.0115509033
-0.000640869141
-0.115158081
0.00830078125
0.00788879395
0.0383911133
-0.0132904053
0.0331115723
-0.0207214355
0.0170288086
-0.0341491699
-0.0605621338
-0.0351257324
-0.0144500732
-0.0442504883
0.0769958496
0.165390015
-0.0854644775
0.00961303711
-0.176147461
-0.086807251
0.00382995605
-0.0598297119
-0.0842132568
-0.185317993
-0.0802001953
0.155853271
0.0352935791
-0.130584717
0.0898742676
0.0753479004
0.0455627441
0.0750732422
-0.058013916
0.112091064
0.0647888184
-0.0711364746
-0.103179932
-0.0736083984
0.05027771
0.0432891846
0.0912780762
-0.0250396729
-0.0924530029
0.00621032715
-0.0430297852
-0.00186157227
-0.109680176
-0.162994385
0.162567139
0.0315704346
0.0184173584
0.0289306641
0.178955078
0.00909423828
-0.160354614
0.0772094727
0.109130859
0.135284424
-0.0285949707
0.0507049561
0.0845489502
0.00813293457
0.224304199
0.170837402
0.193466187
-0.224334717
-0.150054932
0.252288818
0.231323242
0.0737609863
0.033416748
-0.241088867
-0.0328521729
0.212509155
-0.282043457
-0.169891357
-0.255340576
0.000381469727
0.042755127
-0.0738525391
-0.0122070312
0.0851898193
-0.0480651855
0.0635223389
0.0961608887
0.00994873047
-0.051864624
0.0243835449
-0.0388031006
-0.0874633789
0.0404205322
0.0397338867
0.00398254395
0.0864105225
-0.0292510986
-0.067489624
0.0318450928
0.072052002
-0.0298309326
-0.0214385986
-0.0820465088
0.103607178
0.0762939453
0.0445709229
-0.0872192383
0.0421447754
0.140029907
-0.0741271973
-0.0713348389
0.131866455
-0.0182342529
-0.211090088
0.227249146
-0.029876709
-0.24382019
-0.198806763
-0.250762939
-0.220153809
0.223098755
-0.0854797363
0.243743896
0.212814331
-0.146759033
0.0598449707
-0.221633911
