0
0
0
0
0
0
0
0
0
0
0
0
0
0
0
0
0
0
0
0
0
0
0
0
0
0
0
0
0
0
0
0
0
0
0
0
0
0
0
0
0
0
0
0
0
0
0
0
0
0
0
0
0
0
0
0
0
0
0
0
0
0
0
0
-32768
19113.8633
10922.7412
32768
-0.136352539
0.124053955
16383.6689
16383.5068
-0.110534668
0.196594238
-0.677108765
-3277.16724
19661.5781
7645.52002
-1.00007629
-0.832489014
11874
-0.0184783936
-0.123352051
11874
0.0684814453
-0.0596923828
0.0794372559
0.0868835449
-0.0750579834
-0.0165100098
-0.0442962646
0.0626983643
0.0110626221
-0.0478515625
-1187.54102
-0.067779541
0
0
0
0
0
0
0
0
0
0
0
0
0
0
0
0
0
0
0
0
0
0
0
0
0
0
0
0
0
0
0
0
-32768
-0.0113830566
3277.04712
32768
0.005859375
-32767.8906
3276.99243
-32767.8809
-0.0705871582
0.0446624756
32768
-24575.8867
-32767.9844
32767.9707
0.225402832
32768
0.242523193
13106.8242
0.0957946777
0.0622711182
-0.0249176025
0.250198364
-16384.1094
-3276.85669
16384.1992
-0.016418457
8191.56885
-0.207458496
-0.0209503174
-0.223800659
0.10949707
3277.2334
