0
0
0
0
0
0
0
0
0
0
0
0
0
0
0
0
0
0
0
0
0
0
0
0
0
0
0
0
0
0
0
0
27306.8301
0.321548462
0.252670288
-0.163040161
0.16178894
0.190490723
8191.66602
0.199295044
0.24772644
0.249771118
-0.166885376
8192.33984
19114.2695
0.0621948242
10921.7422
6553.19434
32768
10922.3887
-10922.791
0.084777832
-0.435317993
0.112762451
8191.92334
-10922.8213
10922.6104
-32767.7871
0.2837677
-32768
-0.472091675
21844.8184
-26214.3496
8191.59082
0
0
0
0
0
0
0
0
0
0
0
0
0
0
0
0
32768
0.237640381
-0.0881652832
-0.353637695
0.372650146
32767.7031
0.0486450195
-0.217453003
-0.194641113
0.124008179
-0.465438843
0.203552246
-0.227752686
-0.375076294
-0.322921753
-0.696563721
0
0
0
0
0
0
0
0
0
0
0
0
0
0
0
0
0
0
0
0
0
0
0
0
0
0
0
0
0
0
0
0
0
0
0
0
0
0
0
0
0
0
0
0
0
0
0
0
-10921.9238
0.114807129
6552.91357
0.520828247
-0.234954834
-0.484954834
-0.491638184
-0.573654175
17475.5918
10922.9795
-17476.1133
6554.02881
0.386734009
6553.58203
0.0243988037
-0.44744873
