0.0344085693
0.00309753418
0.038269043
0.0383605957
0.0493774414
-0.0327606201
0.022277832
0.0590820312
-0.0198669434
0.0219268799
-0.00323486328
0.00869750977
-0.0149993896
0.0258483887
-0.0359191895
0.00819396973
0.013961792
0.0138702393
-0.0207366943
0.0328521729
-0.057723999
-0.00900268555
-0.00654602051
-0.0337371826
-0.0196838379
-0.0167694092
-0.00178527832
0.00413513184
0.0610961914
0.0287475586
-0.0480957031
-0.0708770752
0.00828552246
0.0463867188
-3.05175781e-05
-0.00785827637
-0.0663757324
0.022644043
-0.00384521484
0.00735473633
0.0022277832
0.00869750977
-0.0411987305
0.00715637207
0.00231933594
0.00274658203
-0.0135650635
0.00727844238
-0.153686523
0.185836792
0.325271606
-0.217590332
0.167709351
-0.283966064
-0.22833252
0.103912354
-0.222473145
-0.241149902
-0.300109863
-0.166397095
0.218200684
0.209640503
-0.206222534
0.233047485
0.0276641846
-0.00198364258
0.0318603516
-0.041229248
0.0139923096
0.0329284668
-0.0445709229
-0.0471954346
-0.0306854248
0.00430297852
0.0601654053
0.0237426758
0.01953125
-0.0449829102
-0.0196685791
-0.00668334961
-0.0318450928
-0.0812683105
-0.150009155
0.102935791
0.00827026367
0.0166015625
0.0389099121
0.163864136
-0.0285339355
-0.112182617
0.0466003418
0.0958099365
0.119842529
-0.0601348877
-0.00743103027
0.0462341309
-0.120727539
0.128128052
0.0052947998
0.111099243
-0.124206543
-0.13508606
0.137130737
0.136520386
-0.0149688721
0.133239746
-0.100830078
-0.0980224609
0.0709838867
-0.0922546387
0.0167999268
-0.10458374
0.0364532471
0.0724182129
-0.0634155273
-0.0159454346
0.140228271
-0.0991821289
0.0885925293
0.140640259
0.0250396729
-0.090637207
0.0217285156
-0.042175293
-0.0801086426
0.0559844971
0.0465393066
0.0358123779
0.0763244629
-0.0093536377
-0.0269165039
-0.00698852539
0.0354003906
-0.0140380859
0.00953674316
-0.0683441162
0.0800933838
-0.0128631592
-0.0154418945
-0.0820922852
0.0468292236
0.0921630859
-0.0744476318
-0.0480041504
0.0310058594
0.0347595215
-0.111999512
0.105804443
0.0199279785
-0.139434814
-0.102966309
-0.117889404
-0.113479614
0.117614746
-0.0247039795
0.137145996
0.110626221
-0.145645142
1.52587891e-05
-0.12361145
