-0.00880432129
-4.57763672e-05
-0.0117034912
-0.00469970703
-0.00978088379
0.000717163086
-0.00259399414
-0.0287322998
-0.0319671631
-0.0142974854
-0.0101013184
7.62939453e-05
-0.000244140625
-0.00770568848
0.00804138184
0.00605773926
0.103546143
-0.073928833
-0.121963501
0.127456665
-0.0030670166
-0.083114624
-0.0893554688
-0.114181519
-0.14100647
-0.075668335
0.0555419922
-0.053237915
-0.142379761
0.130935669
0.0984802246
-0.0257568359
-0.00982666016
0.0308380127
-0.0071105957
0.0412597656
0.075958252
-0.0349884033
0.00538635254
-0.0087890625
-0.0193634033
-0.00537109375
-0.00260925293
0.0503234863
-0.0163726807
-0.0218353271
-0.00117492676
0.0133514404
-0.310653687
0.024520874
0.0205230713
0.0921478271
0.0577850342
-0.0478515625
-0.0462341309
0.113327026
-0.0549316406
0.0364685059
-0.116119385
0.0301971436
0.153625488
0.10319519
-0.0900268555
0.0130310059
0.0830078125
-0.220169067
0.0932312012
0.0419921875
-0.0852508545
0.0858306885
-0.115402222
-0.100021362
-0.0943756104
0.0793914795
-0.122360229
0.00523376465
0.0495147705
-0.0278015137
-0.0761871338
-0.0802459717
0.103347778
0.0607299805
-0.0783691406
-0.0941619873
0.0842895508
-0.060256958
0.0265808105
-0.0727386475
-0.105560303
0.00619506836
-0.101821899
0.0572967529
-0.055847168
-0.102996826
-0.0880432129
-0.0918121338
0.0666503906
-0.048248291
0.0573730469
-0.10748291
0.0386352539
0.0796203613
-0.0946350098
-0.0576782227
0.0902709961
0.0422973633
0.0743713379
-0.087097168
0.0124969482
0.0881652832
-0.0668029785
0.077255249
-0.194595337
-0.278869629
0.0797576904
-0.078918457
-0.229431152
0.153869629
-0.250244141
-0.188095093
0.00639343262
0.221923828
-0.164871216
0.300201416
0.113693237
-0.281433105
-0.155105591
-0.0903015137
-0.148040771
0.131378174
-0.0374450684
-0.0630493164
-0.194549561
0.0694885254
0.0330352783
0.155639648
-0.188522339
-0.0603790283
-0.0101928711
0.135406494
0.0074005127
-0.203704834
0.0657958984
0.183288574
0.00350952148
0.00332641602
0.0044708252
-0.0100250244
-0.0135040283
0.0166473389
0.0103912354
0.0048828125
0.00877380371
-0.0135192871
-0.00900268555
-0.0107879639
-0.014175415
0.0166473389
-0.00997924805
0.0177001953
