0.143188477
0.128738403
-0.064239502
0.15397644
-0.164886475
0.106903076
0.148483276
0.0626068115
-0.0286865234
0.147140503
-0.108627319
0.0322418213
0.13571167
0.125946045
-0.0206604004
-0.133773804
0.00816345215
-0.010269165
0.0099029541
0.00653076172
0.00852966309
-0.000442504883
-0.0135498047
-0.00556945801
-0.00360107422
-0.010848999
-0.000900268555
0.0179138184
-4.57763672e-05
0.00636291504
0.00204467773
-0.00936889648
-0.20904541
-0.102249146
-0.2240448
0.0950927734
-0.123077393
-0.221862793
0.251663208
-0.130004883
-0.280151367
-0.265960693
-0.109512329
-0.253097534
0.0178985596
-0.0190429688
0.318435669
0.29447937
-0.112548828
0.144958496
0.319168091
-0.154754639
0.103530884
-0.253433228
-0.19581604
0.107437134
-0.174957275
-0.207397461
-0.302154541
-0.0791320801
0.221191406
0.204193115
-0.105682373
0.194488525
0.0248260498
-0.0490570068
0.0177154541
0.0107421875
-0.0317230225
0.0304718018
-0.0341644287
-0.0293884277
-0.0225067139
0.00765991211
-0.00268554688
0.0169677734
-0.0117492676
-0.039642334
-0.00630187988
-0.044052124
0.0684967041
-0.0283508301
-0.211502075
0.0583190918
0.0802307129
-0.0850219727
0.115264893
0.11946106
-0.120422363
-0.123840332
0.0223846436
0.150970459
0.0188598633
-0.12097168
-0.0597991943
-0.0688171387
-0.125411987
0.046295166
0.0359954834
0.0574188232
-0.0648956299
-0.0613250732
0.0873718262
0.0923614502
-0.0471343994
0.0579528809
-0.0741729736
0.0431976318
0.0503540039
-0.0614318848
0.0395812988
-0.0479736328
-0.010848999
0.0432434082
-0.0756225586
-0.0026550293
0.0624389648
-0.051071167
0.0462341309
0.0727996826
0.0181121826
-0.0552520752
-0.00889587402
-0.0157775879
-0.0434265137
0.0186920166
0.0410003662
0.0129547119
0.218856812
-0.124359131
-0.0170593262
0.0622253418
0.209854126
-0.0263671875
-0.0275115967
-0.226974487
0.246994019
0.0487670898
0.0770874023
-0.219970703
0.0571136475
0.183166504
-0.0722503662
-0.172714233
-0.0263824463
0.0659790039
-0.0756988525
0.0893554688
0.00511169434
-0.126113892
-0.0578613281
-0.0920257568
-0.081817627
0.0762634277
-0.0094909668
0.116256714
0.092376709
-0.0637207031
0.00428771973
-0.127105713
