0.0472412109
0.0383148193
-0.0297698975
0.0660400391
-0.0602111816
0.0198516846
0.0703735352
-0.00517272949
-0.0314331055
0.0442047119
-0.0434112549
0.0587615967
0.05078125
0.0355987549
-0.0231323242
-0.0316619873
0.107208252
-0.0435333252
-0.110458374
0.155014038
-0.0852508545
-0.0849914551
-0.0527648926
-0.153656006
-0.147018433
0.0197601318
0.0064239502
-0.0136871338
0.055770874
0.153701782
-0.0510406494
-0.0419769287
-0.0867004395
0.0235290527
-0.0823059082
0.0960083008
-0.0524597168
-0.0626068115
0.102661133
-0.027130127
-0.0534210205
-0.081451416
-0.0167694092
-0.0445404053
0.0218048096
-0.0812072754
0.0478973389
0.118469238
-0.222412109
0.202941895
0.316726685
-0.239532471
0.244110107
-0.288314819
-0.216201782
0.0756988525
-0.214447021
-0.248550415
-0.262588501
-0.200515747
0.265792847
0.249862671
-0.204086304
0.21647644
-0.0196685791
-0.00965881348
-0.0383758545
-0.0260314941
0.0422668457
-0.0192565918
0.0480499268
0.009765625
0.0504760742
-0.0305786133
0.0356140137
-0.0305023193
-0.0222473145
-0.0092010498
0.0280761719
-0.0613555908
0.0549621582
-0.0483551025
-0.138366699
0.0945892334
0.0749359131
-0.072052002
0.0974121094
0.048248291
-0.0911102295
-0.0707702637
0.00924682617
0.058380127
0.00389099121
-0.0763549805
-0.0327301025
-0.0539703369
-0.056427002
0.0332336426
0.0369415283
0.0235443115
-0.0324554443
-0.0293884277
0.062210083
0.0532989502
0.0249938965
-0.0190582275
-0.046661377
-0.0208282471
0.0176239014
-0.0555877686
-0.00900268555
-0.0609741211
0.0205993652
0.0486602783
-0.0258636475
0.0190582275
0.0565948486
-0.0791168213
0.0443572998
0.0597839355
-0.0577087402
-0.0249786377
0.0326080322
-0.0302581787
-0.0229797363
0.0217437744
0.0227966309
-0.0273132324
0.148880005
-0.0451202393
0.0217285156
0.030456543
0.0961761475
0.0546417236
0.0182800293
-0.15977478
0.156967163
0.0318603516
-0.0119934082
-0.18031311
-0.0215148926
0.1902771
-0.144744873
-0.110916138
0.0253753662
0.0504760742
-0.022277832
0.0559997559
-0.0337677002
-0.024810791
-0.0376739502
-0.0301513672
-0.0263671875
0.0404815674
-0.0634613037
0.032043457
0.044631958
-0.056060791
0.00769042969
-0.0250854492
