0.0845336914
0.108642578
-0.0526428223
0.0872344971
-0.08253479
0.0151062012
0.0829315186
0.0423278809
-0.0345916748
0.0298919678
-0.0952148438
-0.0101928711
0.056060791
0.0502319336
0.0225524902
-0.100143433
7.62939453e-05
0.0162658691
0.0009765625
0.0122528076
-0.00679016113
0.00241088867
-0.0198669434
-0.0129852295
-0.00151062012
-0.022277832
-0.0270996094
0.0170440674
0.0440368652
0.010269165
-0.0207366943
-0.0417480469
0.0333404541
0.0108947754
0.0109558105
-0.00476074219
-0.0645751953
0.0382080078
-0.013458252
0.0592346191
-0.000427246094
0.0565643311
-0.0773162842
0.00283813477
-0.0276947021
-0.0640563965
0.00903320312
-0.0254669189
-0.0346679688
0.038269043
0.0765228271
-0.0375823975
-0.00267028809
-0.0757598877
-0.0490112305
-0.00698852539
-0.0257873535
-0.0697021484
-0.0973205566
-0.0111999512
0.0425262451
0.0269622803
-0.0631561279
0.0241699219
0.0689849854
-0.0359954834
0.0429534912
0.0428314209
0.0811462402
0.0650787354
-0.0486297607
-0.0655517578
-0.0725097656
0.0545196533
-0.0011138916
0.0613708496
0.0124969482
-0.0907440186
-0.0400238037
-0.0773162842
-0.0725097656
-0.144256592
-0.0863494873
0.170074463
-0.0224151611
0.0621032715
-0.0394439697
0.153213501
0.0776062012
-0.122940063
0.0855712891
0.0059967041
0.110473633
0.0770568848
0.0761108398
0.127853394
-0.0311584473
0.254959106
0.115203857
0.207626343
-0.233154297
-0.174850464
0.281005859
0.268386841
0.0043182373
0.121490479
-0.268753052
-0.105651855
0.134048462
-0.28527832
-0.0950469971
-0.301467896
0.0100402832
-0.00350952148
-0.00991821289
-0.00280761719
0.0547027588
-0.0365447998
0.0110473633
0.0713500977
-0.0240631104
-0.0126342773
-0.0278930664
0.00132751465
-0.0700836182
-0.0139770508
0.0176696777
-0.0624847412
0.11239624
-0.0481109619
-0.0271453857
-0.0394744873
0.0584716797
-0.0105438232
-0.00610351562
-0.109909058
0.103240967
0.0246887207
-0.00416564941
-0.113632202
-0.000595092773
0.145233154
-0.129058838
-0.075958252
0.147521973
0.0239562988
-0.141708374
0.189041138
0.00108337402
-0.156997681
-0.162475586
-0.170623779
-0.149597168
0.156021118
-0.0909881592
0.164398193
0.168197632
-0.0876312256
0.013961792
-0.154663086
