-0.0367279053
0.0162811279
10922.4766
-0.104598999
-0.0161437988
0.00511169434
-0.0926055908
-0.0398406982
-0.0559844971
-0.152755737
0.017074585
0.063873291
10922.3945
-0.104324341
0.107620239
0.0507659912
0
0
0
0
0
0
0
0
0
0
0
0
0
0
0
0
0
0
0
0
0
0
0
0
0
0
0
0
0
0
0
0
0
0
0
0
0
0
0
0
0
0
0
0
0
0
0
0
-32768
-0.283676147
0.0181121826
32767.9922
-0.1875
0.00352478027
-0.207077026
16383.9561
16383.9707
-0.0555114746
-16383.7529
-0.00338745117
0.0888214111
32768
-10922.6074
-0.0226287842
32768
-10922.5381
-8192.11719
-10922.4512
0.049407959
-0.171356201
5461.64844
-0.162445068
-0.200927734
10922.1582
-4369.02539
0.164794922
-8191.99561
-0.0617980957
-0.218032837
-0.0666809082
0.123504639
24576.498
0.111724854
0.468734741
-0.347076416
-0.429336548
16384.6055
0.524917603
-0.21824646
0.161621094
8191.40918
10922.7861
32768
10921.8135
0.010269165
32768
-32768
-0.476287842
0.167358398
-0.326965332
8191.58789
0.376586914
-0.519790649
8191.65771
0.0830993652
0.485214233
-16384.2422
-16383.4219
0.272613525
-0.555587769
-0.272384644
8191.64258
0
0
0
0
0
0
0
0
0
0
0
0
0
0
0
0
0
0
0
0
0
0
0
0
0
0
0
0
0
0
0
0
