0.0612945557
0.0797729492
-0.0856628418
0.0648651123
-0.106109619
-0.0213165283
0.0747680664
0.049911499
-0.00498962402
0.0331268311
-0.056854248
0.0419616699
0.0998382568
0.0608520508
0.00601196289
-0.0941467285
0.00268554688
0.0334777832
-0.0302734375
0.0161437988
-0.0159454346
0.00190734863
-0.0311889648
-0.0136108398
-0.013092041
-0.00891113281
-0.054107666
0.00280761719
0.0586242676
0.0149841309
-0.0123748779
-0.0213470459
0.0581970215
0.0571899414
0.0430603027
0.0280914307
-0.061706543
0.0512390137
-0.034072876
0.0586395264
0.0061340332
0.0481109619
0.00305175781
0.0226287842
-0.0657501221
0.0012512207
-0.0537872314
-0.0538635254
-0.220352173
0.212249756
0.352783203
-0.293609619
0.169021606
-0.256744385
-0.217773438
0.145095825
-0.235855103
-0.251937866
-0.28604126
-0.19303894
0.25227356
0.222045898
-0.239181519
0.2240448
0.0260925293
0.0353088379
0.0412750244
-0.0787658691
0.0325775146
0.0313110352
-0.0178985596
-0.0459594727
-0.0325469971
0.0367279053
0.0370635986
0.0239715576
0.00367736816
-0.0245819092
0.0149383545
-0.0360565186
0.0548400879
0.0121154785
-0.104156494
0.0260009766
0.064666748
-0.102676392
0.121078491
0.0610046387
-0.113250732
-0.00135803223
-0.0470275879
0.147766113
-0.0352478027
-0.118682861
-0.0725860596
-0.0953063965
-0.103530884
0.0110473633
-0.0119934082
0.0247650146
-0.0351409912
-0.0148773193
0.0560913086
0.062210083
-0.0288543701
0.0263977051
-0.0543212891
-0.00256347656
-0.00512695312
-0.0241088867
0.064163208
-0.0250701904
0.00543212891
0.020324707
-0.0136566162
-0.00680541992
0.0343170166
-0.0333404541
0.0240325928
0.0345306396
-0.0303955078
-0.0132293701
-0.00253295898
-0.0186309814
-0.0186462402
0.0114440918
-0.00752258301
-0.0131225586
0.0803222656
-0.0362854004
-0.0416870117
0.00456237793
0.088973999
0.0083770752
0.00080871582
-0.108154297
0.113433838
0.00894165039
0.00694274902
-0.120651245
-0.00715637207
0.117141724
-0.0628509521
-0.090927124
0.0283966064
0.0468292236
-0.0646972656
0.0569152832
-0.0344085693
-0.0580291748
-0.045715332
-0.0650482178
-0.0601959229
0.0659637451
-0.0131378174
0.0707244873
0.0582122803
-0.0567779541
-0.0135498047
-0.0684509277
