-24575.7246
8192.3877
8191.61816
16384.4004
-16384.1309
16383.9463
19114.7969
16384.1367
27306.0176
16384.252
-8192.46387
24575.9062
16384.2891
-16383.9502
16383.707
6553.17627
0.0626373291
-0.0642242432
-0.0566558838
0.0920410156
-0.136047363
-16384.0703
-0.144042969
-0.080947876
32767.8984
-0.00723266602
0.173370361
0.141021729
0.0107879639
0.103179932
0.0235900879
-0.22277832
-8191.47998
8191.77148
16384.498
6553.13623
32767.6309
0.549301147
16383.5703
24576.7402
10922.9121
-8191.20459
-0.69468689
16384.5332
32768
32767.8203
32768
32768
0
0
0
0
0
0
0
0
0
0
0
0
0
0
0
0
0
0
0
0
0
0
0
0
0
0
0
0
0
0
0
0
32768
0.140945435
0.0501403809
32767.6758
-0.00971984863
0.0569915771
-0.170455933
32768
-32768
0.104095459
-0.234924316
22937.5195
-0.212646484
-32767.8809
-0.151382446
-0.0868377686
0
0
0
0
0
0
0
0
0
0
0
0
0
0
0
0
0
0
0
0
0
0
0
0
0
0
0
0
0
0
0
0
0
0
0
0
0
0
0
0
0
0
0
0
0
0
0
0
-0.416534424
0.0923461914
0.152053833
-0.176193237
0.0935974121
-0.0145568848
0.259399414
0.0819854736
0.0800323486
-0.177719116
0.0775604248
0.00390625
-0.110214233
0.0814361572
-0.119812012
-0.0573577881
