0.124298096
0.10975647
-0.0996246338
0.157592773
-0.133239746
-0.0293884277
0.179824829
0.0177459717
-0.0914001465
0.116760254
-0.120513916
0.0720672607
0.12562561
0.0947113037
-0.0489654541
-0.0937347412
0.0236816406
0.0138397217
-0.0431976318
0.0591430664
-0.0366210938
-0.0128326416
-0.0309295654
-0.0595855713
-0.0485076904
-0.0284729004
0.0377197266
-0.0147094727
0.0361022949
0.05519104
-0.0482940674
-0.051940918
0.0238037109
0.0254821777
0.026550293
-0.0148620605
-0.0777435303
0.0380249023
-0.0374755859
0.0801696777
-0.021270752
0.0437774658
-0.0256347656
0.0414428711
-0.0187683105
-0.0657043457
-0.0452270508
-0.0459594727
-0.0637512207
0.0956268311
0.212585449
-0.136123657
-0.0332183838
-0.181762695
-0.106414795
0.0496368408
-0.0463562012
-0.12689209
-0.202270508
-0.170959473
0.109954834
0.0410308838
-0.146408081
0.1043396
-0.0243988037
-0.0186767578
-0.0196533203
-0.0969238281
0.0750579834
-0.0511627197
0.00314331055
-0.00550842285
0.045715332
-0.0539093018
0.0291748047
-0.0120697021
0.0170440674
0.0247955322
-0.0368652344
-0.102996826
-0.00849914551
-0.00344848633
-0.11151123
0.0528717041
0.0398406982
-0.0192260742
0.0155334473
0.0669403076
-0.0659332275
-0.0180206299
-0.0213623047
0.124160767
0.0449829102
-0.0686950684
-0.0243835449
0.00186157227
-0.0819091797
0.127487183
0.0406036377
0.122207642
-0.135559082
-0.118667603
0.185317993
0.174468994
0.0434417725
0.0544891357
-0.200576782
0.0558776855
0.0922393799
-0.19418335
0.00950622559
-0.142669678
-0.0182189941
0.00733947754
-0.051940918
-0.0301513672
0.0626525879
-0.0555267334
0.0405731201
0.0713195801
-0.0134429932
-0.016784668
0.0164337158
-0.0210876465
-0.0531768799
0.0275878906
0.0115661621
-0.0206756592
0.136474609
-0.0065612793
-0.00813293457
0.109054565
0.0714416504
0.00164794922
-0.0651855469
-0.11756897
0.154449463
0.122131348
0.105407715
-0.146133423
0.105987549
0.166305542
-0.091217041
-0.0645751953
0.136474609
0.106460571
-0.241378784
0.244125366
-0.0508728027
-0.276168823
-0.230545044
-0.250137329
-0.259277344
0.264709473
-0.0121307373
0.281600952
0.254470825
-0.0110626221
-0.049621582
-0.272186279
