0
0
0
0
0
0
0
0
0
0
0
0
0
0
0
0
0.0793762207
-10922.3896
-0.566162109
-32767.7344
6553.5791
10922.3232
-0.0603027344
6553.31836
14199.2637
-3276.56177
-6554.2832
-32767.9258
10923.1104
16384.3164
-6552.88428
19113.3457
-32766.5938
10923.04
-6552.76611
8191.83008
-0.122070312
24577.0684
2729.34009
8192.66309
-16383.0098
8193.57129
32768
-7644.26953
-10922.623
-0.420196533
16382.7676
32768
0
0
0
0
0
0
0
0
0
0
0
0
0
0
0
0
32768
-0.574813843
-0.0398101807
-16383.6123
-16384.2461
0.163574219
-0.0855712891
-5461.03174
-0.00679016113
-32768
5461.14795
3276.99976
32768
8191.88867
16383.624
32768
-0.127731323
0.0673980713
0.194839478
8191.92432
-0.106384277
0.244766235
-0.300354004
3277.01489
0.189468384
0.0848236084
-0.0241088867
-0.0928344727
32768
0.146408081
0.316390991
0.336959839
32768
32768
30583.3555
32768
32768
0.142837524
0.151062012
8192.16016
32767.9707
10922.3984
14198.6133
-16384.0059
-0.13659668
-0.482757568
32768
-0.195281982
0
0
0
0
0
0
0
0
0
0
0
0
0
0
0
0
0
0
0
0
0
0
0
0
0
0
0
0
0
0
0
0
0.316253662
-10922.5967
8191.69678
0.466674805
32767.9922
3276.71021
-0.423721313
16383.6924
-0.262023926
0.407653809
-0.228744507
0.264205933
0.388153076
19114.1094
-5461.32324
6553.27637
