-0.0028228760
-0.0011138916
-0.0058746338
-0.0068969727
0.0054473877
-0.0011901855
-0.0061187744
-0.0081787109
-0.0058746338
-0.0094909668
0.0037384033
0.0065307617
0.0037841797
-0.0020446777
0.0037078857
-0.0019226074
0.0008697510
-0.0016937256
-0.0000915527
0.0012969971
0.0016174316
-0.0005035400
0.0003204346
-0.0003662109
0.0000915527
0.0043029785
0.0020599365
-0.0010528564
0.0018463135
0.0009307861
0.0002288818
-0.0006713867
-0.0076293945
-0.0012054443
-0.0025482178
-0.0028533936
0.0082244873
-0.0045166016
0.0089263916
0.0059204102
0.0037384033
0.0021972656
-0.0078277588
0.0020141602
0.0005798340
-0.0135650635
-0.0036315918
0.0027465820
0.0115814209
-0.0113677979
-0.0059661865
-0.0057525635
0.0035552979
-0.0017852783
0.0121765137
0.0089111328
-0.0043945312
-0.0065460205
-0.0131988525
0.0043945312
0.0001068115
0.0049591064
0.0076904297
0.0082855225
0.0009002686
0.0008544922
0.0020446777
0.0003814697
-0.0016479492
0.0004425049
-0.0003967285
0.0027465820
0.0036163330
0.0003356934
-0.0059204102
0.0027313232
0.0009460449
0.0015106201
-0.0011138916
0.0016937256
-0.0000762939
0.0068511963
-0.0056457520
0.0042266846
0.0093994141
0.0015716553
0.0094146729
-0.0056610107
0.0037536621
-0.0044860840
-0.0014953613
0.0001525879
0.0066680908
-0.0016632080
0.0063018799
-0.0008697510
-0.0007934570
0.0028076172
-0.0010986328
0.0010833740
0.0030822754
-0.0041198730
-0.0059814453
-0.0018615723
0.0039520264
0.0082092285
0.0047760010
0.0072021484
-0.0018157959
0.0032043457
0.0046691895
0.0082702637
-0.0039825439
0.0121917725
-0.0160827637
-0.0133209229
0.0128326416
-0.0076904297
0.0184020996
-0.0049591064
0.0033416748
-0.0032196045
0.0067443848
0.0053710938
0.0075531006
0.0088806152
0.0117950439
0.0133209229
0.0037689209
-0.0018157959
-0.0026702881
-0.0067291260
0.0030975342
-0.0002441406
0.0022583008
-0.0051422119
0.0060577393
0.0036773682
0.0005950928
-0.0053558350
0.0035095215
0.0050201416
0.0000305176
-0.0041503906
0.2049865723
-0.0255737305
-0.2583312988
0.3118743896
-0.0389251709
-0.2866973877
-0.2974548340
-0.2348785400
-0.2535095215
0.2955932617
-0.1479034424
0.2967529297
0.3161315918
0.0047149658
0.0276794434
-0.3178253174
