0.0027313232
-0.0006103516
-0.0062255859
0.0042266846
0.0041656494
0.0031738281
0.0047302246
0.0059204102
-0.0067596436
0.0201416016
-0.0071868896
-0.0060272217
0.0103149414
0.0048370361
-0.0076904297
0.0029754639
-0.0023803711
0.0048065186
-0.0007324219
-0.0002441406
0.0001678467
0.0007171631
0.0043029785
0.0006866455
0.0021972656
0.0061340332
0.0014953613
0.0004272461
0.0146026611
-0.0013885498
-0.0040588379
-0.0136718750
0.0255889893
0.0109405518
0.0351715088
0.0128173828
-0.0023345947
0.0216522217
-0.0188140869
-0.0037536621
0.0102844238
0.0114593506
0.0090179443
-0.0153808594
-0.0025634766
0.0117034912
-0.0127868652
-0.0214996338
-0.0104675293
0.0055999756
0.0028839111
-0.0092315674
-0.0150909424
0.0171813965
0.0061187744
-0.0073547363
0.0014801025
-0.0064697266
-0.0003356934
0.0129852295
0.0058898926
0.0040893555
0.0061340332
-0.0046234131
-0.0092163086
0.0007476807
-0.0127258301
0.0005340576
0.0021057129
-0.0072326660
0.0068969727
0.0146942139
0.0137634277
-0.0138702393
0.0027008057
-0.0015716553
-0.0135040283
0.0023956299
-0.0096740723
0.0056152344
0.0059051514
-0.0106811523
-0.0108947754
0.0115661621
0.0004577637
0.0012512207
0.0066528320
0.0171356201
0.0002746582
-0.0065917969
0.0125274658
-0.0036315918
-0.0080566406
0.0064392090
0.0130615234
0.0096435547
0.1221313477
0.3227996826
0.1961059570
0.2021179199
-0.2795562744
-0.2024841309
0.2922363281
0.2793731689
0.0534973145
0.1228485107
-0.2124938965
-0.0464477539
0.2744750977
-0.3395996094
-0.2446441650
-0.3451995850
0.0059204102
0.0162200928
-0.0183105469
0.0326690674
0.0238647461
0.0111083984
0.0251922607
0.0055084229
0.0283355713
-0.0169219971
-0.0127410889
-0.0102386475
-0.0330810547
0.0134277344
0.0189819336
-0.0004272461
0.0002441406
-0.0005493164
0.0002136230
-0.0023040771
0.0018005371
0.0088958740
-0.0101318359
0.0010070801
0.0016174316
-0.0006408691
0.0093536377
-0.0001373291
0.0072631836
-0.0023193359
0.0043182373
0.0023956299
-0.0112915039
-0.0003662109
0.0051879883
0.0017852783
-0.0009918213
-0.0045928955
-0.0046844482
0.0032958984
-0.0045318604
0.0068054199
-0.0006866455
0.0025939941
0.0065765381
0.0028228760
0.0037536621
-0.0019836426
