0.0029602051
0.0036163330
-0.0030212402
0.0010375977
-0.0103149414
0.0104980469
0.0055389404
0.0045471191
-0.0076293945
0.0134277344
-0.0105895996
0.0007629395
-0.0061950684
0.0048980713
-0.0014190674
0.0081787109
-0.0099487305
0.0186920166
-0.0120391846
-0.0100555420
-0.0027160645
0.0057830811
-0.0063323975
0.0101928711
0.0122070312
-0.0009307861
0.0003204346
-0.0149688721
0.0190582275
-0.0112762451
-0.0176391602
0.0017089844
-0.0007019043
-0.0012054443
-0.0045318604
0.0113983154
0.0022277832
-0.0047607422
0.0062866211
0.0059051514
-0.0162353516
0.0033416748
-0.0015106201
0.0006256104
-0.0036010742
-0.0026397705
0.0023193359
-0.0030212402
-0.0065307617
0.0037384033
0.0032196045
0.0015563965
-0.0041198730
-0.0016479492
0.0072937012
0.0065307617
-0.0029144287
-0.0108337402
-0.0067138672
-0.0050506592
-0.0029449463
0.0059509277
0.0116119385
-0.0071563721
0.0056457520
0.0171813965
0.0007934570
-0.0176544189
0.0004577637
0.0014190674
-0.0100555420
0.0022125244
0.0013427734
-0.0028228760
0.0066375732
0.0214996338
-0.0083770752
-0.0190124512
-0.0051116943
-0.0060882568
-0.0100250244
-0.0057220459
0.0086059570
0.0086364746
-0.0039367676
0.0037231445
-0.0034484863
0.0166320801
0.0130767822
-0.0001678467
0.0087890625
-0.0285797119
0.0037994385
0.0139007568
0.0065612793
-0.0050354004
-0.0552520752
0.2652282715
0.0337524414
0.2509613037
-0.3045043945
-0.0932769775
0.3069763184
0.3360443115
-0.0585632324
0.1651611328
-0.3673400879
0.1156158447
0.1868286133
-0.3481750488
-0.1021423340
-0.2941436768
-0.0058288574
-0.0009155273
-0.0101928711
0.0151977539
-0.0021209717
0.0175018311
0.0032348633
-0.0010375977
0.0127868652
-0.0046691895
-0.0024261475
-0.0039367676
-0.0124511719
-0.0002288818
0.0064392090
-0.0047607422
0.0082244873
-0.0078277588
0.0003051758
-0.0024871826
0.0100402832
-0.0005187988
-0.0037384033
-0.0081634521
0.0030822754
-0.0070953369
0.0026855469
-0.0010528564
0.0025634766
-0.0013122559
-0.0083618164
-0.0024108887
0.0043487549
-0.0103454590
-0.0119323730
-0.0043334961
0.0090179443
-0.0120544434
0.0005035400
-0.0108947754
-0.0060119629
-0.0000762939
0.0059814453
0.0130920410
-0.0046234131
0.0013732910
0.0019836426
-0.0084228516
