-0.0155487061
-0.0224304199
0.0171356201
-0.0046844482
-0.0075531006
0.0180969238
-0.0079040527
-0.0140533447
0.0079650879
-0.0019378662
0.0053253174
0.0001373291
-0.0005035400
0.0132293701
0.0069274902
0.0169677734
-0.0008697510
-0.0011596680
0.0019683838
-0.0039672852
-0.0144500732
0.0006103516
-0.0022735596
0.0029144287
0.0030975342
-0.0006561279
0.0062561035
0.0021667480
-0.0008850098
-0.0039367676
-0.0012817383
-0.0023651123
-0.0107116699
0.0023040771
-0.0354156494
-0.0150299072
-0.0020141602
-0.0162048340
0.0150604248
0.0079345703
0.0128479004
0.0004882812
-0.0019073486
0.0047912598
-0.0103912354
-0.0257568359
0.0045623779
0.0210571289
-0.0087585449
-0.0087585449
-0.0015563965
0.0287170410
-0.0020446777
0.0091705322
0.0088500977
0.0054473877
0.0124206543
0.0177001953
-0.0066375732
0.0076293945
0.0190277100
-0.0210113525
0.0044097900
0.0026702881
0.0015258789
-0.0160980225
-0.0038909912
0.0063781738
-0.0022735596
-0.0011901855
-0.0106048584
-0.0034942627
-0.0032348633
-0.0067596436
-0.0089569092
0.0045928955
-0.0017700195
-0.0077056885
-0.0041198730
-0.0066070557
0.0131225586
-0.0041351318
0.0113830566
-0.0087890625
-0.0092010498
-0.0033569336
-0.0063018799
-0.0217132568
0.0062103271
0.0074157715
0.0039215088
-0.0075073242
0.0075378418
0.0033874512
-0.0145263672
0.0032501221
0.0157165527
0.0059814453
0.0060119629
0.0072631836
0.0019683838
-0.0037689209
-0.0110321045
-0.0086975098
0.0222015381
-0.0044250488
0.0106048584
0.0201263428
-0.0013732910
0.0094909668
0.0036621094
0.0020599365
-0.0008392334
-0.0056610107
0.0038299561
-0.0084533691
-0.0046081543
0.0051574707
-0.0050201416
0.0033264160
-0.0070343018
0.0013732910
-0.0007934570
-0.0090332031
0.0007476807
0.0043945312
-0.0030975342
0.0038604736
-0.2658843994
0.1997680664
0.0834197998
0.1258239746
-0.2108764648
0.0841674805
-0.2487945557
0.3184814453
-0.2885589600
0.3343353271
0.2418975830
0.3181915283
0.1617126465
-0.2440795898
0.2193756104
0.2652282715
-0.0323944092
0.0024719238
0.0196075439
-0.0434265137
0.0138244629
0.0219879150
0.0264739990
0.0545043945
0.0435485840
-0.0416717529
0.0279388428
-0.0336303711
-0.0498504639
-0.0014801025
-0.0177154541
0.0344848633
