-0.0061187744
-0.0007019043
-0.0027465820
-0.0114288330
0.0087738037
-0.0077972412
-0.0108032227
0.0044097900
-0.0090332031
-0.0113983154
-0.0030975342
0.0065917969
-0.0060272217
-0.0056762695
0.0092926025
0.0051727295
-0.0026702881
0.0023956299
0.0010986328
-0.0041351318
0.0048828125
0.0022735596
-0.0007629395
0.0048675537
0.0050506592
0.0008850098
-0.0008697510
-0.0032501221
0.0029296875
-0.0052490234
-0.0022277832
0.0009002686
-0.0079193115
-0.0030212402
0.0032348633
0.0053100586
0.0055999756
-0.0025939941
0.0039367676
0.0016326904
-0.0013427734
-0.0010070801
-0.0009918213
0.0052795410
0.0049591064
-0.0078125000
0.0024719238
0.0026245117
0.0032501221
-0.0061492920
-0.0050811768
0.0055847168
0.0101318359
-0.0056304932
0.0059356689
0.0058288574
-0.0071716309
-0.0017547607
-0.0043945312
0.0000152588
-0.0020599365
0.0014648438
0.0016784668
0.0012969971
0.0040435791
0.0093841553
-0.0043334961
-0.0048522949
0.0072174072
0.0009613037
0.0035095215
0.0055694580
0.0115814209
-0.0016937256
0.0031738281
0.0072937012
-0.0037536621
-0.0103149414
0.0106048584
-0.0012817383
-0.0021667480
-0.0007934570
0.0016326904
0.0012359619
0.0149383545
0.0011138916
-0.0008087158
-0.0076446533
0.0055694580
0.0106048584
-0.0001525879
-0.0039215088
0.0035400391
0.0051422119
-0.0004730225
0.0015106201
0.0023956299
0.0077362061
-0.0075988770
0.0021514893
-0.0026855469
-0.0052185059
-0.0031280518
0.0048828125
0.0045623779
0.0238189697
-0.0001678467
0.0091247559
-0.0019683838
0.0046844482
0.0025634766
0.0035552979
0.0067901611
0.0117797852
-0.0023803711
-0.0011444092
0.0134277344
-0.0054626465
0.0142822266
-0.0050354004
0.0007476807
-0.0003509521
0.0112457275
-0.0031890869
0.0010833740
0.0122528076
0.0053405762
0.0034332275
0.0081634521
-0.0054168701
0.0021972656
-0.0123291016
0.0060577393
0.0050506592
-0.0098114014
-0.0077362061
0.0033721924
-0.0052032471
-0.0048217773
-0.0073242188
0.0065460205
-0.0071411133
-0.0096588135
-0.0056152344
0.2077178955
-0.0298156738
-0.2456359863
0.2968444824
-0.0110168457
-0.2869415283
-0.2696228027
-0.2626037598
-0.2611999512
0.2896270752
-0.1587524414
0.3041229248
0.3059692383
0.0818328857
0.0333099365
-0.3181457520
