-0.0009918213
0.0065155029
-0.0236206055
-0.0056915283
-0.0171508789
-0.0200195312
0.0073699951
-0.0012054443
-0.0203857422
0.0019989014
-0.0144500732
0.0163574219
-0.0005645752
-0.0246276855
0.0114746094
0.0081634521
-0.2908477783
0.3257751465
0.1344451904
-0.3380889893
-0.0029296875
0.2636260986
-0.1221313477
0.3276672363
0.3524932861
0.0846405029
-0.0616912842
0.1519012451
0.2482299805
-0.3571472168
-0.0348205566
0.0444793701
0.0138854980
-0.0008544922
0.0347900391
0.0116577148
0.0312652588
0.0212554932
-0.0257110596
0.0202178955
0.0075073242
0.0243682861
0.0010528564
0.0239410400
-0.0031890869
-0.0284881592
-0.0022277832
-0.0327301025
-0.0077819824
0.0016021729
-0.0082550049
-0.0025482178
-0.0002899170
-0.0020904541
0.0053558350
0.0094757080
-0.0081176758
-0.0001983643
0.0038452148
-0.0067291260
-0.0061187744
0.0043640137
-0.0009918213
-0.0106201172
-0.0041503906
0.0038146973
-0.0008392334
-0.0090637207
-0.0060424805
-0.0013732910
0.0112304688
0.0003204346
-0.0001678467
0.0052795410
-0.0032196045
-0.0144805908
0.0085144043
0.0104370117
0.0180053711
0.0016784668
-0.0057373047
0.0016021729
0.0050201416
0.0037536621
0.0117950439
-0.0044860840
0.0102386475
0.0075531006
0.0082244873
0.0068664551
-0.0074462891
-0.0055389404
-0.0009002686
0.0166625977
-0.0043029785
-0.0185699463
0.0064239502
-0.0016937256
0.0056457520
-0.0020294189
-0.0053558350
0.0070648193
0.0033569336
0.0041351318
-0.0023956299
-0.0064392090
0.0075378418
0.0025024414
-0.0026092529
0.0019683838
-0.0106811523
-0.0022583008
0.0006866455
0.0057983398
0.0075988770
-0.0070495605
0.0071411133
-0.0015106201
0.0039825439
0.0070190430
-0.0132751465
-0.0052490234
-0.0025787354
-0.0072021484
0.0045471191
0.0048065186
0.0007171631
-0.0034790039
0.0306243896
-0.0124816895
0.0278625488
0.0320739746
0.0413208008
0.0549316406
-0.0471343994
-0.0486907959
0.0626525879
0.0191650391
0.0461883545
-0.0514831543
0.0032348633
0.0318756104
0.0110321045
-0.0341339111
0.0059356689
-0.0013732910
-0.0001373291
0.0026702881
0.0020904541
0.0060577393
0.0021667480
-0.0007019043
0.0072021484
-0.0057983398
-0.0010070801
-0.0019989014
-0.0024871826
0.0008392334
0.0030059814
-0.0009155273
