-0.0078277588
-0.0065460205
0.0144348145
-0.0142974854
-0.0001525879
-0.0126800537
-0.0164642334
-0.0009307861
0.0060577393
-0.0317230225
0.0046844482
-0.0071716309
-0.0146026611
-0.0128936768
0.0046081543
0.0010070801
0.0068359375
-0.0088043213
0.0022125244
0.0085449219
-0.0014648438
-0.0056610107
0.0074920654
-0.0087432861
-0.0078582764
0.0087432861
-0.0010070801
0.0006103516
0.0010528564
0.0088653564
0.0038757324
-0.0008544922
0.0046539307
0.0148773193
0.0234985352
0.0055236816
0.0000305176
0.0126190186
-0.0119934082
-0.0088195801
0.0057220459
0.0041503906
0.0081481934
0.0075988770
0.0031127930
0.0102233887
-0.0102386475
-0.0125122070
0.0427093506
0.0034332275
-0.0264587402
-0.0016784668
-0.0190277100
0.0018310547
0.0321197510
-0.0002136230
0.0035705566
0.0114135742
0.0121917725
-0.0126037598
-0.0349884033
0.0076141357
-0.0134887695
0.0323486328
-0.2946472168
-0.0199279785
-0.3030395508
-0.0413818359
0.1542510986
-0.2938995361
0.3523864746
0.3414154053
0.2968902588
-0.2594146729
0.0297088623
-0.2304229736
-0.0967102051
0.2769622803
0.0042572021
-0.1575469971
0.0037384033
0.0053710938
-0.0085906982
-0.0086975098
-0.0332183838
-0.0079345703
-0.0064086914
0.0090332031
-0.0072021484
-0.0024414062
-0.0260314941
-0.0153961182
-0.0276641846
0.0350189209
-0.0116271973
-0.0198211670
-0.0117187500
0.0064849854
-0.0101776123
0.0227661133
0.0043487549
-0.0081787109
-0.0025939941
-0.0042572021
-0.0200347900
-0.0009002686
-0.0258483887
0.0260314941
-0.0059051514
-0.0145111084
0.0358428955
-0.0010681152
0.0099945068
0.0088195801
-0.0155487061
0.0030059814
0.0052795410
-0.0213623047
0.0077514648
0.0245513916
0.0074157715
-0.0142364502
-0.0071411133
-0.0100402832
-0.0096130371
0.0027160645
0.0158538818
-0.0037994385
0.0027313232
0.0010528564
0.0115051270
0.0121459961
-0.0030975342
0.0192260742
-0.0210113525
0.0006103516
-0.0097808838
0.0174255371
-0.0057830811
0.0009002686
0.0197448730
-0.0095977783
0.0006866455
0.0066680908
-0.0118865967
-0.0030517578
0.0018768311
-0.0078582764
0.0002593994
-0.0008239746
0.0128631592
-0.0083160400
-0.0033874512
-0.0078735352
0.0257568359
0.0014038086
-0.0048065186
0.0114593506
-0.0048065186
-0.0037689209
