-0.0048522949
0.0106506348
-0.0117950439
-0.0022125244
0.0071411133
-0.0066070557
0.0044403076
-0.0039062500
0.0041198730
0.0056304932
-0.0167541504
-0.0098266602
0.0018005371
-0.0072631836
0.0114746094
-0.0071868896
0.0055999756
-0.0101318359
-0.0104522705
0.0149688721
0.0107421875
-0.0083465576
-0.0115661621
-0.0136260986
-0.0157165527
-0.0095672607
-0.0012359619
-0.0141601562
-0.0202026367
0.0172271729
0.0156860352
0.0104370117
-0.0118865967
0.0042724609
-0.0054473877
0.0075378418
0.0275421143
-0.0068969727
0.0000610352
-0.0167083740
0.0017089844
-0.0227966309
0.0133819580
-0.0251159668
0.0211639404
-0.0094757080
0.0407714844
0.0244140625
-0.0099792480
-0.0067291260
0.0073394775
0.0096130371
-0.0016937256
-0.0045471191
0.0019836426
0.0265655518
-0.0107727051
0.0039215088
-0.0034332275
0.0024108887
-0.0005798340
0.0007019043
0.0084991455
-0.0053863525
-0.2922058105
0.0064086914
-0.2524871826
-0.0237579346
-0.1259613037
-0.2938537598
0.3192138672
0.2752380371
0.3015594482
-0.2641601562
-0.0962371826
-0.3018951416
0.1272583008
0.2697906494
0.0720977783
-0.0629577637
0.0017547607
-0.0085754395
-0.0151519775
0.0088348389
0.0101623535
-0.0068054199
0.0114135742
0.0060729980
0.0024261475
-0.0024414062
-0.0061645508
-0.0003204346
-0.0097808838
0.0031280518
-0.0013885498
-0.0131225586
0.0023040771
-0.0016326904
0.0111846924
0.0043945312
-0.0049896240
0.0122680664
0.0035705566
0.0035858154
0.0001678467
-0.0059509277
-0.0102691650
0.0108489990
-0.0099945068
-0.0013580322
0.0033721924
0.0018615723
-0.0108337402
0.0099182129
-0.0138854980
-0.0018005371
0.0083618164
0.0111694336
0.0021820068
-0.0009765625
-0.0098724365
-0.0065307617
-0.0109100342
0.0129547119
-0.0062866211
-0.0095062256
0.0092163086
0.0015411377
-0.0472106934
0.0472259521
0.0239105225
0.0083923340
-0.0352630615
0.0416870117
-0.0452728271
0.0325469971
-0.0228729248
-0.0006713867
0.0349426270
0.0137939453
-0.0024108887
-0.0174713135
-0.0079040527
0.0338134766
-0.0096893311
0.0034942627
0.0114898682
-0.0012207031
-0.0035858154
0.0167541504
0.0155944824
0.0030975342
0.0242462158
-0.0230712891
-0.0272521973
-0.0096435547
-0.0086669922
0.0163879395
-0.0095214844
-0.0087890625
