0.0182189941
0.0215759277
-0.0090332031
-0.0033416748
0.0471038818
0.0025634766
-0.0080108643
0.0021057129
-0.0167388916
-0.0151519775
0.0108337402
-0.0066986084
-0.0019989014
-0.0140075684
0.0177307129
-0.0231781006
0.0021209717
-0.0050048828
0.0123596191
-0.0037841797
0.0236053467
0.0029144287
-0.0142059326
0.0048522949
0.0052032471
-0.0053863525
0.0037384033
0.0106201172
-0.0119934082
-0.0050048828
0.0118103027
0.0034790039
0.0175323486
0.0187835693
0.0125274658
-0.0036010742
0.0243682861
0.0022277832
-0.0179748535
-0.0152740479
0.0102844238
0.0049743652
0.0104217529
0.0041656494
0.0067291260
-0.0022277832
0.0083923340
-0.0058288574
0.0256805420
-0.0341186523
-0.0414123535
0.0247192383
0.0185852051
0.0244445801
-0.0018157959
-0.0135955811
0.0545196533
0.0254516602
0.0261840820
0.0129394531
-0.0298461914
-0.0203094482
0.0084228516
-0.0177764893
0.0119781494
0.0216217041
0.0247802734
-0.0106811523
-0.0485534668
0.0205688477
0.0072631836
-0.0131072998
-0.0051574707
0.0348205566
-0.0169525146
-0.0144042969
0.0227813721
0.0211791992
-0.0183715820
0.0157928467
-0.1830139160
-0.2000885010
0.1676025391
0.1507415771
-0.1730194092
0.2965850830
-0.2053070068
0.1806030273
0.3527832031
-0.2162017822
0.2305297852
-0.1598052979
0.2341918945
0.2390899658
0.2781982422
0.3847808838
-0.0072937012
-0.0254211426
0.0221862793
-0.0244445801
0.0260620117
-0.0043487549
-0.0237274170
-0.0293884277
-0.0013885498
0.0038146973
0.0211181641
-0.0023956299
-0.0069122314
0.0175476074
-0.0042114258
0.0256195068
-0.0037994385
-0.0000152588
-0.0006713867
0.0143585205
0.0111083984
0.0017852783
0.0016784668
0.0054321289
-0.0039825439
-0.0034637451
-0.0112915039
-0.0023193359
-0.0174407959
0.0016326904
-0.0068054199
-0.0035247803
-0.0183868408
0.0128326416
-0.0053710938
0.0079956055
-0.0139160156
0.0151672363
-0.0258331299
0.0190124512
-0.0190887451
0.0046386719
0.0152893066
0.0093994141
0.0079498291
-0.0304412842
0.0027313232
0.0123138428
-0.0104370117
0.0014038086
0.0159454346
-0.0316314697
0.0081329346
0.0232391357
0.0366058350
0.0148773193
0.0178833008
-0.0321350098
0.0084838867
-0.0243835449
-0.0362243652
-0.0066680908
-0.0174560547
0.0256347656
