0.0035095215
0.0009155273
0.0025939941
-0.0007171631
0.0021362305
0.0111083984
-0.0088653564
-0.0039520264
-0.0024261475
0.0019073486
0.0023651123
0.0032501221
-0.0007629395
0.0030364990
-0.0108795166
-0.0022430420
0.0006408691
0.0009765625
-0.0010986328
0.0018615723
0.0001373291
-0.0000915527
0.0018463135
-0.0019836426
-0.0016784668
-0.0000762939
-0.0014953613
0.0031585693
0.0025329590
0.0015563965
-0.0009460449
-0.0018157959
-0.3261718750
-0.0717773438
-0.3149261475
-0.1280670166
-0.0251312256
-0.2818298340
0.3589324951
-0.0179901123
-0.3920745850
-0.2661895752
-0.1715545654
-0.1958160400
-0.0573883057
-0.0830841064
0.2747802734
0.3013305664
-0.0033569336
-0.0061950684
-0.0071258545
0.0159454346
-0.0199127197
0.0015869141
0.0074157715
0.0034332275
0.0055694580
0.0109100342
-0.0037231445
0.0066070557
0.0002288818
0.0010833740
0.0129394531
-0.0077056885
0.0009765625
0.0012664795
-0.0018615723
0.0072631836
0.0031433105
0.0016021729
0.0002441406
0.0077362061
0.0004272461
-0.0004577637
0.0102386475
0.0083923340
-0.0098571777
-0.0044097900
0.0097961426
-0.0006256104
0.0015563965
-0.0068969727
0.0034332275
0.0072937012
-0.0088653564
-0.0037994385
0.0051574707
0.0053405762
0.0013580322
0.0006256104
0.0015563965
-0.0015716553
-0.0082702637
0.0051116943
0.0022277832
-0.0049743652
-0.0180053711
-0.0038604736
-0.0119018555
-0.0000305176
-0.0037689209
0.0046081543
0.0093383789
0.0172271729
-0.0151367188
0.0135803223
-0.0140686035
0.0255889893
-0.0023040771
-0.0022888184
0.0214996338
-0.0030364990
0.0004730225
0.0092010498
-0.0038146973
0.0015716553
0.0022277832
0.0046844482
0.0049285889
0.0026245117
-0.0026245117
-0.0080261230
-0.0042724609
-0.0109405518
-0.0036315918
0.0066986084
-0.0024719238
0.0075225830
0.0150756836
-0.0088195801
-0.0027770996
-0.0273132324
-0.0000152588
-0.0056304932
0.0272521973
-0.0114898682
0.0021972656
-0.0123748779
-0.0203094482
-0.0043640137
-0.0127716064
0.0177612305
-0.0202636719
0.0003967285
-0.0002441406
0.0101165771
0.0101165771
-0.0015716553
-0.0011291504
0.0140838623
-0.0030364990
0.0190887451
0.0143280029
-0.0052642822
-0.0176086426
-0.0107574463
-0.0021209717
-0.0095214844
-0.0016784668
0.0071716309
