0.0012817383
-0.0016326904
0.0049285889
-0.0082855225
0.0154876709
-0.0109252930
-0.0044708252
-0.0025024414
0.0025939941
-0.0014801025
-0.0008392334
-0.0077819824
-0.0038604736
-0.0041198730
0.0105133057
0.0002746582
0.0103607178
-0.0127410889
0.0001068115
0.0092163086
0.0136108398
-0.0063781738
-0.0067291260
-0.0056457520
-0.0091400146
-0.0044555664
-0.0018615723
-0.0015869141
-0.0164642334
0.0097351074
0.0108032227
0.0102844238
0.0030212402
-0.0089111328
0.0027770996
0.0042419434
0.0136413574
0.0072174072
-0.0001068115
-0.0315399170
0.0136413574
-0.0091247559
-0.0064239502
-0.0269927979
0.0287780762
-0.0007476807
0.0232543945
0.0068969727
-0.0198974609
-0.0091705322
0.0202789307
-0.0101776123
0.0234069824
-0.0243530273
-0.0241546631
0.0068511963
-0.0298767090
-0.0176849365
-0.0149841309
-0.0124206543
0.0114440918
-0.0007781982
-0.0080261230
0.0055847168
-0.2923736572
-0.0659484863
-0.2766723633
-0.0635223389
-0.0892791748
-0.3010711670
0.3313903809
0.3045043945
0.3413543701
-0.2790832520
-0.0857238770
-0.2882232666
0.1019897461
0.2870178223
-0.0122833252
-0.1749114990
0.0015869141
-0.0164337158
-0.0149993896
0.0158996582
0.0031433105
0.0105438232
-0.0078887939
0.0140380859
0.0160522461
-0.0331573486
0.0158233643
0.0063781738
0.0099029541
0.0069732666
0.0174865723
0.0200958252
0.0077362061
0.0018310547
-0.0058135986
0.0016479492
-0.0013732910
0.0054016113
-0.0034332275
-0.0007934570
-0.0067443848
0.0069732666
-0.0101013184
0.0036468506
0.0000610352
-0.0048370361
0.0010070801
0.0004119873
0.0050964355
0.0082702637
0.0011138916
-0.0060577393
0.0148925781
-0.0023651123
0.0026092529
0.0064544678
-0.0071716309
-0.0035247803
0.0018463135
0.0027770996
-0.0032958984
-0.0000152588
0.0020141602
0.0005340576
0.0006713867
-0.0010070801
-0.0112152100
-0.0019226074
0.0086975098
-0.0087432861
-0.0010986328
-0.0033264160
0.0081634521
-0.0140228271
0.0043029785
0.0000915527
0.0063323975
0.0042114258
0.0059509277
-0.0043487549
-0.0145263672
-0.0006866455
-0.0000762939
-0.0110931396
-0.0001220703
0.0049591064
0.0140228271
-0.0043334961
0.0121765137
-0.0165863037
-0.0146636963
0.0000305176
-0.0146179199
0.0055999756
-0.0056915283
-0.0074615479
