-0.0041503906
-0.0063476562
-0.0009613037
0.0020599365
0.0042572021
-0.0034179688
0.0013122559
0.0082244873
-0.0054626465
0.0033569336
0.0064086914
0.0037384033
0.0033874512
-0.0004272461
-0.0066986084
0.0051116943
0.0017547607
-0.0033721924
0.0019989014
-0.0009002686
0.0000457764
-0.0014190674
0.0017242432
0.0015258789
0.0005035400
-0.0011291504
-0.0000305176
0.0034790039
-0.0022430420
-0.0006713867
0.0005645752
-0.0016479492
0.0137329102
0.0081024170
-0.0097656250
-0.0147094727
-0.0074005127
0.0008697510
-0.0121917725
-0.0111541748
0.0192871094
-0.0064239502
-0.0016784668
-0.0084533691
-0.0182647705
0.0109405518
-0.0021362305
0.0083618164
0.0078735352
-0.0041198730
-0.0088348389
0.0066833496
-0.0018615723
0.0029296875
0.0056915283
-0.0042266846
0.0101013184
0.0087738037
0.0077362061
0.0120391846
0.0067596436
0.0028228760
0.0147552490
-0.0096893311
-0.0063934326
-0.0217285156
-0.0117645264
-0.0001525879
-0.0028991699
0.0013427734
0.0088500977
0.0236053467
-0.0024414062
0.0001068115
0.0005035400
-0.0011138916
-0.0197601318
0.0060119629
0.0097656250
0.0046081543
0.0097808838
0.0040740967
-0.0028991699
-0.0049591064
-0.0136413574
-0.0030059814
0.0128021240
-0.0016937256
-0.0011291504
0.0028686523
-0.0057373047
0.0184326172
-0.0017242432
-0.0014801025
-0.0004272461
-0.0043945312
-0.0009918213
-0.0028381348
-0.0007171631
-0.0005493164
0.0074005127
-0.0070800781
-0.0066986084
-0.0058593750
0.0006256104
0.0020141602
-0.0007171631
0.0057678223
0.0030822754
-0.0000610352
0.0072631836
0.0058441162
0.0064086914
0.0060272217
-0.0019226074
-0.0030059814
-0.0031890869
-0.0047302246
-0.0004425049
0.0038452148
-0.0115661621
-0.0025329590
0.0027770996
-0.0168304443
-0.0057067871
0.0105438232
0.0028533936
0.0003967285
-0.3312988281
0.3478240967
0.0113372803
0.0695495605
-0.3884582520
-0.0692443848
-0.0692901611
0.3293609619
-0.3163757324
0.1944122314
0.1719512939
0.2757415771
0.0733032227
-0.1854400635
0.0467376709
0.3532257080
-0.0087280273
0.0022735596
0.0028686523
-0.0131988525
0.0229644775
-0.0008087158
0.0081939697
0.0012207031
-0.0029449463
-0.0012512207
0.0202789307
-0.0001068115
-0.0050201416
0.0055847168
-0.0160980225
0.0022735596
