0.0131072998
0.0168914795
-0.0160980225
0.0039520264
-0.0279846191
0.0043334961
0.0050048828
0.0056762695
-0.0221862793
-0.0045776367
-0.0121307373
0.0159149170
0.0015258789
-0.0116577148
0.0068664551
-0.0091552734
-0.3001251221
0.3248901367
0.1259613037
-0.3378143311
-0.0225830078
0.2642211914
-0.0854187012
0.3306427002
0.3553009033
0.1241912842
-0.0424957275
0.1524658203
0.2656860352
-0.3562011719
-0.0152130127
-0.0016632080
0.0045471191
-0.0031433105
0.0148010254
0.0052185059
0.0065155029
0.0140686035
0.0002593994
-0.0015411377
0.0059204102
0.0132904053
0.0013427734
0.0016326904
0.0066833496
-0.0047760010
-0.0007934570
-0.0160217285
0.0008850098
-0.0116119385
-0.0131530762
0.0012969971
0.0003967285
0.0040740967
-0.0046691895
0.0047760010
-0.0117034912
0.0026702881
0.0068511963
0.0111846924
-0.0150756836
-0.0038909912
0.0003662109
-0.0171661377
-0.0043945312
0.0126190186
-0.0061187744
0.0039520264
-0.0001525879
-0.0032196045
0.0144500732
0.0009307861
0.0011901855
0.0028228760
0.0076904297
-0.0138244629
0.0132446289
0.0032501221
0.0063934326
-0.0020141602
-0.0021514893
-0.0013427734
0.0061187744
0.0028686523
0.0025482178
-0.0038299561
0.0088348389
0.0025329590
0.0061950684
0.0029144287
-0.0066833496
-0.0025939941
-0.0013732910
0.0061035156
-0.0010833740
-0.0179443359
0.0039215088
-0.0047302246
0.0000305176
-0.0033111572
-0.0015869141
0.0056152344
-0.0027160645
-0.0005187988
0.0021514893
-0.0059967041
0.0088806152
-0.0000152588
0.0124511719
0.0030517578
-0.0063934326
0.0000762939
0.0062561035
0.0016174316
0.0063171387
0.0031585693
0.0019226074
0.0043945312
-0.0012207031
0.0058135986
-0.0069580078
-0.0040130615
-0.0044250488
-0.0037994385
-0.0036010742
-0.0006256104
0.0047912598
-0.0081329346
0.0003814697
-0.0018920898
0.0107421875
0.0030670166
0.0084991455
0.0113677979
-0.0053253174
-0.0062561035
0.0101013184
0.0004272461
0.0046539307
-0.0065460205
-0.0021057129
0.0064544678
0.0045623779
-0.0086517334
0.0099792480
-0.0032501221
-0.0008850098
0.0065155029
0.0025787354
0.0030364990
-0.0043334961
-0.0065307617
0.0034179688
-0.0008392334
-0.0107269287
0.0015563965
0.0031890869
-0.0092926025
0.0080718994
-0.0036468506
