-0.2740020752
-0.3209838867
0.2129821777
-0.2715454102
0.3158721924
-0.2564086914
-0.1976776123
0.0167388916
0.2193145752
-0.1641387939
0.2572174072
0.1455688477
-0.2265625000
-0.1440277100
-0.0377807617
0.3401641846
0.0020599365
-0.0033721924
0.0014801025
0.0025482178
-0.0012207031
-0.0014801025
-0.0004425049
-0.0024261475
-0.0025634766
0.0016021729
0.0032806396
0.0032501221
-0.0025939941
0.0030670166
0.0018463135
-0.0004425049
-0.0100860596
-0.0081024170
0.0039978027
0.0065307617
-0.0084991455
-0.0045318604
0.0054779053
-0.0035247803
-0.0075225830
-0.0107269287
0.0037384033
-0.0100708008
-0.0035858154
-0.0045471191
0.0154266357
0.0072174072
-0.0116577148
0.0024566650
-0.0062866211
-0.0042266846
-0.0071411133
0.0126800537
0.0016021729
0.0116424561
-0.0064849854
-0.0118255615
-0.0145263672
-0.0076599121
-0.0062713623
0.0172882080
-0.0005645752
0.0212097168
-0.0027008057
0.0023193359
-0.0027770996
-0.0214080811
-0.0002899170
-0.0009765625
-0.0013275146
0.0019683838
0.0076141357
-0.0078735352
0.0089416504
0.0017700195
-0.0023498535
-0.0074310303
0.0083312988
0.0057983398
0.0034637451
-0.0095214844
0.0109405518
0.0030822754
-0.0104217529
0.0042572021
-0.0033264160
0.0006713867
0.0144958496
0.0069580078
-0.0014190674
-0.0211486816
-0.0019836426
0.0147705078
0.0049285889
-0.0026550293
0.0037841797
0.0039062500
0.0013580322
0.0003204346
0.0000000000
-0.0037841797
0.0007019043
-0.0015869141
0.0027160645
-0.0006866455
0.0060882568
-0.0062255859
-0.0008239746
-0.0008087158
-0.0030670166
-0.0009307861
-0.0024414062
0.0028228760
-0.0088958740
-0.0035095215
-0.0055999756
0.0116271973
0.0045471191
-0.0069274902
-0.0028991699
0.0003967285
0.0066986084
-0.0067291260
0.0025177002
0.0056610107
-0.0011444092
0.0090789795
-0.0032653809
0.0038146973
0.0007324219
0.0084533691
-0.0025329590
0.0015411377
-0.0008697510
-0.0004425049
0.0010833740
0.0051116943
-0.0028533936
0.0001831055
-0.0035858154
0.0084533691
0.0008239746
-0.0009155273
0.0080261230
-0.0040435791
-0.0068054199
0.0019989014
0.0116424561
-0.0061950684
-0.0098724365
-0.0053710938
-0.0089416504
0.0101165771
-0.0060272217
0.0059204102
0.0061492920
-0.0046997070
-0.0009765625
-0.0019073486
