0.0078582764
0.0017547607
-0.0038757324
-0.0013275146
0.0036926270
-0.0030212402
-0.0002593994
-0.0039978027
-0.0048370361
0.0029449463
0.0014953613
0.0008087158
0.0003967285
0.0025939941
-0.0028228760
0.0011291504
0.0015869141
0.0011749268
-0.0023956299
0.0026855469
-0.0061645508
-0.0008239746
0.0010681152
-0.0027465820
-0.0021820068
0.0034637451
-0.0015563965
0.0015869141
0.0058135986
0.0032348633
-0.0027770996
-0.0034790039
0.0082244873
0.0000762939
0.0304565430
-0.0003204346
-0.0059051514
0.0202636719
-0.0026855469
0.0136413574
0.0217895508
0.0221557617
-0.0128479004
0.0083923340
0.0043945312
0.0017700195
-0.0204772949
-0.0141601562
0.0066070557
-0.0101318359
-0.0094299316
0.0137939453
-0.0080566406
0.0166168213
-0.0022888184
-0.0091552734
0.0062713623
0.0090789795
0.0117950439
0.0111389160
-0.0063018799
-0.0095367432
0.0185852051
-0.0095520020
-0.0060577393
-0.0062561035
-0.0050354004
0.0059967041
-0.0009460449
-0.0107421875
0.0034942627
0.0064086914
0.0074615479
-0.0097045898
-0.0057525635
-0.0050201416
0.0001525879
0.0113983154
0.0080566406
0.0028533936
0.0025177002
0.0025482178
0.0143432617
-0.0072937012
-0.0043487549
0.0049591064
0.0029602051
0.0012664795
0.0046386719
0.0007019043
-0.0092163086
0.0080108643
0.0001373291
0.0010833740
-0.0010681152
0.0011901855
0.0034027100
-0.0018615723
0.0022125244
-0.0022125244
-0.0003204346
0.0008392334
-0.0008239746
-0.0017700195
-0.0029144287
0.0007324219
0.0013427734
0.0000915527
-0.0033874512
0.0015106201
0.0028381348
-0.0002136230
-0.3088989258
-0.2820281982
0.1526489258
-0.1030883789
-0.2447357178
0.3262329102
-0.2581634521
-0.2246856689
0.0788879395
0.2293395996
-0.1673889160
0.2910156250
0.1772003174
-0.3155670166
-0.1690063477
-0.2657318115
-0.0004882812
0.0001525879
0.0006408691
0.0028381348
0.0000305176
-0.0007629395
0.0023345947
-0.0000915527
-0.0009002686
0.0012207031
0.0001525879
-0.0003051758
0.0003509521
0.0010986328
-0.0031127930
-0.0001983643
-0.0058288574
-0.0016174316
0.0039978027
-0.0001983643
0.0122680664
0.0083923340
0.0027160645
0.0059204102
0.0104675293
-0.0043182373
-0.0060882568
-0.0046691895
-0.0019989014
-0.0038452148
0.0053100586
-0.0011596680
