0.0024108887
0.0017242432
-0.0154113770
0.0016174316
0.0035247803
-0.0006561279
0.0095825195
0.0092926025
0.0012054443
0.0126342773
-0.0056457520
0.0099945068
0.0175628662
0.0110015869
0.0081939697
-0.0007934570
-0.0005950928
0.0047149658
-0.0045318604
0.0021514893
-0.0003356934
-0.0010986328
-0.0017242432
-0.0025634766
-0.0014038086
-0.0043640137
-0.0002593994
0.0018768311
0.0055389404
0.0017395020
-0.0056762695
-0.0041809082
0.0034484863
-0.0029754639
0.0185852051
0.0040893555
0.0023803711
0.0016632080
-0.0124664307
-0.0018310547
-0.0050964355
-0.0057830811
-0.0124511719
0.0044097900
-0.0014190674
-0.0107879639
-0.0092163086
-0.0003814697
0.0012207031
0.0010223389
-0.0074768066
-0.0012817383
-0.0112762451
0.0141906738
-0.0101623535
-0.0080261230
0.0047607422
-0.0053100586
0.0016632080
0.0133666992
-0.0205383301
-0.0040588379
0.0038299561
-0.0243377686
-0.0037689209
0.0023193359
-0.0054473877
-0.0057220459
-0.0020294189
-0.0036163330
0.0053405762
0.0056610107
0.0060119629
-0.0053710938
-0.0046539307
-0.0004425049
-0.0032501221
-0.0027160645
0.0031127930
-0.0078735352
0.0029907227
0.0149536133
-0.0183258057
-0.0248565674
0.0178070068
-0.0189819336
0.0069885254
-0.0059356689
-0.0034332275
0.0101928711
-0.0205841064
0.0315551758
-0.0092926025
-0.0219268799
-0.0323486328
-0.0406951904
0.0022430420
0.3350524902
0.0927429199
0.2495269775
-0.2796630859
-0.2488098145
0.3104400635
0.2892456055
0.0202636719
0.2281494141
-0.2796478271
-0.0303955078
0.1368103027
-0.3421325684
-0.1116638184
-0.3544158936
-0.0028533936
-0.0000915527
-0.0199127197
0.0361938477
0.0148315430
-0.0043792725
0.0200500488
0.0097808838
0.0262603760
-0.0099945068
-0.0248718262
-0.0044097900
-0.0251922607
0.0069122314
0.0135345459
-0.0094146729
-0.0415344238
0.0391540527
-0.0137481689
0.0360717773
-0.0287170410
0.0067138672
-0.0414581299
0.0371551514
-0.0292510986
0.0312957764
0.0132293701
0.0316162109
0.0220489502
-0.0138702393
0.0142517090
0.0243988037
0.0062103271
0.0095062256
0.0052795410
-0.0007171631
0.0015411377
0.0083007812
-0.0031738281
0.0055084229
0.0041809082
0.0012054443
-0.0090942383
-0.0072479248
-0.0020904541
-0.0001983643
-0.0011596680
0.0092468262
