0.0001831055
0.0000152588
-0.0036773682
0.0014495850
-0.0010681152
0.0236358643
0.0002746582
-0.0212249756
-0.0087432861
0.0066833496
-0.0137786865
-0.0032043457
0.0063476562
0.0088653564
-0.0143737793
-0.0003967285
-0.0002746582
-0.0005950928
0.0003051758
-0.0013275146
0.0005950928
-0.0004119873
0.0015106201
0.0015716553
0.0011291504
-0.0016632080
0.0015563965
-0.0027313232
-0.0025482178
-0.0014495850
0.0003051758
-0.0005950928
0.0010070801
0.0043945312
0.0098419189
-0.0021972656
-0.0033569336
0.0099639893
-0.0011596680
0.0062255859
0.0133056641
0.0094757080
0.0016021729
0.0207519531
-0.0000152588
-0.0035247803
-0.0111694336
-0.0031433105
-0.0070800781
-0.0113220215
-0.0061645508
0.0056915283
-0.0099334717
0.0207672119
0.0043182373
-0.0032806396
-0.0008544922
-0.0052185059
-0.0104522705
0.0109558105
-0.0063171387
-0.0106964111
0.0027160645
0.0178527832
0.0037384033
-0.0081481934
0.0021209717
0.0162353516
-0.0028533936
0.0047760010
-0.0023651123
-0.0020751953
-0.0029907227
0.0042266846
-0.0145721436
0.0016326904
-0.0066986084
-0.0001983643
-0.0066680908
0.0049896240
-0.0064086914
-0.0060119629
0.0098114014
0.0126800537
0.0090637207
0.0009307861
0.0084533691
0.0086212158
0.0044097900
0.0047149658
0.0022888184
-0.0066223145
-0.0006561279
0.0117340088
0.0039215088
-0.0032501221
0.0000000000
0.0029602051
0.0031280518
-0.0007324219
0.0008850098
-0.0025482178
-0.0011138916
-0.0009765625
-0.0007019043
0.0003051758
0.0036315918
0.0004577637
0.0008850098
-0.0002899170
0.0009002686
-0.0030975342
-0.0059204102
0.0063629150
-0.0035095215
-0.0037536621
-0.0046997070
0.0054626465
0.0026702881
-0.0071411133
-0.0044250488
0.0027618408
-0.0070953369
-0.0049743652
0.0059509277
0.0035858154
0.0011596680
0.0003051758
-0.3753356934
0.3382110596
0.0428314209
0.0633392334
-0.3640136719
0.0149536133
-0.1596832275
0.3350830078
-0.3095550537
0.1632232666
0.0556335449
0.3024444580
0.0989532471
-0.1765594482
0.1874237061
0.3005981445
-0.0024566650
0.0032043457
0.0012969971
-0.0011444092
-0.0008697510
0.0072021484
-0.0018920898
0.0065612793
0.0101318359
-0.0022277832
-0.0035095215
-0.0021514893
-0.0033111572
0.0016784668
0.0022888184
-0.0007324219
