0.0101623535
0.0216522217
-0.0195465088
-0.0044097900
0.0025939941
0.0159454346
-0.0117950439
-0.0169372559
-0.0257263184
-0.0101776123
-0.0202178955
-0.0059814453
0.0099029541
0.0034637451
-0.0046081543
-0.0258331299
0.0019989014
-0.0021514893
0.0038757324
0.0018768311
0.0006103516
0.0003814697
-0.0039520264
-0.0028381348
-0.0012817383
-0.0076446533
0.0012359619
0.0063018799
-0.0010681152
0.0009613037
-0.0019378662
-0.0046081543
0.0012359619
0.0046691895
0.0068054199
-0.0007324219
-0.0022277832
0.0005798340
-0.0032348633
0.0067138672
-0.0025329590
-0.0024871826
-0.0026245117
0.0073242188
-0.0073089600
-0.0061950684
-0.0021667480
-0.0014495850
-0.0101165771
-0.0007476807
-0.0192871094
-0.0168609619
-0.0217437744
0.0058746338
0.0216217041
-0.0114593506
0.0065460205
-0.0003051758
-0.0034637451
0.0034484863
-0.0025024414
0.0059661865
0.0068511963
-0.0102233887
0.0002441406
-0.0088043213
0.0006103516
0.0020446777
-0.0079498291
0.0013275146
-0.0036010742
0.0025787354
0.0066375732
-0.0048675537
0.0023193359
0.0025329590
0.0017700195
-0.0052337646
0.0008239746
0.0056152344
-0.1301574707
-0.2791748047
0.0513000488
0.2144317627
-0.2033081055
0.2768859863
-0.1832122803
0.2076416016
0.2452850342
-0.2345581055
0.2892913818
-0.1886749268
0.2227172852
0.1273193359
0.3040161133
0.4333648682
0.0011291504
-0.0006103516
0.0132598877
0.0017089844
-0.0032196045
-0.0002746582
0.0012359619
0.0007171631
0.0009765625
-0.0095672607
0.0043640137
-0.0010681152
0.0067901611
-0.0025329590
-0.0038299561
-0.0019226074
0.0026855469
0.0035705566
0.0001678467
0.0027313232
0.0032501221
-0.0001373291
0.0017089844
-0.0004119873
-0.0037994385
-0.0018157959
-0.0023651123
-0.0010833740
-0.0034484863
0.0010986328
-0.0034637451
0.0045013428
0.0045471191
-0.0051574707
-0.0110931396
0.0044555664
0.0132446289
-0.0101928711
0.0066528320
-0.0054473877
0.0056762695
0.0041351318
0.0072326660
-0.0028991699
0.0005950928
0.0015106201
-0.0045318604
-0.0072326660
0.0209045410
-0.0049133301
0.0006866455
0.0016937256
-0.0005950928
0.0124664307
-0.0051727295
0.0117187500
0.0115814209
-0.0030975342
-0.0163879395
-0.0112915039
-0.0049743652
0.0008850098
-0.0044555664
0.0122833252
