-0.2516021729
-0.2660217285
0.1816101074
-0.2729034424
0.2649230957
-0.2351379395
-0.2492980957
0.0611572266
0.2114868164
-0.2367095947
0.2723388672
-0.0434417725
-0.2661132812
-0.1901092529
-0.0421752930
0.2566528320
0.0012207031
0.0011596680
-0.0040283203
0.0006103516
0.0009307861
0.0001678467
-0.0088348389
0.0003662109
-0.0011138916
-0.0010375977
-0.0068511963
-0.0037536621
0.0025787354
0.0006408691
0.0020294189
-0.0015411377
-0.0121459961
0.0015869141
-0.0251770020
-0.0213775635
-0.0300445557
-0.0182800293
0.0364379883
0.0137176514
-0.0140228271
0.0047912598
-0.0212249756
-0.0071258545
-0.0037689209
-0.0102386475
-0.0292663574
0.0038146973
-0.0059814453
0.0115203857
0.0125579834
-0.0050659180
0.0022277832
0.0041503906
-0.0129241943
0.0033569336
-0.0053253174
0.0024566650
0.0058898926
0.0055847168
0.0139465332
-0.0005798340
-0.0197143555
-0.0018463135
0.0036621094
-0.0039672852
0.0052947998
-0.0055389404
-0.0049591064
0.0057678223
-0.0003662109
-0.0024871826
-0.0053558350
0.0048217773
0.0056915283
-0.0018615723
0.0099639893
0.0009613037
0.0056610107
0.0058441162
-0.0068206787
0.0315856934
-0.0013885498
-0.0066375732
-0.0086975098
-0.0058441162
0.0111694336
-0.0095520020
-0.0026702881
0.0085449219
-0.0119476318
0.0074157715
-0.0121917725
0.0103607178
0.0085296631
-0.0017700195
0.0071563721
-0.0025787354
-0.0011138916
-0.0031738281
0.0087585449
0.0082550049
-0.0166931152
-0.0104827881
-0.0068969727
-0.0001220703
0.0095062256
-0.0133514404
0.0086517334
0.0071868896
-0.0041503906
0.0098571777
0.0075225830
0.0054321289
0.0093688965
-0.0068206787
-0.0046844482
-0.0110473633
-0.0003204346
-0.0039215088
0.0028533936
-0.0038146973
-0.0038299561
-0.0004119873
0.0108795166
0.0032653809
-0.0062561035
0.0151824951
0.0002288818
0.0025634766
0.0065307617
-0.0009155273
-0.0027618408
-0.0013732910
0.0031280518
0.0000305176
-0.0011749268
-0.0063476562
-0.0048065186
0.0024261475
0.0019683838
-0.0005340576
0.0017547607
0.0018157959
-0.0097351074
0.0063323975
-0.0035552979
0.0031280518
0.0039367676
-0.0079040527
-0.0068969727
-0.0012054443
-0.0073547363
0.0106201172
0.0085754395
0.0064392090
0.0060424805
0.0012512207
-0.0060729980
-0.0045776367
