0.0012969971
0.0031433105
-0.0057830811
-0.0061340332
0.0004425049
-0.0045776367
-0.0035247803
0.0089416504
0.0014190674
-0.0070648193
0.0007171631
0.0032806396
-0.0020446777
0.0000152588
0.0020294189
-0.0011444092
0.0106201172
0.0028839111
-0.0176696777
0.0144958496
0.0005493164
-0.0079803467
0.0000915527
-0.0136260986
-0.0131530762
-0.0083923340
-0.0285339355
-0.0088043213
0.0228881836
0.0134124756
-0.0104980469
-0.0131530762
-0.3363037109
-0.1941223145
-0.2982177734
0.0247039795
0.0066070557
-0.2799224854
0.3258819580
-0.0796356201
-0.3324279785
-0.2834930420
-0.2502593994
-0.1483917236
0.0238647461
-0.0748748779
0.2860870361
0.3227996826
0.0010681152
-0.0110778809
-0.0098419189
0.0084381104
-0.0081939697
0.0015106201
0.0072479248
-0.0012359619
-0.0015716553
0.0063171387
0.0032043457
0.0059051514
-0.0054016113
0.0021057129
0.0116882324
0.0014038086
0.0018005371
0.0116882324
0.0067443848
0.0016632080
0.0049743652
0.0015563965
0.0003814697
0.0016479492
-0.0006103516
0.0064239502
0.0031433105
0.0059661865
-0.0009918213
0.0030059814
0.0035552979
0.0009155273
-0.0010681152
0.0006713867
0.0041961670
-0.0021057129
0.0040893555
0.0009613037
0.0013885498
0.0017089844
-0.0015563965
-0.0013580322
-0.0049591064
0.0017395020
-0.0033874512
-0.0042877197
-0.0043640137
-0.0052337646
-0.0129089355
-0.0081939697
0.0116271973
-0.0045623779
0.0085754395
0.0136108398
-0.0094757080
-0.0038757324
-0.0034637451
-0.0083007812
-0.0030975342
0.0160827637
0.0026397705
0.0044860840
0.0130920410
0.0059661865
0.0041809082
-0.0001678467
0.0156402588
0.0014038086
-0.0004425049
-0.0036621094
-0.0060729980
0.0078582764
-0.0068359375
-0.0081939697
0.0037994385
0.0047454834
0.0086212158
-0.0056915283
-0.0007934570
0.0037841797
-0.0062255859
0.0033264160
-0.0124053955
-0.0015563965
0.0014038086
0.0010833740
-0.0052337646
0.0077209473
0.0021057129
0.0020141602
0.0080261230
0.0051269531
-0.0029754639
0.0021057129
0.0045471191
-0.0015716553
0.0006561279
-0.0048675537
0.0035552979
-0.0000457764
0.0036163330
0.0039520264
0.0020141602
0.0018768311
0.0022888184
-0.0022430420
-0.0015411377
-0.0043334961
0.0000457764
-0.0009460449
0.0031280518
0.0034332275
