-0.0017395020
0.0059509277
-0.0090332031
-0.0022125244
0.0108947754
0.0001220703
-0.0014801025
-0.0152282715
-0.0046691895
-0.0008392334
-0.0078277588
-0.0030059814
0.0125274658
0.0103759766
0.0075073242
-0.0143585205
-0.0007629395
0.0016479492
-0.0043182373
0.0012359619
-0.0024108887
0.0000610352
-0.0044097900
-0.0001678467
-0.0014343262
0.0033874512
-0.0015411377
-0.0042877197
0.0030822754
0.0024108887
0.0030364990
0.0010375977
-0.0054016113
-0.0038909912
-0.0008239746
0.0030517578
0.0104064941
-0.0001678467
0.0013275146
-0.0030975342
0.0007171631
-0.0007476807
0.0020294189
-0.0127716064
0.0048980713
-0.0111694336
0.0080718994
0.0012664795
0.0031585693
-0.0069122314
-0.0086975098
0.0033416748
0.0008392334
-0.0004730225
0.0104675293
0.0108795166
0.0098114014
0.0032043457
-0.0039062500
0.0077209473
-0.0047607422
0.0035705566
0.0061645508
-0.0094909668
0.0025482178
0.0033264160
0.0006408691
0.0098266602
-0.0017089844
0.0001373291
0.0021820068
0.0013885498
-0.0040588379
0.0050506592
-0.0140686035
0.0026702881
0.0045471191
0.0018768311
-0.0028076172
-0.0004425049
-0.0028839111
0.0022125244
-0.0074005127
0.0125274658
0.0121154785
-0.0002441406
-0.0016632080
-0.0070800781
0.0107269287
-0.0043029785
0.0081024170
0.0151672363
0.0064697266
0.0045166016
0.0107727051
0.0061492920
-0.0026550293
0.0136871338
0.0021514893
0.0087585449
-0.0044097900
-0.0119781494
0.0017547607
0.0045013428
0.0041503906
0.0151062012
0.0011138916
0.0091857910
0.0037841797
-0.0043182373
0.0005187988
0.0000457764
0.0083160400
0.0149383545
-0.0063171387
0.0107879639
0.0198822021
-0.0113983154
0.0190429688
0.0197601318
0.0011138916
-0.0281219482
0.0085601807
-0.0005493164
0.0035095215
0.0050201416
0.0266571045
0.0135955811
0.0036773682
0.0043182373
0.0034637451
-0.0031890869
0.0008850098
0.0075225830
-0.0079193115
-0.0043792725
-0.0003662109
0.0090332031
0.0163726807
-0.0025787354
0.0154113770
-0.0071716309
-0.0049896240
0.0067749023
0.1942901611
0.0492553711
-0.2650451660
0.2920837402
-0.0863800049
-0.2922058105
-0.2765045166
-0.2732391357
-0.2847595215
0.2921905518
-0.1429901123
0.3034820557
0.3121490479
-0.0141448975
-0.0316162109
-0.3105010986
