0.0039978027
0.0014953613
0.0027465820
-0.0069274902
0.0074615479
-0.0130004883
-0.0063323975
0.0002288818
0.0004882812
-0.0054016113
-0.0000915527
-0.0046539307
-0.0042877197
-0.0016174316
0.0076446533
-0.0020751953
0.0063323975
-0.0010375977
-0.0106964111
0.0046234131
0.0119018555
-0.0040435791
-0.0148925781
-0.0026245117
-0.0039520264
0.0101623535
-0.0105133057
-0.0011901855
0.0053405762
0.0052032471
0.0159454346
0.0029754639
-0.0053100586
0.0102386475
0.0059967041
-0.0011138916
-0.0003204346
0.0035095215
0.0117645264
-0.0041503906
-0.0028686523
0.0076141357
-0.0015563965
-0.0048675537
0.0068206787
0.0036315918
0.0031585693
-0.0023193359
-0.0017852783
-0.0044860840
0.0023651123
0.0088195801
-0.0047607422
0.0059967041
-0.0004577637
0.0102691650
-0.0055236816
0.0117645264
0.0026855469
-0.0059356689
0.0029907227
-0.0034790039
-0.0019073486
0.0113525391
-0.2914276123
-0.1324462891
-0.2748260498
-0.0365295410
0.0022125244
-0.3226776123
0.3028869629
0.3128967285
0.3305816650
-0.2887878418
-0.0608673096
-0.2651977539
0.0698242188
0.3206024170
-0.0661315918
-0.2477111816
0.0037841797
0.0020294189
-0.0140380859
-0.0010223389
-0.0032653809
-0.0007629395
-0.0068206787
0.0104217529
0.0045318604
-0.0179901123
-0.0068206787
0.0015106201
0.0019683838
0.0137176514
-0.0064849854
-0.0015411377
-0.0018310547
0.0012969971
-0.0335845947
0.0138397217
0.0135040283
-0.0147399902
-0.0111999512
-0.0260467529
-0.0109710693
-0.0007629395
-0.0019531250
0.0325775146
-0.0185089111
-0.0026550293
0.0310058594
0.0140991211
0.0038604736
0.0074005127
-0.0008697510
0.0023956299
0.0076446533
-0.0076751709
0.0153808594
0.0025939941
0.0082092285
-0.0073089600
-0.0090026855
-0.0084991455
0.0014953613
0.0104827881
-0.0014343262
0.0022888184
0.0004730225
0.0010833740
0.0012817383
0.0130615234
0.0023345947
0.0025939941
-0.0062866211
-0.0027313232
0.0024108887
0.0063476562
0.0082855225
-0.0025634766
0.0038299561
0.0039062500
-0.0041961670
-0.0005187988
-0.0297088623
0.0085296631
-0.0130767822
-0.0198669434
-0.0053405762
-0.0108795166
0.0345611572
-0.0139617920
0.0085754395
-0.0324096680
0.0313720703
0.0106506348
-0.0266418457
-0.0029296875
-0.0097198486
-0.0236053467
