-0.0091094971
-0.0116729736
0.0243530273
-0.0111846924
0.0348968506
0.0144348145
-0.0392913818
-0.0065155029
-0.0074920654
-0.0407562256
0.0312042236
0.0042724609
-0.0077667236
-0.0164642334
0.0141296387
-0.0045623779
0.0064544678
-0.0048675537
-0.0015411377
0.0091400146
0.0070648193
-0.0054168701
0.0008697510
-0.0078430176
-0.0081634521
0.0037231445
-0.0068664551
0.0020751953
0.0039062500
0.0088348389
-0.0014648438
0.0026855469
-0.3443603516
-0.0671234131
-0.2313385010
-0.1371307373
-0.0528717041
-0.3168487549
0.3488769531
-0.0255889893
-0.3805847168
-0.3424835205
-0.1333770752
-0.1707763672
-0.0115051270
-0.1339569092
0.1650848389
0.3348236084
0.0092010498
-0.0098266602
-0.0110626221
-0.0030975342
-0.0154724121
-0.0017395020
0.0080413818
-0.0087432861
0.0133819580
-0.0025939941
-0.0160369873
0.0169525146
-0.0051879883
-0.0036621094
-0.0133361816
0.0151824951
-0.0174255371
-0.0309600830
-0.0292968750
0.0195465088
-0.0156402588
-0.0117492676
0.0313568115
0.0229797363
0.0205688477
-0.0141906738
-0.0460662842
-0.0295410156
-0.0068664551
0.0010070801
0.0184020996
-0.0236816406
0.0081634521
-0.0069427490
-0.0073394775
0.0117340088
0.0069122314
-0.0068511963
0.0070190430
0.0032958984
-0.0008392334
-0.0084228516
-0.0055389404
0.0015869141
0.0116119385
-0.0070343018
0.0002746582
-0.0136413574
0.0019226074
-0.0090942383
-0.0047607422
-0.0138092041
0.0068206787
-0.0007629395
-0.0033874512
0.0007019043
0.0111694336
-0.0032501221
0.0063781738
0.0024719238
-0.0011444092
0.0026245117
-0.0021667480
0.0037536621
-0.0047607422
0.0198211670
-0.0245056152
0.0134887695
0.0235748291
-0.0168304443
0.0273284912
0.0193481445
0.0068664551
-0.0288391113
-0.0014343262
-0.0179290771
-0.0100402832
0.0199432373
-0.0059204102
0.0301818848
0.0179901123
-0.0066680908
0.0078735352
-0.0211181641
0.0099182129
-0.0079040527
0.0093536377
-0.0166931152
0.0188751221
0.0049591064
-0.0092010498
-0.0174407959
-0.0117187500
0.0376892090
-0.0107879639
-0.0098571777
-0.0152893066
0.0224609375
-0.0054016113
0.0013885498
-0.0131378174
-0.0115051270
-0.0028381348
0.0031738281
-0.0000152588
0.0072784424
-0.0060577393
0.0127410889
0.0033416748
-0.0010681152
-0.0083923340
-0.0164794922
