0.0088958740
0.0016479492
0.0005187988
0.0042877197
-0.0001831055
-0.0007324219
0.0063323975
0.0088195801
-0.0016479492
0.0060272217
-0.0042419434
0.0022277832
0.0066680908
0.0036926270
0.0054168701
0.0008697510
-0.0046386719
0.0042266846
-0.0001678467
-0.0075683594
-0.0129699707
0.0026397705
0.0067596436
0.0083160400
0.0093688965
0.0033416748
0.0078735352
-0.0041503906
0.0072174072
-0.0077667236
-0.0133514404
0.0052947998
0.0141906738
-0.0048980713
-0.0062866211
0.0137023926
0.0004882812
-0.0030364990
-0.0147552490
-0.0046386719
0.0033264160
0.0007781982
0.0093383789
0.0000305176
0.0178985596
-0.0007476807
0.0160980225
-0.0005950928
0.0008544922
-0.0013275146
-0.0091857910
-0.0009155273
-0.0068359375
0.0127716064
0.0034790039
-0.0116424561
0.0101928711
-0.0064239502
0.0007781982
0.0033569336
-0.0151977539
-0.0041351318
-0.0013580322
0.0001678467
0.0112304688
0.0121917725
0.0111694336
-0.0129852295
0.0004882812
0.0093688965
-0.0096893311
-0.0032653809
-0.0052490234
0.0111236572
-0.0049591064
0.0157623291
-0.0058746338
-0.0124053955
0.0102844238
0.0026855469
-0.0008850098
0.0030212402
0.0092620850
-0.0050048828
0.0044860840
-0.0090637207
-0.0013427734
-0.0162200928
0.0097198486
0.0248718262
0.0072784424
0.0007476807
-0.0137481689
0.0088653564
-0.0042114258
-0.0025787354
-0.0637664795
0.3154754639
0.0323181152
0.2223205566
-0.2841033936
-0.1965179443
0.3392028809
0.3392639160
0.0791778564
0.2093200684
-0.2878875732
-0.0921630859
0.1282196045
-0.3227691650
-0.1157073975
-0.3689880371
0.0063781738
0.0032196045
-0.0036773682
0.0039978027
0.0068359375
-0.0034790039
0.0045928955
0.0071868896
0.0003356934
-0.0049438477
0.0027618408
-0.0030822754
-0.0094909668
0.0039672852
0.0131072998
0.0016326904
-0.0077209473
0.0080566406
-0.0023803711
0.0014648438
-0.0063781738
-0.0043029785
-0.0036163330
0.0046386719
-0.0030059814
0.0075073242
0.0029602051
0.0044555664
0.0003051758
0.0073852539
-0.0046539307
0.0036926270
0.0022125244
-0.0015411377
0.0091400146
0.0021514893
0.0025177002
0.0066223145
0.0006103516
0.0053100586
0.0083923340
-0.0025329590
-0.0165863037
-0.0052185059
-0.0012969971
-0.0028076172
0.0139465332
0.0048675537
