0.0055999756
0.0066070557
-0.0029602051
-0.0044250488
-0.0071411133
-0.0102539062
-0.0028076172
0.0009765625
0.0002441406
-0.0041809082
-0.0073547363
-0.0075836182
-0.0015106201
0.0048217773
0.0039978027
-0.0037994385
0.0005187988
0.0034790039
-0.0046081543
0.0000915527
0.0082092285
-0.0009613037
0.0013275146
0.0007781982
0.0019836426
0.0140991211
-0.0101165771
-0.0060119629
0.0171813965
-0.0013122559
-0.0041961670
-0.0043945312
0.0045318604
-0.0038757324
0.0118713379
-0.0007019043
-0.0002441406
-0.0031890869
0.0006256104
-0.0046386719
0.0022430420
-0.0053863525
-0.0030975342
0.0130615234
-0.0012969971
0.0007781982
-0.0085296631
0.0038299561
-0.0009460449
0.0014343262
0.0012969971
-0.0050811768
-0.0035247803
0.0109252930
0.0090789795
0.0031280518
0.0034332275
-0.0043182373
0.0051269531
0.0053253174
-0.0027160645
-0.0002288818
0.0120391846
-0.0034332275
0.0008544922
0.0158538818
0.0090179443
0.0037384033
0.0388641357
-0.0047149658
0.0017547607
-0.0127258301
0.0099792480
-0.0032958984
0.0223541260
0.0013122559
-0.0034332275
0.0067901611
0.0205688477
0.0091094971
-0.0058898926
-0.0048065186
-0.0183410645
0.0175018311
0.0186157227
-0.0159149170
-0.0002899170
0.0031890869
-0.0087738037
0.0054016113
0.0133972168
0.0005340576
0.0012512207
-0.0071258545
0.0018157959
-0.0037231445
0.0326690674
0.3067779541
0.1549682617
0.1782226562
-0.2813720703
-0.1865234375
0.2750396729
0.2822113037
0.1317596436
0.0963134766
-0.1846160889
-0.0798797607
0.3286895752
-0.3207550049
-0.2966766357
-0.3392028809
0.0031433105
0.0077209473
0.0014038086
0.0100250244
0.0060272217
0.0009613037
0.0058746338
0.0004272461
0.0001983643
-0.0062713623
-0.0094757080
-0.0040740967
-0.0039062500
0.0019836426
0.0039520264
0.0005798340
0.0011596680
-0.0009002686
0.0041503906
0.0084686279
0.0021209717
0.0002899170
0.0026855469
-0.0053863525
-0.0003814697
0.0004730225
-0.0062561035
-0.0031127930
-0.0062713623
0.0029907227
-0.0044708252
-0.0021820068
-0.0013427734
-0.0110626221
0.0098266602
0.0101165771
-0.0163726807
0.0084381104
-0.0015563965
0.0121307373
0.0099639893
0.0009765625
-0.0131378174
-0.0089111328
0.0043334961
-0.0162048340
0.0357513428
0.0079498291
