0.0014495850
0.0044250488
-0.0025024414
-0.0026702881
-0.0056152344
-0.0059661865
0.0047302246
0.0043487549
0.0060577393
0.0025482178
-0.0028076172
0.0021514893
-0.0038909912
-0.0007019043
0.0047607422
0.0028991699
-0.0034332275
0.0054626465
-0.0019989014
-0.0039825439
-0.0034179688
0.0020294189
-0.0034484863
0.0039215088
0.0045471191
0.0042572021
0.0004425049
-0.0034179688
0.0091552734
-0.0043945312
-0.0061645508
0.0023956299
0.0005187988
-0.0019073486
0.0104827881
-0.0079956055
-0.0052185059
0.0020294189
-0.0035552979
0.0042877197
0.0124664307
0.0008544922
-0.0064239502
0.0126953125
-0.0086517334
-0.0028533936
-0.0111083984
0.0065460205
0.0003662109
0.0039215088
-0.0028533936
-0.0114135742
0.0003509521
0.0046539307
0.0159759521
-0.0087585449
0.0126342773
-0.0133666992
0.0060729980
0.0009002686
-0.0071105957
0.0006408691
0.0073242188
-0.0065612793
-0.0023193359
0.0160522461
-0.0087432861
-0.0153045654
0.0468597412
-0.0081024170
0.0053100586
0.0034332275
0.0119171143
-0.0126190186
0.0343627930
0.0104064941
-0.0096740723
-0.0192260742
0.0349731445
0.0039367676
0.0043487549
-0.0129699707
-0.0062866211
0.0086822510
0.0111694336
-0.0120086670
-0.0018768311
-0.0038757324
-0.0027923584
0.0162506104
0.0120544434
-0.0101623535
-0.0095062256
-0.0035552979
-0.0019073486
-0.0071563721
-0.0278472900
0.3450012207
0.0968933105
0.2763061523
-0.2446289062
-0.2259521484
0.2867431641
0.2493286133
0.0337371826
0.0889282227
-0.2885131836
-0.1359558105
0.2234649658
-0.3625183105
-0.1720428467
-0.3559875488
0.0064086914
0.0018920898
0.0044403076
0.0055541992
0.0098266602
0.0009918213
0.0055847168
-0.0012207031
0.0085449219
-0.0000610352
-0.0019683838
-0.0005950928
-0.0085296631
0.0032348633
0.0020751953
-0.0071411133
0.0000152588
0.0007781982
-0.0054626465
-0.0025787354
-0.0036468506
-0.0079650879
-0.0036163330
-0.0000152588
-0.0052795410
0.0001525879
-0.0064086914
0.0001220703
-0.0034484863
-0.0042266846
-0.0057373047
0.0043792725
-0.0149536133
-0.0052642822
0.0227355957
-0.0036010742
-0.0052642822
0.0145874023
0.0098724365
0.0220947266
0.0141754150
-0.0105285645
-0.0114288330
-0.0188751221
-0.0039825439
-0.0121459961
0.0197753906
0.0176086426
