-0.0200042725
0.0054321289
-0.0074005127
-0.0007019043
-0.0019989014
-0.0072174072
-0.0283355713
0.0601196289
-0.0144500732
-0.0470428467
-0.0200805664
0.0465698242
0.0154571533
-0.0153656006
0.0009918213
-0.0197906494
-0.0210723877
0.0022430420
0.0534820557
-0.0424957275
-0.0318908691
0.0229797363
0.0383300781
0.0387573242
0.0381317139
0.0117645264
-0.0041351318
0.0352935791
-0.0030364990
-0.0426940918
0.0163116455
0.0210876465
-0.0023040771
-0.0032196045
-0.0049285889
0.0294494629
0.0216674805
-0.0127258301
0.0101470947
-0.0189971924
-0.0174865723
-0.0060119629
-0.0082397461
0.0032958984
0.0013732910
0.0084991455
0.0034790039
0.0065307617
-0.2855072021
0.1894683838
0.2474975586
-0.1827239990
0.1908874512
-0.2283782959
-0.1473388672
0.1430969238
-0.2048645020
-0.1613159180
-0.2001037598
-0.1947937012
0.2386169434
0.2742767334
-0.1258850098
0.1229858398
0.0205993652
0.0113067627
0.0192871094
-0.0006103516
-0.0026702881
0.0253295898
-0.0093231201
-0.0260772705
-0.0347595215
0.0342712402
-0.0150756836
0.0076751709
0.0037841797
-0.0116882324
0.0059814453
0.0177459717
0.0234527588
-0.0490264893
-0.0125427246
0.0221099854
0.0079650879
0.0067901611
0.0118408203
0.0490112305
0.0119781494
-0.0213012695
0.0360260010
0.0178833008
0.0074310303
-0.0306701660
0.0193939209
0.0058898926
0.0024261475
-0.0018920898
-0.0070800781
-0.0037231445
-0.0018005371
0.0053558350
0.0030975342
0.0104980469
-0.0079040527
0.0016021729
-0.0021362305
0.0007781982
0.0031127930
0.0003051758
0.0043487549
-0.0049896240
0.0201721191
0.0123138428
0.0086669922
0.0163879395
0.0011749268
-0.0175933838
0.0054168701
-0.0081939697
-0.0035705566
0.0013122559
0.0126800537
-0.0102691650
0.0074157715
0.0137939453
-0.0050964355
0.0100555420
0.0000000000
0.0028076172
-0.0245513916
0.0039367676
0.0007476807
-0.0056762695
-0.0020446777
-0.0034942627
0.0019836426
-0.0064392090
-0.0022583008
-0.0034332275
0.0053253174
-0.0064697266
0.0079956055
0.0028076172
0.0006866455
-0.0000915527
0.0024108887
-0.0046691895
-0.0105438232
-0.0005950928
0.0072326660
-0.0055084229
-0.0090637207
-0.0037536621
-0.0086517334
0.0015869141
0.0008239746
0.0031890869
-0.0129699707
-0.0002441406
