-0.0028533936
-0.0090789795
0.0070343018
0.0065155029
-0.0117950439
0.0108337402
0.0040588379
-0.0069427490
-0.0048217773
-0.0043792725
0.0019073486
0.0056152344
0.0046539307
0.0034637451
0.0063781738
0.0044097900
0.0002288818
0.0061187744
-0.0220489502
0.0097808838
-0.0044708252
-0.0068054199
0.0152587891
-0.0071716309
-0.0039062500
0.0313110352
-0.0050659180
-0.0154113770
0.0328521729
0.0102539062
-0.0154113770
-0.0116271973
-0.0051269531
0.0102539062
-0.0103759766
-0.0010528564
-0.0086669922
0.0016326904
0.0089111328
0.0094451904
0.0176086426
0.0106811523
0.0043029785
0.0036926270
-0.0043182373
-0.0165100098
-0.0050354004
0.0059204102
-0.0009155273
-0.0003662109
-0.0063934326
0.0067138672
0.0045318604
-0.0039062500
0.0061950684
-0.0079040527
0.0014495850
0.0025177002
-0.0091247559
0.0006408691
0.0098419189
-0.0119171143
-0.0046691895
-0.0020141602
-0.0059661865
-0.0160064697
-0.0075073242
0.0273132324
-0.0080871582
-0.0107879639
-0.0011749268
-0.0007019043
0.0089416504
-0.0154113770
-0.0101928711
-0.0126495361
0.0053100586
0.0055847168
0.0015563965
0.0039978027
0.0045623779
0.0009460449
0.0000305176
-0.0025177002
-0.0112915039
0.0014495850
-0.0065612793
-0.0013275146
0.0025939941
-0.0022583008
-0.0052642822
0.0013885498
0.0068206787
0.0095062256
-0.0023193359
0.0065307617
0.0000762939
0.0035247803
-0.0036621094
0.0007476807
-0.0055694580
-0.0032043457
0.0000305176
0.0002593994
0.0049591064
0.0064239502
0.0069885254
0.0061035156
0.0039062500
0.0030822754
-0.0082550049
0.0004577637
-0.2945861816
-0.2879791260
0.0720520020
-0.1283416748
-0.2945861816
0.3015441895
-0.2637939453
-0.2462005615
-0.0077514648
0.2740173340
-0.1898498535
0.2539672852
0.1574554443
-0.2796325684
-0.1079711914
-0.2673187256
-0.0009613037
-0.0019836426
0.0065002441
-0.0075073242
0.0025024414
-0.0003967285
0.0046081543
0.0030975342
-0.0023040771
-0.0033111572
-0.0021362305
0.0081329346
0.0033569336
0.0005798340
0.0001678467
-0.0015563965
-0.0045318604
-0.0138854980
-0.0017547607
-0.0054473877
0.0019073486
0.0102996826
-0.0029907227
0.0144805908
0.0192871094
-0.0013580322
-0.0055084229
-0.0038909912
-0.0084228516
-0.0027160645
0.0079956055
0.0025634766
