-0.0058135986
0.0010223389
-0.0049591064
-0.0031127930
0.0119781494
0.0058898926
-0.0012969971
0.0094909668
0.0062866211
0.0039062500
-0.0008239746
0.0032196045
0.0048980713
0.0007781982
0.0054016113
-0.0018920898
0.0047454834
0.0013122559
-0.0095672607
0.0086517334
-0.0081329346
-0.0062408447
0.0022277832
-0.0083770752
-0.0076141357
0.0007934570
-0.0044860840
-0.0018463135
0.0129699707
0.0087585449
-0.0029907227
-0.0161590576
0.0061950684
0.0032043457
0.0108184814
0.0053100586
0.0056762695
0.0034484863
-0.0014038086
-0.0087432861
0.0061340332
-0.0002899170
0.0021362305
-0.0021972656
-0.0001220703
0.0068511963
-0.0061035156
-0.0035858154
0.0013580322
0.0002441406
-0.0009765625
-0.0015411377
0.0006103516
0.0030822754
0.0002593994
-0.0053100586
0.0008087158
-0.0012512207
0.0007019043
0.0042114258
0.0028228760
-0.0039978027
0.0002746582
0.0020904541
-0.0042419434
0.0070648193
-0.0026855469
-0.0014190674
0.0086669922
-0.0026855469
0.0025634766
-0.0010833740
0.0063018799
-0.0084075928
0.0053558350
-0.0007171631
-0.0070495605
-0.0002136230
-0.0009765625
0.0145721436
-0.0042266846
-0.0005340576
-0.0015411377
0.0088348389
0.0002288818
-0.0000915527
0.0011901855
0.0053558350
0.0033264160
0.0152587891
0.0127868652
-0.0058441162
-0.0038909912
0.0116271973
0.0142211914
0.0124053955
0.1057891846
0.3361206055
0.2430267334
0.2299346924
-0.2716217041
-0.2126312256
0.2546539307
0.2460021973
0.1332397461
0.0929260254
-0.1731262207
-0.1138610840
0.2875061035
-0.3109741211
-0.2833862305
-0.3168182373
0.0007171631
-0.0012054443
0.0046386719
0.0041961670
0.0078125000
0.0056457520
0.0010375977
-0.0014343262
0.0029907227
0.0006256104
-0.0023193359
0.0059967041
-0.0048675537
-0.0028228760
-0.0007781982
0.0003814697
0.0129089355
-0.0033721924
-0.0068206787
0.0296478271
-0.0005798340
0.0164031982
-0.0029602051
-0.0085754395
-0.0001983643
0.0072937012
-0.0140228271
-0.0105285645
0.0154876709
-0.0017089844
0.0051574707
0.0005187988
-0.0059814453
0.0045623779
0.0031585693
-0.0006866455
-0.0037231445
0.0016784668
0.0016784668
0.0013275146
0.0002899170
-0.0016632080
0.0007324219
-0.0021667480
0.0001220703
-0.0006103516
-0.0036163330
0.0026702881
