-0.0108489990
-0.0061035156
-0.0024719238
-0.0004577637
0.0125732422
0.0019836426
-0.0046386719
0.0178985596
-0.0058441162
-0.0125579834
0.0036010742
0.0261535645
0.0088958740
-0.0031585693
0.0099792480
-0.0017242432
-0.0131072998
0.0175323486
-0.0069427490
-0.0143585205
-0.0052795410
0.0085144043
0.0038452148
0.0161132812
0.0192871094
0.0165252686
-0.0045623779
-0.0180206299
0.0277404785
-0.0179138184
-0.0257720947
0.0173492432
-0.0151519775
-0.0075225830
-0.0125732422
0.0049591064
0.0076141357
0.0010986328
0.0044860840
0.0142517090
-0.0072174072
0.0099639893
-0.0038146973
0.0027465820
-0.0076751709
-0.0102539062
0.0003814697
-0.0045318604
-0.0147247314
-0.0124664307
-0.0207977295
0.0286712646
0.0207366943
-0.0089569092
0.0255737305
0.0323791504
-0.0018310547
0.0216217041
0.0036163330
0.0002441406
0.0117492676
0.0025787354
0.0168609619
-0.0183105469
-0.0001220703
0.0003967285
-0.0029754639
-0.0063323975
0.0077514648
0.0002288818
0.0033569336
0.0011444092
0.0115661621
-0.0085754395
-0.0064544678
0.0012817383
-0.0298309326
0.0067901611
0.0106048584
0.0063781738
0.0055847168
0.0292358398
-0.0035400391
-0.0049896240
0.0111541748
-0.0103759766
0.0245208740
-0.0169982910
-0.0030059814
0.0116577148
-0.0174102783
0.0167236328
-0.0010223389
-0.0058441162
-0.0035858154
-0.0198516846
0.0051269531
0.0021514893
-0.0074310303
-0.0011901855
0.0025024414
-0.0032806396
-0.0032653809
-0.0001068115
0.0045318604
0.0036773682
0.0008087158
0.0055236816
-0.0000305176
-0.0002593994
0.0018005371
0.0016479492
-0.0023803711
0.0003662109
0.0021362305
-0.0017547607
0.0048980713
0.0043945312
0.0012359619
0.0035247803
0.0031433105
-0.0050048828
-0.0013732910
-0.0009765625
0.0000152588
0.0004577637
0.0023498535
0.0026245117
0.0030517578
-0.0007934570
-0.0164337158
-0.0031280518
0.0073547363
0.0082702637
-0.0253753662
0.0003204346
0.0023193359
0.0024414062
0.0055541992
0.0038909912
0.0191497803
-0.0025329590
-0.0022125244
-0.0011749268
0.2849884033
-0.0751953125
-0.3103332520
0.2749481201
-0.0362854004
-0.2693176270
-0.2598419189
-0.3045654297
-0.2681427002
0.2716217041
-0.1037139893
0.2972869873
0.2601623535
0.0518646240
-0.0151824951
-0.2864685059
