-0.0024871826
0.0028228760
0.0113983154
-0.0008697510
-0.0036773682
0.0068206787
-0.0041198730
-0.0149688721
-0.0068206787
-0.0101013184
-0.0074768066
-0.0031280518
-0.0115356445
-0.0088653564
0.0017089844
-0.0006561279
0.0029449463
-0.0028991699
-0.0028686523
0.0045013428
-0.0117034912
-0.0027465820
0.0049438477
-0.0054168701
-0.0053405762
-0.0041961670
0.0034637451
0.0032348633
-0.0040435791
0.0051727295
-0.0005493164
-0.0008697510
-0.0009918213
-0.0142974854
0.0028839111
-0.0092163086
-0.0037231445
-0.0018463135
-0.0136566162
0.0027618408
0.0039367676
-0.0072631836
-0.0065917969
0.0096130371
-0.0108337402
-0.0157623291
0.0027770996
0.0043182373
-0.0046691895
-0.0154571533
-0.0144042969
0.0313110352
0.0166320801
-0.0048980713
0.0049896240
-0.0113220215
0.0096435547
0.0122070312
-0.0009613037
-0.0030517578
0.0026092529
-0.0090179443
0.0136718750
0.0048675537
0.0047760010
-0.0010528564
0.0041046143
-0.0098419189
-0.0052337646
0.0069732666
-0.0048065186
-0.0093688965
-0.0051269531
0.0059356689
0.0101013184
-0.0036315918
0.0094757080
-0.0055236816
0.0015106201
0.0041046143
-0.1452331543
-0.1851654053
0.2229156494
0.0982666016
-0.1672821045
0.2940216064
-0.2946472168
0.0757751465
0.2869262695
-0.1400756836
0.2427520752
-0.2036743164
0.1725006104
0.2257080078
0.2640838623
0.4295806885
-0.0031890869
-0.0080566406
0.0074005127
0.0014648438
-0.0015411377
0.0162811279
-0.0072174072
-0.0096740723
-0.0006408691
-0.0011596680
0.0110626221
0.0027923584
-0.0080108643
0.0118255615
-0.0010986328
0.0144042969
0.0003509521
-0.0053863525
0.0088500977
0.0084228516
0.0002441406
0.0095367432
-0.0086517334
0.0084838867
0.0086669922
-0.0054168701
-0.0113677979
-0.0072326660
-0.0117034912
-0.0011444092
-0.0130615234
0.0028076172
0.0069274902
-0.0147552490
0.0088348389
0.0042419434
0.0118560791
0.0086212158
-0.0126037598
0.0105895996
-0.0101013184
0.0231018066
0.0043640137
0.0197448730
0.0118865967
-0.0064849854
-0.0071258545
-0.0039978027
0.0000610352
-0.0002288818
0.0089263916
-0.0184783936
0.0137939453
0.0054321289
0.0184326172
0.0009765625
0.0068969727
-0.0162658691
-0.0112304688
-0.0055541992
-0.0204315186
0.0042572021
-0.0000610352
0.0107727051
