-0.0017700195
0.0015258789
0.0066528320
-0.0116882324
0.0328826904
-0.0009613037
-0.0115509033
-0.0215148926
-0.0054321289
-0.0045318604
0.0083465576
-0.0175018311
-0.0143280029
-0.0038146973
0.0186462402
-0.0044250488
0.0035705566
-0.0015563965
-0.0032806396
0.0050048828
-0.0023956299
-0.0028076172
-0.0043182373
-0.0039062500
-0.0051269531
-0.0025329590
-0.0045471191
-0.0025177002
0.0020141602
0.0054931641
0.0012969971
-0.0015411377
0.0133209229
0.0039367676
-0.0004577637
-0.0041198730
0.0103759766
0.0076599121
-0.0109405518
0.0005493164
0.0059814453
0.0131530762
-0.0080413818
0.0128631592
-0.0038452148
-0.0014801025
-0.0110778809
-0.0146942139
-0.0027618408
0.0268249512
0.0554809570
-0.0305175781
0.0020904541
-0.0578460693
-0.0457153320
0.0162353516
-0.0527343750
-0.0260620117
-0.0342102051
-0.0521087646
0.0119628906
-0.0043792725
-0.0468292236
0.0184173584
-0.0132293701
0.0218505859
-0.0196990967
-0.0171051025
0.0111999512
-0.0117034912
0.0269775391
0.0205993652
0.0150299072
-0.0046539307
-0.0056457520
-0.0132904053
0.0028533936
0.0037536621
0.0023651123
-0.0194549561
-0.0057067871
0.0083465576
-0.0019989014
0.0069427490
0.0055236816
0.0012512207
-0.0052032471
0.0027313232
0.0047912598
0.0040435791
-0.0098876953
0.0077362061
-0.0044250488
0.0236358643
0.0046234131
-0.0021209717
0.0106964111
0.0026550293
0.0139770508
-0.0018157959
0.0032348633
-0.0228424072
0.0040283203
-0.0110321045
0.0180969238
-0.0070800781
0.0047149658
0.0085296631
-0.0025634766
-0.0145568848
-0.0072479248
-0.0037841797
-0.2108764648
-0.2034606934
0.1798858643
-0.2954711914
-0.2350311279
0.2585754395
-0.3092803955
-0.2280578613
-0.0057373047
0.2300109863
0.0877227783
0.3148040771
0.2204742432
-0.3062591553
-0.2119140625
-0.0587005615
0.0086517334
-0.0066680908
0.0055999756
0.0003662109
0.0115966797
0.0059509277
0.0034179688
-0.0097198486
0.0165405273
-0.0119934082
0.0000915527
-0.0099487305
-0.0085906982
0.0128784180
0.0083160400
-0.0096588135
-0.0018920898
-0.0019836426
-0.0002746582
0.0073547363
0.0067749023
0.0035705566
-0.0025177002
0.0042877197
0.0134887695
-0.0071563721
-0.0039978027
-0.0012054443
0.0012512207
0.0046386719
-0.0004577637
-0.0102233887
