0.0069274902
0.0007781982
-0.0037536621
-0.0009002686
-0.0017700195
0.0035095215
0.0010223389
0.0005187988
-0.0038604736
0.0077209473
0.0010833740
0.0081481934
0.0006256104
-0.0008392334
-0.0027465820
0.0035400391
0.0095825195
-0.0096588135
-0.0063476562
0.0119323730
0.0012817383
-0.0091400146
0.0044097900
-0.0103912354
-0.0118408203
0.0004272461
-0.0066223145
-0.0049591064
0.0010986328
0.0137176514
0.0083465576
-0.0118865967
0.0041198730
-0.0004577637
0.0098724365
-0.0018920898
0.0021362305
0.0017700195
-0.0010070801
-0.0038909912
0.0064392090
-0.0015716553
-0.0030364990
0.0000000000
0.0025024414
-0.0003662109
-0.0019073486
0.0009155273
0.0047454834
-0.0000915527
-0.0106353760
-0.0055236816
0.0045928955
0.0134429932
-0.0014038086
-0.0276794434
0.0125732422
-0.0139160156
0.0073547363
0.0122833252
-0.0090637207
-0.0065765381
0.0046844482
-0.0044250488
0.0056762695
0.0184020996
0.0049285889
-0.0216064453
0.0081939697
0.0093231201
-0.0000915527
-0.0072479248
-0.0020751953
0.0072937012
0.0068664551
0.0056457520
-0.0104064941
-0.0055999756
-0.0010833740
0.0167541504
-0.0027923584
0.0034637451
0.0071716309
-0.0072937012
0.0083312988
0.0019531250
-0.0062255859
-0.0088043213
0.0041656494
0.0036010742
0.0041351318
-0.0034790039
-0.0090332031
0.0036163330
0.0077362061
0.0061645508
0.0337524414
0.3605041504
0.1207580566
0.2520904541
-0.2599029541
-0.2748565674
0.3081817627
0.2753448486
0.0690002441
0.1591033936
-0.1991271973
-0.1997222900
0.1432647705
-0.3182983398
-0.1324615479
-0.3730621338
0.0046539307
-0.0013885498
-0.0031890869
0.0036163330
0.0050506592
0.0042419434
0.0019226074
-0.0032653809
0.0034942627
0.0033721924
-0.0098571777
-0.0005493164
-0.0127716064
0.0040740967
0.0004730225
0.0030059814
-0.0021972656
0.0018920898
-0.0028228760
0.0037841797
-0.0048217773
-0.0020751953
-0.0015106201
0.0030059814
-0.0050659180
-0.0010986328
-0.0103912354
0.0023193359
0.0079193115
-0.0010223389
-0.0018768311
0.0002593994
-0.0014343262
0.0063934326
0.0004119873
0.0006561279
-0.0011444092
-0.0031585693
-0.0019073486
0.0002441406
-0.0007629395
0.0015869141
0.0010681152
0.0014495850
0.0000762939
-0.0007324219
0.0035552979
-0.0001220703
