-0.0046234131
-0.0001373291
-0.0023193359
-0.0053558350
0.0013275146
-0.0033874512
-0.0040588379
-0.0055847168
0.0001525879
-0.0024871826
-0.0050201416
0.0000152588
-0.0001983643
0.0006866455
0.0089263916
0.0005950928
0.0012817383
-0.0027770996
0.0027465820
0.0013885498
0.0066528320
-0.0012512207
0.0032653809
-0.0020446777
-0.0012512207
-0.0001983643
0.0055541992
0.0049591064
-0.0040588379
0.0016174316
0.0010986328
0.0015563965
-0.0115814209
-0.0023956299
-0.0093841553
-0.0081329346
-0.0035552979
-0.0195617676
0.0057678223
0.0033721924
-0.0129699707
-0.0230712891
-0.0150451660
0.0063934326
-0.0066833496
-0.0121307373
-0.0078582764
0.0233154297
-0.0062561035
0.0032043457
0.0443420410
0.0047454834
0.0149536133
-0.0351562500
-0.0248413086
0.0217590332
-0.0354919434
-0.0190582275
-0.0170440674
-0.0190124512
0.0049896240
-0.0036468506
-0.0071411133
0.0194549561
-0.2887573242
-0.0890197754
-0.2954254150
-0.0166778564
0.0191955566
-0.3138122559
0.3272552490
0.3208465576
0.3711242676
-0.3044891357
-0.0908508301
-0.2693176270
0.1259460449
0.2475128174
-0.0590667725
-0.1513519287
0.0019531250
-0.0048065186
-0.0135345459
0.0068969727
0.0072784424
-0.0102081299
-0.0042877197
0.0008544922
-0.0090179443
-0.0212554932
0.0075988770
0.0052032471
-0.0005493164
0.0001068115
-0.0052795410
-0.0003204346
0.0057678223
-0.0050048828
-0.0057983398
0.0017547607
-0.0083923340
0.0075225830
0.0004577637
0.0009460449
-0.0080871582
0.0147399902
-0.0055084229
0.0045471191
-0.0054779053
0.0012664795
-0.0005035400
0.0123138428
0.0081481934
0.0267181396
-0.0073547363
0.0121917725
0.0119781494
-0.0116729736
0.0256347656
0.0008697510
-0.0015869141
-0.0135040283
-0.0185546875
-0.0250549316
0.0015716553
0.0249786377
0.0082092285
-0.0004272461
-0.0069580078
0.0033569336
-0.0121154785
-0.0059204102
-0.0043487549
-0.0071868896
0.0023956299
0.0021667480
-0.0029144287
-0.0120086670
-0.0097351074
0.0020599365
-0.0090942383
-0.0033874512
0.0042114258
0.0008087158
-0.0299072266
0.0055084229
0.0084838867
-0.0095825195
-0.0126953125
-0.0005187988
0.0017395020
0.0170898438
0.0060882568
0.0021667480
-0.0151672363
-0.0041656494
-0.0020141602
-0.0153350830
0.0118560791
0.0025482178
