-0.0010223389
0.0009155273
-0.0034179688
-0.0004577637
0.0003967285
0.0031738281
0.0019226074
-0.0051269531
-0.0006866455
0.0033569336
-0.0037689209
0.0010833740
0.0029602051
0.0014038086
-0.0010070801
0.0003356934
-0.0063171387
0.0168609619
-0.0087280273
-0.0053863525
0.0016479492
0.0016021729
0.0091247559
0.0060424805
0.0093994141
0.0106658936
-0.0170288086
-0.0093536377
0.0301208496
-0.0072021484
-0.0152587891
0.0035095215
0.0074310303
0.0036926270
0.0070190430
0.0047302246
0.0052795410
0.0050659180
-0.0055999756
-0.0049591064
0.0064544678
0.0010986328
0.0068206787
-0.0036315918
-0.0024414062
-0.0019378662
0.0021209717
-0.0009613037
-0.0050811768
0.0050048828
0.0073699951
-0.0094451904
-0.0043792725
0.0073242188
-0.0039215088
0.0003509521
0.0010375977
-0.0135650635
-0.0036010742
0.0049438477
-0.0007019043
0.0008850098
0.0022125244
-0.0049896240
-0.0042877197
0.0068359375
-0.0097351074
-0.0129089355
-0.0107269287
-0.0022277832
0.0063323975
0.0171508789
0.0161437988
-0.0082092285
0.0064392090
0.0088500977
-0.0137329102
-0.0118560791
0.0070800781
-0.0054016113
0.0108489990
-0.0003509521
-0.0069274902
0.0020599365
0.0027618408
-0.0093536377
0.0075531006
-0.0089416504
-0.0090789795
0.0008392334
0.0017242432
0.0004119873
-0.0035247803
-0.0118408203
-0.0050659180
-0.0058288574
-0.0901641846
0.3046722412
0.0091400146
0.2458190918
-0.2504119873
-0.2017211914
0.3064270020
0.3185577393
0.0210113525
0.1665802002
-0.3560333252
-0.0027465820
0.1891479492
-0.3812561035
-0.0484161377
-0.3626251221
-0.0023193359
0.0024261475
0.0006561279
0.0015869141
0.0027313232
0.0108489990
0.0027770996
0.0016021729
0.0047760010
-0.0063171387
-0.0032348633
-0.0013275146
-0.0051116943
-0.0027618408
0.0003967285
-0.0030822754
-0.0009613037
-0.0000305176
0.0045776367
0.0011444092
-0.0004577637
0.0012207031
-0.0044555664
0.0016784668
-0.0008239746
0.0052032471
-0.0022277832
0.0047607422
-0.0007934570
0.0046691895
-0.0007934570
0.0003204346
0.0007171631
-0.0039367676
0.0017395020
-0.0030822754
0.0028381348
0.0022125244
0.0032653809
0.0010528564
0.0036163330
-0.0039062500
-0.0022583008
-0.0017395020
-0.0052337646
0.0008392334
0.0014801025
0.0026245117
