-0.3212280273
-0.3539581299
0.2361297607
-0.2271270752
0.2204895020
-0.2868194580
-0.2031250000
0.0811309814
0.1934204102
-0.1600799561
0.2345733643
-0.0243072510
-0.2212219238
-0.1885986328
-0.0463409424
0.3585968018
0.0076599121
-0.0073089600
0.0020294189
0.0075073242
-0.0055389404
-0.0051879883
0.0110931396
-0.0092163086
-0.0073242188
-0.0026092529
0.0021820068
-0.0028839111
-0.0050964355
0.0061035156
-0.0123138428
0.0086059570
0.0031890869
0.0054473877
-0.0070648193
-0.0116882324
-0.0232543945
0.0048675537
-0.0013275146
0.0186004639
-0.0077209473
0.0102996826
-0.0065765381
-0.0013885498
-0.0174407959
-0.0112457275
-0.0234375000
-0.0175628662
0.0078582764
0.0014343262
0.0040588379
0.0063629150
-0.0123443604
0.0147705078
0.0030212402
0.0010070801
-0.0128936768
-0.0065612793
0.0090026855
0.0161132812
-0.0131683350
-0.0188293457
0.0008697510
-0.0141143799
-0.0147857666
0.0376281738
-0.0202636719
0.0124969482
0.0469055176
-0.0196533203
0.0192260742
0.0199279785
0.0200653076
-0.0161590576
0.0281372070
0.0036163330
-0.0192565918
0.0010681152
-0.0110778809
-0.0118255615
0.0134887695
0.0008239746
0.0075073242
-0.0083770752
-0.0034179688
0.0072479248
0.0027770996
0.0121307373
-0.0052337646
-0.0053253174
-0.0091857910
-0.0008087158
-0.0048065186
0.0113220215
-0.0100097656
-0.0003967285
-0.0658874512
0.0449371338
0.0143127441
0.0417633057
-0.0493621826
-0.0022125244
0.0309906006
0.0723876953
-0.0301361084
0.0406036377
-0.0740203857
-0.0389404297
0.0622253418
-0.0417022705
0.0074157715
-0.0358123779
-0.0011901855
-0.0025939941
-0.0046386719
0.0005187988
0.0030670166
0.0046997070
0.0053253174
0.0013427734
0.0137634277
-0.0059814453
0.0030670166
0.0030975342
-0.0040588379
-0.0020294189
-0.0025329590
0.0010681152
0.0064239502
-0.0028381348
0.0200653076
0.0135040283
-0.0000152588
0.0106964111
-0.0124969482
-0.0000915527
0.0019378662
0.0124511719
0.0235900879
-0.0036621094
0.0083312988
-0.0025024414
0.0019989014
0.0062408447
-0.0017242432
0.0236206055
0.0160522461
-0.0269622803
0.0052337646
0.0338745117
0.0148773193
0.0328521729
0.0184020996
-0.0123901367
0.0110626221
-0.0247039795
-0.0198516846
0.0121154785
-0.0140533447
0.0296020508
