-0.0032348633
0.0017852783
-0.0086822510
-0.0088806152
0.0058898926
-0.0154724121
-0.0004882812
0.0050811768
0.0135955811
-0.0098114014
-0.0017089844
0.0106048584
0.0045166016
0.0030059814
0.0123443604
-0.0045776367
0.0007171631
-0.0030670166
0.0038146973
0.0006103516
0.0078430176
-0.0007019043
0.0019378662
-0.0011596680
-0.0008544922
-0.0014648438
0.0053710938
-0.0051574707
-0.0048522949
0.0008850098
-0.0012969971
0.0032958984
0.0025787354
0.0025634766
-0.0021972656
-0.0048828125
0.0060729980
-0.0012207031
-0.0055999756
-0.0001831055
0.0051269531
-0.0024108887
-0.0055999756
0.0017395020
-0.0037231445
-0.0050201416
0.0004425049
0.0030059814
0.0067901611
-0.0048522949
-0.0025177002
-0.0026702881
-0.0016174316
-0.0038299561
0.0050811768
-0.0005645752
-0.0016632080
-0.0032653809
-0.0042724609
0.0043792725
-0.0000457764
-0.0011138916
0.0050506592
-0.0003814697
-0.3070983887
0.0141448975
-0.3032836914
-0.0769958496
-0.0041046143
-0.3161315918
0.3553619385
0.3092041016
0.3589477539
-0.3085784912
-0.0824127197
-0.2819213867
0.0108032227
0.2560882568
0.0546112061
-0.0716705322
0.0027160645
0.0005950928
-0.0091857910
0.0032348633
0.0050659180
-0.0070343018
0.0003204346
-0.0058288574
-0.0025939941
0.0027618408
-0.0006103516
0.0055389404
-0.0087280273
-0.0011291504
0.0012359619
-0.0027008057
0.0124511719
-0.0009918213
-0.0007019043
-0.0012512207
-0.0021362305
0.0071716309
-0.0005950928
0.0039062500
0.0040740967
0.0028381348
-0.0113372803
0.0043792725
-0.0031433105
-0.0045471191
-0.0061492920
0.0016021729
0.0007934570
0.0049743652
-0.0002136230
0.0001068115
0.0056610107
-0.0028839111
0.0035247803
-0.0013427734
-0.0016021729
-0.0002746582
0.0050811768
-0.0006408691
0.0020446777
0.0024261475
-0.0009155273
0.0037078857
-0.0013580322
-0.0029144287
-0.0007324219
-0.0104675293
0.0037536621
0.0017700195
-0.0026092529
0.0037689209
-0.0019836426
-0.0030059814
-0.0031127930
0.0064239502
-0.0003814697
0.0025939941
-0.0004272461
-0.0004882812
-0.0016174316
-0.0072021484
-0.0011596680
-0.0025329590
0.0058135986
0.0041656494
0.0034484863
0.0005493164
0.0094757080
-0.0065307617
-0.0113220215
-0.0001068115
-0.0056762695
0.0002746582
-0.0041656494
-0.0037841797
