-0.2279052734
-0.2833404541
0.1607055664
-0.2662353516
0.3317718506
-0.2302551270
-0.2319946289
0.1589508057
0.1552886963
-0.1810302734
0.3142395020
0.1923370361
-0.2402343750
-0.2233734131
-0.0411987305
0.3124389648
0.0027008057
-0.0002899170
-0.0043029785
0.0027923584
-0.0019683838
-0.0021514893
0.0016632080
-0.0019989014
-0.0022430420
0.0015258789
-0.0005645752
-0.0038146973
0.0031127930
0.0019531250
-0.0021362305
-0.0011138916
0.0182495117
-0.0111541748
0.0043334961
0.0191040039
0.0003967285
0.0037384033
-0.0047454834
0.0039367676
0.0050659180
0.0196838379
0.0049591064
0.0109252930
-0.0135192871
-0.0092163086
0.0104370117
-0.0176239014
0.0037689209
-0.0063171387
-0.0212554932
-0.0027770996
-0.0003662109
0.0002136230
0.0118103027
0.0022430420
0.0030822754
0.0066375732
0.0018768311
-0.0062103271
-0.0041656494
0.0066375732
0.0018310547
-0.0021514893
0.0008087158
-0.0000610352
0.0058898926
-0.0176086426
0.0038146973
0.0039215088
-0.0048217773
0.0097808838
-0.0123596191
0.0077209473
0.0126342773
0.0080413818
-0.0004425049
0.0050506592
0.0099334717
0.0054168701
-0.0180511475
-0.0066070557
0.0392761230
0.0107727051
-0.0255432129
0.0396728516
-0.0015716553
0.0334777832
0.0512084961
-0.0235748291
0.0196685791
-0.0056152344
0.0225524902
0.0359649658
0.0445404053
0.0460357666
0.0103302002
-0.0009918213
-0.0004425049
-0.0081939697
-0.0004882812
-0.0072784424
0.0005645752
0.0026092529
-0.0011749268
0.0067138672
0.0047149658
-0.0071411133
0.0048065186
-0.0023956299
-0.0077514648
-0.0004882812
0.0039978027
0.0020141602
-0.0038146973
0.0065765381
0.0039520264
-0.0043334961
0.0050964355
0.0014495850
-0.0029296875
-0.0023193359
0.0058288574
-0.0036315918
-0.0043640137
0.0073089600
0.0003356934
0.0050201416
-0.0023651123
0.0025939941
-0.0013427734
-0.0052490234
-0.0094146729
0.0071868896
0.0015411377
0.0015716553
-0.0074157715
-0.0038909912
-0.0037536621
-0.0009002686
0.0028381348
-0.0067749023
-0.0045318604
0.0067138672
0.0082702637
-0.0147857666
-0.0039520264
0.0009460449
-0.0078735352
-0.0056457520
-0.0054626465
-0.0067291260
-0.0122070312
0.0116577148
-0.0160369873
0.0050048828
0.0061187744
0.0046844482
-0.0018768311
0.0023651123
