0.0031585693
-0.0067749023
-0.0070953369
-0.0149230957
-0.0018310547
-0.0273437500
-0.0067749023
0.0175781250
0.0074768066
-0.0058135986
0.0056762695
0.0122070312
0.0023345947
0.0024414062
0.0090332031
0.0115509033
-0.0007324219
-0.0013732910
0.0009002686
0.0011291504
-0.0018920898
-0.0002288818
0.0030212402
-0.0011596680
-0.0010833740
0.0040740967
0.0078735352
-0.0037689209
-0.0019378662
0.0010986328
-0.0030212402
-0.0020446777
0.0037994385
0.0039825439
0.0027465820
0.0159149170
0.0195465088
0.0063323975
-0.0046691895
0.0008544922
0.0035400391
0.0137176514
0.0057067871
-0.0030517578
0.0032806396
-0.0056610107
0.0150604248
-0.0113220215
0.0030517578
-0.0077667236
-0.0039825439
-0.0011596680
-0.0028228760
0.0038909912
0.0083312988
0.0178375244
-0.0098114014
-0.0055694580
-0.0046997070
0.0071105957
-0.0096740723
0.0016784668
0.0072021484
-0.0046081543
-0.3058624268
-0.0972137451
-0.2735137939
0.0273132324
-0.0767822266
-0.3290710449
0.3100433350
0.2803497314
0.3475799561
-0.3146057129
-0.0621948242
-0.3085479736
0.0437622070
0.3441772461
-0.0135803223
-0.1021881104
-0.0075073242
0.0233154297
0.0081634521
-0.0209655762
-0.0060272217
0.0062561035
-0.0023651123
-0.0032501221
0.0049438477
-0.0055847168
-0.0183563232
-0.0081481934
-0.0074157715
-0.0010986328
0.0107727051
-0.0180816650
0.0002899170
-0.0028228760
-0.0006103516
-0.0020294189
0.0003204346
0.0017700195
0.0002441406
0.0026855469
-0.0016174316
-0.0011444092
-0.0021667480
0.0070953369
0.0066680908
0.0005645752
0.0036773682
0.0023956299
0.0040130615
0.0018615723
-0.0053863525
0.0063781738
0.0018768311
-0.0055999756
0.0066070557
-0.0002288818
0.0000915527
-0.0013580322
-0.0070190430
-0.0031433105
-0.0041351318
0.0054626465
0.0009155273
0.0009765625
-0.0018615723
0.0015563965
-0.0135498047
0.0071258545
-0.0004425049
0.0039978027
-0.0145721436
0.0015716553
-0.0019683838
0.0139160156
-0.0011444092
0.0016174316
0.0111541748
0.0055847168
-0.0019989014
-0.0009002686
0.0029602051
0.0025482178
-0.0022430420
-0.0027160645
-0.0001678467
-0.0036010742
0.0025939941
-0.0049285889
-0.0032806396
-0.0019378662
-0.0000152588
0.0036773682
-0.0021057129
-0.0002593994
-0.0031433105
-0.0030670166
