-0.0028686523
0.0008850098
-0.0062866211
-0.0087127686
0.0137939453
-0.0136566162
-0.0045776367
0.0018157959
0.0000915527
0.0000152588
0.0000915527
-0.0030975342
-0.0022735596
-0.0047912598
0.0054016113
0.0028381348
0.0024414062
-0.0006866455
-0.0035400391
0.0054931641
0.0074310303
-0.0016479492
-0.0062408447
-0.0040893555
-0.0055847168
-0.0035705566
0.0004119873
-0.0067443848
-0.0057983398
0.0050354004
-0.0005798340
0.0018920898
0.0037078857
0.0045776367
0.0010223389
-0.0026855469
0.0065307617
-0.0013732910
0.0004577637
-0.0054626465
0.0151062012
-0.0037384033
0.0034332275
-0.0080718994
0.0095672607
-0.0176544189
0.0157623291
0.0101013184
-0.0002441406
-0.0074920654
0.0028076172
0.0039062500
-0.0034484863
-0.0041046143
-0.0020599365
0.0044555664
-0.0066680908
-0.0007781982
-0.0001525879
-0.0016632080
-0.0010223389
-0.0052795410
0.0119628906
-0.0027618408
-0.2899169922
-0.1618804932
-0.2669067383
0.0817260742
-0.1930541992
-0.3008575439
0.2815551758
0.2620391846
0.3358612061
-0.3075714111
-0.1109771729
-0.3246765137
0.1438293457
0.2872924805
-0.0485534668
-0.1543273926
-0.0007781982
0.0066375732
-0.0007171631
-0.0062103271
-0.0005645752
0.0011444092
0.0007019043
-0.0035095215
0.0015563965
-0.0028839111
-0.0041198730
-0.0009765625
-0.0021362305
0.0028076172
0.0026245117
-0.0044708252
-0.0019378662
0.0025177002
0.0022430420
-0.0003051758
-0.0025482178
-0.0017089844
-0.0014190674
0.0014495850
0.0015258789
0.0078735352
-0.0010986328
0.0018615723
0.0045166016
0.0015716553
-0.0051116943
0.0012359619
-0.0029144287
0.0005645752
-0.0037536621
0.0019683838
0.0063629150
-0.0034027100
0.0042266846
0.0039367676
-0.0044555664
-0.0030517578
-0.0046234131
0.0035400391
-0.0029144287
-0.0007324219
0.0041656494
0.0004730225
-0.0216674805
0.0177612305
0.0007781982
-0.0053558350
-0.0121002197
0.0051727295
-0.0122528076
0.0136871338
-0.0001373291
-0.0044860840
0.0005645752
0.0093383789
0.0073852539
0.0146636963
-0.0001525879
-0.0008087158
-0.0137023926
-0.0020446777
-0.0048828125
-0.0136718750
-0.0000305176
-0.0003356934
0.0099945068
0.0042724609
0.0037536621
-0.0080566406
0.0256652832
-0.0045318604
-0.0143890381
-0.0000457764
-0.0019836426
0.0046234131
