0.0041351318
0.0030670166
-0.0044403076
-0.0051879883
0.0219421387
-0.0029449463
-0.0126342773
0.0045318604
-0.0161743164
-0.0073699951
-0.0041809082
-0.0044250488
-0.0030212402
-0.0009765625
-0.0005950928
-0.0042724609
-0.0041198730
0.0056610107
-0.0072021484
-0.0025939941
-0.0067901611
0.0023040771
-0.0077972412
0.0024719238
0.0028991699
0.0057830811
0.0021514893
-0.0012207031
0.0043792725
-0.0014343262
0.0062255859
0.0003662109
-0.0073089600
-0.0232543945
0.0345306396
0.0173492432
0.0264129639
0.0053253174
-0.0011901855
-0.0221099854
-0.0249633789
-0.0002593994
-0.0145874023
-0.0061645508
0.0151519775
-0.0155792236
0.0195922852
-0.0141906738
-0.0189514160
-0.0095977783
-0.0315704346
-0.0018768311
-0.0113372803
0.0024261475
0.0056610107
0.0083923340
0.0061492920
-0.0037994385
-0.0016174316
0.0019836426
-0.0341339111
0.0242614746
-0.0073242188
-0.0213928223
-0.0010223389
0.0052490234
-0.0044555664
0.0329742432
-0.0113983154
-0.0044403076
0.0088958740
0.0030517578
-0.0032958984
0.0044860840
-0.0286407471
-0.0074920654
-0.0051116943
0.0124664307
-0.0001831055
0.0076904297
0.0061187744
-0.0000305176
0.0041809082
-0.0031890869
-0.0038452148
-0.0048980713
0.0075836182
-0.0036010742
0.0016784668
-0.0068664551
-0.0164642334
0.0130615234
0.0052947998
-0.0024566650
-0.0124511719
-0.0111694336
0.0088806152
0.0007171631
-0.0064849854
-0.0033111572
0.0016479492
-0.0024719238
-0.0036926270
-0.0026092529
-0.0011596680
0.0030517578
0.0035705566
-0.0053253174
0.0068359375
0.0006408691
0.0007019043
-0.0012054443
-0.2271270752
-0.2970886230
0.1919403076
-0.0175018311
-0.2172241211
0.2793579102
-0.2566833496
-0.2281188965
0.0402374268
0.2244720459
-0.1435394287
0.3157348633
0.1378326416
-0.3182220459
-0.2003479004
-0.2147674561
0.0006256104
0.0068206787
0.0137939453
0.0094604492
-0.0046997070
0.0212249756
-0.0178070068
-0.0034484863
-0.0055541992
0.0007171631
0.0090026855
-0.0053558350
0.0140380859
-0.0164642334
-0.0092926025
0.0053405762
-0.0113830566
0.0000000000
0.0085296631
-0.0001831055
0.0037841797
-0.0018463135
0.0114440918
-0.0068054199
-0.0025482178
-0.0062408447
-0.0079803467
0.0015563965
0.0021514893
-0.0007019043
0.0067138672
-0.0044403076
