-0.0060119629
-0.0088806152
0.0137329102
-0.0093688965
0.0080413818
-0.0005340576
-0.0179748535
-0.0058593750
-0.0124969482
-0.0177459717
0.0012512207
0.0066375732
-0.0158691406
-0.0068969727
0.0070953369
0.0130004883
-0.0022125244
0.0062408447
-0.0020446777
-0.0017700195
-0.0036010742
0.0036010742
-0.0163116455
0.0012054443
0.0012207031
-0.0090179443
0.0000457764
0.0041961670
0.0045166016
-0.0022735596
-0.0012817383
-0.0074768066
0.0006103516
0.0070953369
-0.0053558350
-0.0044860840
0.0024261475
0.0007476807
-0.0007171631
-0.0020294189
0.0031585693
0.0017852783
0.0003509521
-0.0034027100
0.0060272217
-0.0085906982
0.0032196045
0.0013427734
0.0017852783
-0.0149841309
-0.0144195557
0.0170135498
0.0103454590
0.0136566162
0.0068511963
0.0019836426
0.0110931396
0.0078582764
0.0046691895
0.0076141357
0.0018310547
-0.0081024170
0.0045623779
0.0061492920
0.0014648438
0.0032043457
0.0003814697
-0.0050811768
-0.0028533936
0.0000305176
0.0060424805
0.0063629150
0.0050811768
0.0039825439
-0.0088500977
0.0025939941
0.0050201416
0.0025177002
0.0074615479
-0.0012969971
-0.1264190674
-0.1061859131
0.1606750488
0.1321563721
-0.2164154053
0.2410736084
-0.2307739258
0.0585784912
0.3010559082
-0.1866302490
0.2081298828
-0.2088165283
0.1263427734
0.3277130127
0.3082580566
0.3959655762
0.0125427246
-0.0126342773
0.0009307861
-0.0202636719
0.0055694580
0.0183563232
-0.0167388916
-0.0050201416
0.0122375488
0.0105895996
0.0024871826
0.0106811523
0.0117187500
0.0051727295
-0.0181427002
0.0111999512
0.0033416748
0.0029296875
-0.0088195801
-0.0108642578
-0.0015106201
-0.0107269287
0.0005187988
0.0031280518
-0.0046844482
0.0044708252
0.0195312500
-0.0137023926
-0.0058441162
0.0126037598
-0.0021667480
0.0067138672
-0.0030670166
-0.0001220703
0.0157928467
0.0028076172
0.0011596680
0.0052490234
0.0065155029
0.0034179688
0.0038604736
0.0048675537
0.0004425049
0.0021057129
-0.0074920654
0.0124511719
0.0025024414
-0.0050048828
0.0167846680
-0.0339050293
-0.0289611816
0.0539398193
0.0077667236
-0.0471954346
-0.0451965332
-0.0074310303
-0.0122375488
0.0322570801
-0.0316314697
0.0405731201
0.0404205322
0.0293273926
0.0053253174
-0.0576324463
