0.0112304688
0.0163574219
-0.0223541260
0.0012664795
-0.0014648438
0.0038909912
0.0079803467
-0.0114288330
-0.0094451904
0.0111846924
-0.0089111328
-0.0033111572
0.0103607178
0.0098266602
-0.0048370361
-0.0163726807
-0.0027008057
0.0070037842
-0.0092315674
0.0020446777
0.0012512207
-0.0011138916
0.0033721924
-0.0011291504
0.0000152588
0.0035095215
0.0009765625
-0.0091705322
0.0102844238
0.0020294189
-0.0070953369
-0.0010070801
-0.0006103516
-0.0032806396
0.0132751465
0.0003814697
-0.0079345703
-0.0106201172
-0.0069122314
-0.0081024170
-0.0148010254
-0.0227813721
-0.0090484619
-0.0012359619
-0.0027008057
-0.0194702148
-0.0072021484
0.0105133057
0.0068664551
0.0061492920
0.0100250244
-0.0068206787
-0.0021972656
0.0001983643
-0.0088806152
-0.0015869141
0.0048828125
-0.0087738037
0.0009918213
-0.0005645752
-0.0085601807
0.0023498535
0.0037841797
-0.0060729980
-0.0032958984
0.0102691650
-0.0044250488
-0.0048675537
-0.0071105957
-0.0023345947
0.0083160400
0.0119934082
0.0108032227
-0.0030670166
0.0003967285
0.0034332275
0.0013732910
-0.0014953613
0.0008544922
-0.0040283203
0.0036315918
0.0034484863
-0.0077056885
-0.0005340576
0.0079193115
-0.0018005371
0.0081024170
-0.0003356934
0.0035858154
0.0020599365
0.0018157959
0.0033416748
-0.0016937256
0.0005187988
-0.0042877197
-0.0021820068
-0.0820617676
0.2913818359
0.0069427490
0.2498321533
-0.2714996338
-0.2247009277
0.3407440186
0.3192443848
-0.0176544189
0.1857604980
-0.3271179199
0.0569152832
0.1567993164
-0.3737640381
-0.0390625000
-0.3438873291
-0.0036468506
0.0000610352
-0.0062713623
0.0010070801
0.0031585693
0.0003204346
0.0021972656
0.0012512207
-0.0012817383
0.0000610352
0.0035705566
0.0023651123
-0.0060272217
-0.0017089844
0.0010986328
-0.0039062500
0.0013580322
0.0027008057
0.0083618164
0.0053710938
-0.0028381348
0.0050964355
-0.0009002686
-0.0028991699
-0.0016784668
0.0075988770
0.0016021729
0.0002441406
-0.0013275146
0.0024719238
-0.0010223389
0.0045471191
-0.0046234131
0.0013580322
0.0017852783
-0.0015563965
0.0000457764
-0.0004730225
0.0020446777
0.0011596680
0.0012207031
-0.0004119873
-0.0019073486
0.0000000000
-0.0014495850
-0.0040893555
0.0041351318
0.0002136230
