0.0036163330
0.0041198730
-0.0039367676
-0.0029449463
0.0010070801
0.0005340576
-0.0006103516
-0.0018615723
0.0018463135
0.0017242432
-0.0020904541
0.0003051758
-0.0003967285
0.0044860840
0.0022735596
-0.0007934570
0.0023193359
-0.0074157715
0.0046386719
0.0011291504
-0.0029602051
-0.0009307861
-0.0118865967
-0.0016174316
-0.0027770996
-0.0037994385
0.0070343018
0.0076141357
-0.0126953125
0.0016479492
0.0128936768
0.0003204346
-0.0130004883
0.0049743652
-0.0041961670
-0.0153198242
0.0019683838
0.0025787354
0.0136871338
0.0371093750
0.0003662109
0.0158996582
-0.0223541260
0.0049896240
-0.0064544678
-0.0025177002
-0.0233612061
-0.0038757324
-0.0288391113
-0.0058288574
0.0154571533
0.0146179199
0.0194091797
0.0258331299
-0.0068817139
0.0005798340
0.0087890625
0.0173645020
0.0163726807
-0.0188293457
0.0262756348
-0.0126190186
0.0102691650
0.0146789551
-0.0132598877
-0.0101165771
-0.0252075195
-0.0124816895
0.0053863525
-0.0149688721
0.0065155029
0.0112304688
0.0068206787
-0.0212554932
0.0103912354
-0.0097808838
-0.0044555664
0.0001678467
-0.0064697266
-0.0057067871
-0.1441192627
-0.1787567139
0.1301727295
0.1622619629
-0.2266845703
0.2597961426
-0.2228393555
0.0955810547
0.2935180664
-0.0175933838
0.2050018311
-0.2874908447
0.0786285400
0.3435668945
0.2987365723
0.4071960449
0.0075836182
0.0065155029
0.0037231445
0.0042266846
-0.0043487549
-0.0078277588
0.0122680664
0.0059967041
-0.0038452148
-0.0050964355
-0.0101165771
-0.0031890869
-0.0054016113
-0.0110778809
-0.0086975098
-0.0137939453
0.0069427490
0.0155181885
0.0043792725
-0.0071411133
0.0038757324
0.0094604492
-0.0054931641
0.0134887695
-0.0147247314
-0.0071868896
0.0093078613
-0.0196228027
-0.0144348145
0.0078277588
0.0139617920
-0.0072326660
0.0152587891
-0.0115814209
0.0278625488
0.0287322998
0.0085296631
0.0040740967
0.0153350830
-0.0053863525
-0.0065307617
0.0243072510
0.0126495361
0.0015258789
-0.0003356934
-0.0121612549
0.0189819336
0.0109405518
-0.0019073486
-0.0035705566
-0.0008850098
0.0001678467
-0.0002593994
-0.0023498535
-0.0014953613
-0.0041656494
-0.0029754639
0.0016632080
-0.0005187988
0.0023193359
0.0007476807
0.0026855469
-0.0001831055
-0.0009307861
