-0.0036315918
0.0036010742
-0.0105590820
-0.0214385986
0.0431213379
-0.0160064697
-0.0141601562
-0.0220031738
-0.0041656494
-0.0000457764
0.0010833740
0.0021820068
0.0018615723
-0.0014495850
0.0101928711
-0.0101623535
-0.0092163086
0.0112762451
-0.0054321289
-0.0120544434
-0.0022277832
0.0080413818
-0.0052490234
0.0137329102
0.0089111328
0.0034332275
-0.0097808838
-0.0082855225
0.0022430420
-0.0100555420
0.0199890137
-0.0034790039
-0.0021209717
0.0025939941
0.0053710938
0.0029907227
0.0049285889
0.0006866455
0.0024566650
0.0008850098
-0.0013885498
0.0028381348
-0.0016784668
-0.0023193359
0.0050506592
-0.0017700195
0.0022125244
-0.0007324219
0.0014038086
-0.0016326904
0.0033264160
-0.0012207031
-0.0013122559
-0.0014038086
-0.0026550293
0.0019989014
0.0009613037
-0.0005950928
-0.0013122559
0.0021514893
-0.0006408691
-0.0039672852
-0.0027465820
-0.0026702881
0.0065307617
0.0132598877
-0.0093536377
0.0137786865
0.0008239746
0.0048370361
0.0056152344
0.0074005127
-0.0039215088
0.0099487305
-0.0044708252
0.0075683594
0.0139923096
-0.0232849121
-0.0028839111
-0.0059661865
-0.0075836182
0.0009002686
0.0118255615
0.0092926025
0.0148010254
-0.0019378662
-0.0104980469
-0.0122222900
-0.0030517578
0.0145721436
0.0041656494
0.0096130371
-0.0011596680
0.0103454590
-0.0031280518
0.0092163086
-0.0037384033
0.0136871338
0.0030364990
0.0087127686
0.0057983398
-0.0240936279
-0.0014343262
-0.0069732666
0.0067901611
0.0175628662
0.0024261475
-0.0062408447
-0.0019531250
-0.0032501221
0.0008697510
0.0016479492
0.0139312744
0.0183715820
-0.0000457764
0.0081024170
0.0166778564
-0.0048980713
0.0237274170
-0.0037994385
0.0079040527
-0.0110626221
0.0091705322
0.0001983643
0.0049285889
0.0067138672
0.0068054199
0.0017852783
-0.0067901611
-0.0030822754
0.0051574707
-0.0095825195
0.0005950928
-0.0100555420
0.0173339844
0.0021667480
-0.0059356689
-0.0164337158
-0.0202026367
0.0042877197
-0.0141143799
-0.0077056885
0.0118713379
-0.0037231445
0.0857238770
0.0911712646
-0.2171325684
0.2935791016
-0.1038665771
-0.3022766113
-0.2787017822
-0.2358551025
-0.2807312012
0.3111114502
-0.0867919922
0.3005981445
0.3394317627
-0.0431671143
0.0401763916
-0.3124542236
