-0.0821533203
-0.1005249023
0.0805053711
-0.0493774414
0.0994262695
-0.0177001953
-0.0997924805
0.0795898438
0.0473632812
-0.0993652344
0.1762695312
-0.0039672852
-0.0724487305
-0.0758666992
0.0031127930
0.1125488281
0.0140991211
-0.0222778320
-0.0006103516
0.0017089844
-0.0014038086
0.0009155273
-0.0119628906
-0.0077514648
-0.0006713867
0.0107421875
0.0020751953
0.0117187500
0.0025634766
-0.0054931641
0.0004272461
0.0212402344
-0.3543701172
0.0071411133
-0.3130493164
-0.0756835938
-0.0344238281
-0.3118896484
0.3536987305
0.0501708984
-0.3981933594
-0.2929687500
-0.2173461914
0.0116577148
-0.0218505859
-0.1453247070
0.1107788086
0.3210449219
-0.0949707031
0.1321411133
0.1524658203
-0.1289062500
0.1254882812
-0.1845092773
-0.1171264648
0.1146850586
-0.1048583984
-0.1541137695
-0.1511840820
-0.1094970703
0.1716308594
0.1759033203
-0.1477661133
0.2321166992
-0.0032958984
-0.0501098633
0.0194702148
0.0586547852
-0.0084228516
0.0037841797
0.0142822266
-0.0140991211
0.0193481445
0.0367431641
0.0121459961
-0.0332641602
0.0355224609
-0.0059204102
-0.0172119141
-0.0285034180
-0.0072021484
-0.0444946289
0.0324096680
0.0050048828
-0.0513916016
0.0344238281
-0.0018310547
0.0302734375
0.0160522461
-0.0581665039
0.0187377930
0.0170898438
0.0238037109
0.0350341797
0.0234985352
0.0375366211
0.0161132812
-0.0078735352
0.0047607422
-0.0154418945
0.0006103516
0.0129394531
-0.0082397461
0.0098876953
0.0292358398
0.0147705078
0.0114746094
0.0077514648
-0.0187377930
0.0158691406
0.0089111328
0.0123291016
-0.0308227539
-0.0137329102
-0.0237426758
0.0160522461
-0.0142822266
0.0494384766
-0.0220336914
-0.0259399414
0.0070190430
0.0520019531
-0.0275268555
0.0447387695
0.0240478516
-0.0507812500
0.0020141602
-0.0427856445
0.0042724609
0.0046386719
0.0443115234
0.0078125000
0.0108642578
-0.0179443359
0.0036010742
-0.0217285156
0.0100708008
-0.0273437500
-0.0064697266
-0.0122680664
0.0402221680
0.0202636719
-0.0026855469
-0.0087280273
0.0082397461
0.0372314453
0.0034790039
0.0005493164
-0.0115966797
0.0006103516
-0.0014648438
-0.0066528320
-0.0133056641
0.0110473633
-0.0202636719
-0.0026855469
0.0140991211
-0.0071411133
-0.0273437500
0.0059814453
