-0.0030212402
0.0099029541
-0.0199737549
0.0003662109
-0.0216369629
0.0319213867
-0.0122680664
-0.0282897949
-0.0389099121
-0.0247039795
-0.0087432861
0.0091705322
0.0139007568
-0.0071258545
0.0002899170
-0.0191955566
-0.0324859619
0.0228118896
0.0034332275
-0.0264434814
0.0123138428
0.0192260742
0.0260620117
0.0292205811
0.0373229980
0.0330200195
0.0343933105
-0.0169982910
0.0279998779
-0.0264282227
-0.0070190430
-0.0215911865
-0.0969848633
-0.0350646973
-0.0843811035
0.0048217773
0.0117950439
-0.1037139893
0.1054229736
-0.0250091553
-0.0900268555
-0.0712585449
-0.0333709717
-0.0321350098
-0.0015106201
-0.0821990967
0.0409851074
0.0904693604
-0.0184173584
-0.0018157959
-0.0116729736
-0.0096740723
-0.0024871826
-0.0030517578
-0.0044250488
-0.0012207031
-0.0002288818
-0.0022735596
-0.0122680664
-0.0120697021
-0.0021514893
0.0031280518
-0.0145263672
0.0006103516
-0.0094146729
0.0094299316
-0.0080871582
0.0420379639
-0.0057678223
-0.0150909424
0.0099792480
0.0093383789
0.0146484375
-0.0159759521
-0.0179443359
-0.0056915283
0.0172882080
0.0039520264
0.0005950928
0.0123901367
0.0005950928
-0.0047454834
-0.0035247803
0.0061492920
-0.0077667236
0.0046234131
-0.0002288818
0.0020446777
0.0097351074
-0.0106048584
-0.0029754639
-0.0016326904
0.0104980469
0.0083923340
0.0007781982
0.0073089600
-0.0032958984
0.0072784424
-0.0045623779
0.0040130615
-0.0061950684
-0.0054168701
0.0013122559
0.0018920898
0.0113830566
0.0128479004
0.0017700195
0.0041198730
0.0024108887
-0.0012817383
-0.0053253174
0.0004577637
-0.2624664307
-0.2316284180
0.0198364258
0.0169067383
-0.2507781982
0.2631835938
-0.1895294189
-0.2336120605
0.0233917236
0.1954956055
-0.1406250000
0.2302093506
0.1316528320
-0.2337036133
-0.0748596191
-0.1777343750
-0.0017395020
0.0045166016
0.0204315186
-0.0009918213
-0.0012207031
0.0302581787
-0.0054321289
-0.0013580322
-0.0009918213
0.0076141357
0.0191802979
0.0044403076
0.0156402588
0.0022735596
-0.0080566406
0.0019226074
-0.0000762939
-0.0046997070
-0.0357818604
0.0180358887
-0.0344238281
-0.0305938721
-0.0233306885
-0.0272064209
-0.0184936523
0.0276336670
-0.0278320312
0.0367584229
0.0208587646
0.0175170898
-0.0158538818
-0.0364837646
