-0.2329559326
-0.2888336182
0.1629791260
-0.2622070312
0.3129425049
-0.2617797852
-0.1797790527
0.1788482666
0.2119750977
-0.1589965820
0.3003997803
0.2270202637
-0.2229461670
-0.2059936523
-0.0057983398
0.3404235840
0.0172271729
-0.0151367188
-0.0046386719
0.0193023682
0.0048522949
-0.0126037598
0.0047149658
-0.0177001953
-0.0169219971
0.0019531250
0.0034942627
-0.0004425049
-0.0037078857
0.0182342529
0.0066986084
-0.0030822754
0.0050201416
0.0055999756
-0.0000762939
0.0119934082
-0.0020904541
0.0014343262
0.0008850098
0.0149383545
-0.0017547607
0.0111083984
0.0145416260
0.0075073242
-0.0047760010
0.0003967285
0.0129852295
-0.0034027100
0.0012512207
-0.0092315674
-0.0090026855
-0.0016174316
0.0016174316
0.0096740723
0.0071868896
0.0015106201
0.0053863525
-0.0000305176
-0.0014648438
-0.0019378662
0.0015716553
-0.0009460449
0.0029449463
0.0065307617
0.0013580322
-0.0045623779
0.0010223389
-0.0143127441
0.0010528564
0.0036163330
-0.0047607422
0.0035858154
-0.0051269531
0.0002288818
0.0048980713
0.0048675537
-0.0025939941
-0.0026092529
0.0046691895
0.0094299316
-0.0094299316
0.0025177002
0.0108184814
0.0034790039
0.0008087158
0.0068817139
0.0096435547
0.0121459961
0.0164947510
-0.0062561035
0.0043029785
-0.0021514893
0.0095214844
0.0087890625
0.0123748779
0.0033416748
0.0067749023
0.0028991699
0.0147552490
-0.0067596436
-0.0063476562
-0.0043792725
0.0050811768
0.0092926025
0.0073547363
0.0118255615
-0.0042572021
-0.0107727051
0.0021362305
-0.0044250488
-0.0147552490
-0.0073242188
0.0003967285
-0.0022125244
-0.0026092529
0.0032501221
-0.0029296875
0.0000305176
-0.0008697510
-0.0037536621
-0.0094757080
0.0080718994
0.0016326904
-0.0048828125
-0.0056152344
0.0036773682
-0.0048980713
-0.0048828125
-0.0070953369
0.0079650879
-0.0108795166
-0.0183563232
-0.0205078125
-0.0101776123
0.0140075684
0.0030822754
-0.0126800537
-0.0273132324
-0.0223083496
-0.0044250488
-0.0172424316
-0.0144805908
-0.0201721191
0.0092163086
0.0021667480
-0.0048828125
0.0027923584
-0.0028533936
-0.0011901855
0.0014801025
-0.0020904541
0.0018310547
-0.0044555664
0.0050659180
-0.0026702881
-0.0015563965
0.0017089844
0.0073547363
-0.0017852783
0.0054473877
