-0.0011901855
0.0001220703
-0.0037231445
-0.0090637207
0.0039978027
-0.0042572021
-0.0093078613
0.0006713867
0.0003814697
-0.0057373047
-0.0002136230
-0.0038146973
-0.0021362305
0.0038909912
0.0065155029
-0.0008850098
-0.0014648438
0.0033569336
-0.0050201416
-0.0007476807
-0.0030822754
0.0002593994
-0.0025634766
0.0003051758
0.0007781982
-0.0015869141
-0.0031890869
-0.0057678223
0.0051422119
-0.0009460449
-0.0015258789
0.0036468506
-0.3651733398
-0.1940155029
-0.2802886963
0.0469055176
0.0186462402
-0.2870635986
0.3460083008
-0.0110473633
-0.4120635986
-0.2549743652
-0.1621704102
-0.1693420410
0.0633239746
-0.0575866699
0.2602539062
0.2597961426
-0.0037078857
-0.0065765381
-0.0102386475
-0.0082092285
0.0002288818
0.0044097900
0.0002746582
0.0177459717
-0.0171661377
-0.0011138916
0.0062561035
0.0063323975
-0.0092926025
0.0010681152
-0.0144348145
-0.0014343262
0.0047454834
0.0338745117
0.0123748779
-0.0029602051
0.0184478760
-0.0013427734
-0.0000762939
-0.0006408691
0.0001525879
0.0060272217
0.0046539307
0.0151519775
-0.0214996338
0.0090637207
0.0098724365
0.0039672852
-0.0075988770
0.0028839111
0.0010070801
0.0034332275
-0.0003967285
-0.0008544922
0.0076446533
0.0115509033
-0.0049896240
-0.0057830811
-0.0106811523
-0.0014801025
0.0118713379
-0.0067138672
-0.0044708252
-0.0060729980
-0.0014190674
-0.0041961670
0.0021820068
-0.0091857910
0.0027008057
0.0066528320
0.0027160645
0.0067901611
-0.0117645264
-0.0006256104
-0.0019683838
0.0081787109
0.0023040771
-0.0010986328
0.0076599121
-0.0054016113
0.0170898438
0.0101165771
0.0043945312
0.0165557861
0.0103302002
-0.0168914795
0.0128173828
-0.0009613037
0.0005340576
-0.0108184814
0.0108032227
-0.0037841797
0.0008087158
0.0135040283
0.0014190674
0.0198211670
-0.0049133301
-0.0009155273
-0.0094451904
-0.0019989014
0.0038299561
0.0018615723
-0.0032043457
0.0049133301
0.0019226074
-0.0104217529
-0.0011138916
0.0031433105
-0.0046234131
0.0011901855
-0.0018005371
-0.0035247803
0.0176696777
-0.0125732422
-0.0021820068
0.0078125000
0.0077362061
0.0021820068
-0.0010528564
-0.0068664551
0.0013580322
-0.0034027100
-0.0049438477
-0.0029144287
0.0009155273
-0.0033569336
0.0143737793
0.0009307861
