-0.0280914307
-0.0240783691
0.0203399658
-0.0147399902
0.0322418213
0.0000610352
-0.0218963623
0.0531463623
-0.0009918213
-0.0054931641
0.0052337646
0.0473937988
-0.0262756348
-0.0297088623
-0.0016937256
0.0348968506
-0.0078277588
0.0207977295
-0.0175323486
-0.0032958984
-0.0371398926
0.0030059814
0.0021820068
0.0013732910
-0.0028686523
-0.0004272461
-0.0322265625
-0.0008392334
0.0235137939
-0.0025177002
0.0168609619
-0.0200195312
0.0118408203
-0.0005340576
0.0050354004
-0.0159301758
-0.0156402588
0.0000762939
-0.0068206787
0.0182647705
0.0180206299
0.0036163330
-0.0248107910
0.0212707520
-0.0186462402
-0.0155487061
-0.0363159180
0.0025939941
-0.0068511963
0.0104522705
0.0171051025
-0.0143280029
0.0022277832
-0.0026702881
0.0032348633
0.0010681152
-0.0092315674
-0.0154571533
-0.0118255615
-0.0047607422
0.0102996826
0.0125732422
0.0069274902
0.0145111084
-0.0068664551
-0.0071563721
-0.0055389404
-0.0130615234
0.0073394775
0.0014648438
0.0171813965
0.0220794678
-0.0154113770
0.0034332275
-0.0168151855
-0.0081024170
0.0055847168
0.0041046143
0.0117187500
0.0186767578
0.0190124512
0.0210418701
0.0081176758
-0.0153656006
0.0282440186
-0.0189514160
0.0304107666
-0.0153503418
-0.0199890137
0.0385131836
0.0121307373
-0.0019683838
-0.0505828857
-0.0078887939
0.0045471191
-0.0251617432
0.0890960693
0.2708435059
0.3263244629
0.2348327637
-0.2615356445
-0.0902557373
0.2445068359
0.2472381592
0.0292053223
0.0638885498
-0.1846923828
-0.1348266602
0.1817932129
-0.2409515381
-0.2432403564
-0.2707977295
0.0258636475
0.0070343018
0.0095367432
0.0010223389
0.0160369873
-0.0092620850
0.0059356689
0.0024871826
0.0068054199
-0.0051879883
0.0122070312
-0.0032806396
-0.0080566406
0.0101623535
0.0048828125
0.0188293457
-0.0286102295
0.0357513428
-0.0096588135
-0.0032196045
-0.0497894287
0.0207061768
-0.0383758545
0.0403747559
-0.0392150879
0.0311126709
0.0416259766
0.0304565430
0.0384063721
-0.0423126221
0.0433654785
0.0619812012
-0.0237731934
0.0119171143
0.0132904053
-0.0121154785
-0.0080261230
0.0067596436
0.0051574707
0.0101013184
-0.0077514648
0.0009307861
0.0195007324
-0.0093688965
0.0034637451
-0.0062255859
-0.0120697021
0.0103454590
