0.0065155029
0.0010833740
-0.0188751221
-0.0148315430
0.0052490234
-0.0270233154
-0.0028991699
0.0133056641
0.0124359131
0.0219268799
-0.0078582764
0.0061492920
-0.0038146973
0.0164489746
-0.0076293945
0.0066528320
-0.0053863525
0.0106048584
-0.0039825439
0.0009002686
-0.0048522949
0.0035858154
0.0040740967
-0.0007934570
-0.0001220703
0.0077362061
-0.0001220703
-0.0017395020
0.0137176514
0.0002746582
-0.0051422119
-0.0021362305
0.0007324219
0.0276947021
-0.0034179688
0.0038452148
-0.0019226074
0.0109863281
-0.0045471191
-0.0065155029
0.0266876221
0.0186920166
0.0149536133
-0.0050354004
0.0052795410
-0.0127868652
0.0104217529
0.0069274902
0.0101013184
-0.0104980469
0.0083465576
-0.0060272217
-0.0103607178
0.0124816895
0.0050964355
0.0014190674
0.0088958740
-0.0019836426
0.0087127686
0.0001983643
-0.0084838867
-0.0110015869
0.0228881836
-0.0103454590
-0.2974090576
-0.1201019287
-0.2547149658
-0.0001525879
-0.1741943359
-0.3321990967
0.2252197266
0.2174224854
0.3443603516
-0.3537292480
-0.0565643311
-0.3170623779
0.1865539551
0.2676849365
-0.0577087402
-0.1229248047
-0.0004119873
0.0006256104
-0.0079803467
0.0029907227
0.0016021729
0.0002441406
-0.0037536621
-0.0097808838
0.0123291016
0.0026855469
0.0051879883
0.0029296875
0.0086822510
0.0031738281
0.0053710938
0.0056610107
0.0158081055
-0.0071563721
-0.0020141602
-0.0063934326
0.0075378418
0.0088348389
-0.0095672607
-0.0072784424
0.0026550293
-0.0032958984
0.0053710938
0.0180206299
-0.0039825439
0.0134735107
0.0077819824
0.0044403076
-0.0103454590
-0.0086669922
0.0044708252
0.0084838867
0.0012664795
0.0046997070
-0.0071411133
0.0072326660
0.0046081543
-0.0033721924
-0.0087890625
0.0038299561
-0.0033569336
-0.0071868896
0.0036315918
-0.0117950439
-0.0228881836
0.0017395020
-0.0102081299
0.0021972656
0.0019683838
0.0067138672
-0.0202026367
0.0378265381
-0.0202484131
0.0048980713
-0.0057525635
0.0480651855
0.0203247070
0.0054931641
0.0181732178
0.0023345947
0.0022277832
-0.0001373291
0.0041503906
0.0026702881
-0.0044860840
0.0053710938
-0.0020599365
0.0047149658
0.0020904541
0.0011444092
-0.0037689209
-0.0062103271
0.0013885498
0.0008392334
0.0061340332
0.0078430176
