0.0056915283
0.0004577637
-0.0120697021
-0.0130157471
0.0065917969
-0.0118865967
-0.0114746094
0.0090332031
0.0010375977
0.0001220703
0.0066680908
0.0046997070
-0.0004119873
0.0026245117
0.0006103516
0.0012054443
0.0015716553
-0.0032958984
-0.0037231445
0.0079193115
0.0006561279
-0.0026245117
0.0073699951
-0.0077362061
-0.0077514648
0.0039672852
0.0049438477
-0.0074157715
0.0004425049
0.0074462891
-0.0036468506
-0.0111694336
-0.0022888184
0.0075531006
-0.0101470947
-0.0017089844
0.0039367676
-0.0086975098
0.0028381348
-0.0041656494
-0.0037078857
-0.0005187988
0.0000457764
-0.0119018555
0.0025634766
-0.0065460205
0.0102691650
0.0082702637
-0.0041809082
-0.0057525635
0.0073852539
-0.0009307861
-0.0100860596
0.0104217529
0.0013275146
0.0045471191
-0.0060272217
-0.0049896240
0.0017700195
0.0024414062
-0.0043487549
-0.0055541992
0.0163269043
-0.0097808838
-0.2898406982
-0.1887817383
-0.2550048828
0.0360565186
-0.1814880371
-0.3031311035
0.2664031982
0.2394714355
0.3307037354
-0.3138580322
-0.1388549805
-0.3358764648
0.1297607422
0.3168640137
-0.0874481201
-0.1319427490
-0.0023803711
0.0101165771
-0.0002136230
-0.0021362305
0.0087738037
0.0013275146
0.0049896240
0.0000000000
0.0056304932
-0.0040130615
-0.0090637207
0.0034179688
-0.0015258789
0.0005493164
0.0057525635
-0.0084533691
0.0030364990
-0.0086212158
0.0066833496
-0.0095520020
0.0039672852
-0.0061187744
0.0021820068
0.0025939941
0.0014190674
0.0001678467
0.0051422119
0.0070495605
0.0021514893
0.0042419434
0.0075836182
0.0024414062
-0.0045776367
-0.0040740967
-0.0020904541
-0.0012664795
0.0009918213
-0.0045928955
-0.0002441406
0.0031890869
-0.0041046143
0.0012664795
-0.0025329590
0.0024261475
-0.0000457764
-0.0006561279
0.0012359619
-0.0028839111
0.0004272461
-0.0069122314
-0.0128784180
0.0062103271
0.0101776123
0.0016174316
-0.0060119629
-0.0045013428
0.0114135742
0.0066070557
-0.0042572021
-0.0014801025
0.0010681152
0.0182952881
0.0090179443
-0.0131683350
-0.0003356934
0.0009002686
-0.0004882812
0.0006103516
-0.0027160645
-0.0014495850
-0.0017242432
-0.0009002686
-0.0030364990
0.0027618408
0.0021209717
0.0011596680
0.0016174316
-0.0014953613
0.0007934570
-0.0000152588
