-0.0022430420
0.0033416748
-0.0002746582
0.0044708252
-0.0021820068
0.0120086670
-0.0022583008
-0.0035095215
-0.0034332275
-0.0031127930
-0.0121307373
-0.0036621094
0.0049438477
0.0089874268
-0.0032653809
-0.0084075928
0.0020751953
0.0000457764
-0.0041046143
0.0016326904
-0.0085144043
-0.0021209717
-0.0070343018
-0.0025787354
-0.0021209717
-0.0020904541
0.0068054199
0.0041656494
-0.0003356934
0.0019989014
-0.0007934570
-0.0002899170
-0.0022277832
-0.0018310547
-0.0166473389
0.0142059326
0.0099029541
-0.0054321289
-0.0053253174
0.0091094971
-0.0025177002
0.0003356934
0.0073699951
0.0118560791
0.0006561279
-0.0186157227
0.0045623779
0.0034484863
-0.0088958740
-0.0026245117
-0.0117797852
-0.0066070557
0.0073242188
-0.0117187500
0.0094604492
0.0031433105
-0.0116729736
0.0017089844
-0.0091705322
-0.0105590820
0.0006408691
0.0105133057
-0.0064544678
0.0096282959
0.0024566650
-0.0097198486
0.0037231445
0.0106506348
-0.0020599365
0.0002593994
-0.0094604492
-0.0018920898
-0.0010070801
-0.0035095215
-0.0010528564
0.0038909912
0.0007171631
-0.0008239746
-0.0050354004
0.0005035400
0.0044403076
0.0003356934
0.0042877197
0.0008392334
-0.0009002686
-0.0038757324
0.0125579834
-0.0057678223
-0.0020141602
0.0137939453
-0.0058441162
-0.0006561279
-0.0003051758
0.0057678223
-0.0059661865
-0.0009155273
0.0059814453
0.0059661865
0.0146636963
0.0015411377
0.0003662109
0.0057220459
-0.0076751709
-0.0053710938
0.0131378174
0.0061950684
0.0026855469
0.0068817139
-0.0057830811
0.0069580078
-0.0043945312
0.0016784668
0.0147399902
0.0041503906
0.0173645020
-0.0023803711
0.0010070801
0.0027618408
-0.0043640137
-0.0127716064
-0.0222930908
0.0087585449
-0.0075988770
-0.0022277832
0.0044860840
0.0056915283
-0.0002136230
0.0102996826
-0.3411712646
0.3064117432
0.0401763916
0.0510559082
-0.3381195068
0.0732421875
-0.2026367188
0.3427276611
-0.3267059326
0.1609039307
0.1197052002
0.3093414307
0.1031646729
-0.2205963135
0.0960388184
0.3204345703
0.0049285889
-0.0078125000
-0.0006256104
-0.0025634766
-0.0037078857
0.0001831055
0.0046081543
-0.0072784424
-0.0014343262
-0.0025024414
-0.0129699707
0.0022277832
-0.0015258789
0.0068511963
-0.0022888184
-0.0016937256
