-0.0018768311
0.0049591064
0.0041351318
-0.0032958984
0.0010833740
0.0082092285
-0.0057373047
0.0084686279
0.0005493164
-0.0049133301
-0.0176239014
0.0025939941
-0.0041198730
0.0002899170
-0.0001068115
-0.0027465820
0.0081939697
-0.0066070557
-0.0009613037
0.0111389160
-0.0097961426
-0.0061340332
0.0087585449
-0.0118408203
-0.0130767822
-0.0003814697
0.0078582764
0.0064849854
-0.0072784424
0.0123291016
0.0046844482
-0.0026550293
0.0083312988
0.0073089600
0.0090789795
0.0248107910
-0.0050964355
0.0119018555
-0.0021362305
-0.0113983154
0.0092163086
0.0016632080
0.0108184814
0.0052337646
0.0117492676
0.0124053955
-0.0030670166
-0.0015258789
-0.2986602783
0.2007446289
0.3427124023
-0.2188720703
0.2434082031
-0.2469787598
-0.2170410156
0.1578063965
-0.2839355469
-0.2201690674
-0.2129516602
-0.1502227783
0.2814483643
0.2666625977
-0.1602020264
0.1418457031
0.0098419189
-0.0151367188
0.0085144043
-0.0051727295
0.0110321045
0.0093383789
-0.0093078613
-0.0031585693
-0.0093688965
0.0060729980
0.0111236572
0.0068969727
0.0096893311
-0.0117187500
0.0090179443
0.0045471191
0.0079650879
-0.0076751709
0.0054473877
0.0007476807
-0.0173492432
-0.0099792480
0.0190582275
0.0176239014
-0.0291900635
-0.0043945312
0.0189361572
0.0097961426
-0.0033874512
-0.0125579834
-0.0089416504
0.0105285645
0.0067443848
0.0027160645
0.0039367676
-0.0020446777
0.0035095215
0.0065307617
-0.0048217773
-0.0030212402
-0.0020294189
0.0007629395
0.0012664795
0.0085296631
-0.0028991699
0.0020751953
-0.0010375977
-0.0019989014
0.0213775635
0.0076904297
0.0027770996
0.0151824951
-0.0027465820
-0.0114593506
0.0014801025
0.0060882568
-0.0045623779
-0.0072021484
-0.0021972656
-0.0079498291
-0.0066070557
0.0041503906
0.0081024170
-0.0053710938
-0.0020294189
0.0052337646
-0.0037536621
0.0090484619
-0.0006408691
0.0001068115
-0.0033874512
-0.0063018799
0.0070343018
-0.0041656494
0.0049743652
-0.0106964111
-0.0031280518
-0.0007476807
0.0013885498
-0.0022888184
-0.0081176758
0.0093994141
0.0188140869
-0.0006408691
0.0045013428
0.0086669922
0.0002441406
0.0106811523
-0.0043640137
0.0034790039
0.0011444092
-0.0133209229
0.0070953369
0.0116577148
-0.0034179688
0.0146026611
