0.0203399658
0.0188598633
-0.0172271729
0.0087585449
-0.0172119141
0.0133209229
0.0083923340
-0.0097198486
-0.0198974609
0.0209350586
-0.0074920654
-0.0019226074
0.0090026855
-0.0014343262
0.0130157471
-0.0100250244
0.0224304199
-0.0209960938
-0.0281982422
0.0334320068
-0.0159759521
-0.0278472900
0.0249176025
-0.0318603516
-0.0312194824
0.0181274414
0.0075683594
-0.0183258057
0.0003509521
0.0382385254
-0.0237884521
0.0090179443
0.0026702881
-0.0049896240
0.0044403076
0.0067901611
0.0023345947
-0.0116729736
-0.0084991455
-0.0093994141
0.0052185059
-0.0083923340
0.0035858154
0.0032196045
0.0031127930
-0.0039367676
-0.0090332031
0.0078735352
-0.0050811768
0.0069885254
0.0133209229
-0.0208129883
-0.0017700195
0.0052795410
-0.0074615479
0.0059509277
0.0042114258
-0.0140533447
-0.0051879883
-0.0046539307
-0.0021820068
0.0073394775
-0.0016937256
-0.0055389404
-0.0205688477
0.0195312500
-0.0272674561
-0.0255584717
-0.0073242188
-0.0220642090
0.0221252441
0.0267791748
0.0136566162
-0.0160827637
-0.0012817383
-0.0154113770
0.0091857910
-0.0004882812
0.0046539307
-0.0055999756
0.0105743408
-0.0013122559
-0.0072326660
-0.0119476318
0.0065765381
0.0021820068
0.0008392334
-0.0034942627
0.0161132812
0.0053863525
0.0008850098
0.0044860840
-0.0093841553
-0.0003814697
-0.0001983643
-0.0081939697
-0.0100402832
0.3187103271
-0.0120239258
0.2940368652
-0.2299346924
-0.2469940186
0.3327941895
0.2679901123
0.0004730225
0.1493530273
-0.3304748535
-0.0815277100
-0.0080718994
-0.3497161865
0.0132141113
-0.3471679688
0.0011901855
-0.0088195801
-0.0066223145
0.0154113770
0.0089721680
-0.0031890869
-0.0001678467
0.0157775879
0.0090484619
-0.0063781738
-0.0358123779
0.0027313232
-0.0256500244
-0.0033111572
0.0014801025
0.0003204346
0.0057830811
-0.0013580322
0.0031280518
-0.0073089600
0.0042572021
0.0019683838
0.0011749268
-0.0109100342
0.0057983398
0.0050354004
0.0019531250
-0.0082855225
0.0013122559
-0.0015411377
-0.0039062500
-0.0052642822
0.0118255615
0.0024871826
0.0046691895
0.0073699951
0.0014495850
0.0000152588
-0.0086517334
0.0009765625
-0.0026550293
0.0039520264
-0.0172576904
-0.0028228760
0.0051574707
-0.0051116943
0.0020599365
0.0046081543
