0.0036315918
0.0108947754
-0.0220184326
-0.0055084229
-0.0281829834
0.0114593506
0.0013275146
0.0016021729
-0.0198669434
0.0012512207
-0.0035552979
0.0131988525
-0.0024108887
-0.0144195557
0.0210876465
-0.0032806396
-0.3248748779
0.3374328613
0.1150360107
-0.3477630615
-0.0449523926
0.2706451416
-0.0692901611
0.3388977051
0.3674774170
0.0800628662
0.0498809814
0.0678558350
0.2339172363
-0.3632965088
-0.0938568115
-0.0037231445
0.0130767822
-0.0152282715
-0.0032196045
-0.0128936768
-0.0202178955
0.0142059326
0.0036163330
0.0030670166
0.0286712646
0.0251007080
0.0113983154
-0.0165863037
0.0085906982
0.0038452148
-0.0163116455
-0.0167999268
0.0048522949
-0.0066680908
0.0043029785
-0.0103759766
0.0043487549
0.0062713623
-0.0062866211
0.0057373047
-0.0084533691
-0.0063171387
0.0050659180
0.0102386475
-0.0084228516
-0.0099792480
-0.0055541992
-0.0119323730
0.0102996826
0.0375061035
0.0076141357
0.0159912109
-0.0012969971
0.0050811768
-0.0090789795
-0.0245361328
-0.0079498291
-0.0025177002
-0.0016021729
0.0095062256
0.0026855469
-0.0252075195
-0.0011291504
0.0025787354
0.0030517578
0.0022735596
-0.0092620850
0.0043334961
0.0035247803
-0.0063476562
0.0085601807
0.0004119873
0.0046386719
0.0016479492
-0.0077819824
0.0013275146
-0.0029602051
0.0020599365
0.0023345947
-0.0213012695
-0.0023193359
0.0030670166
0.0022888184
0.0026092529
-0.0017547607
-0.0019683838
-0.0008697510
-0.0007781982
0.0071258545
-0.0055541992
0.0059051514
-0.0075225830
0.0097656250
-0.0033569336
-0.0098724365
-0.0014343262
0.0034332275
-0.0039825439
0.0006408691
0.0012969971
-0.0016326904
0.0081329346
-0.0063323975
0.0061798096
-0.0069122314
-0.0027008057
-0.0046081543
0.0023193359
-0.0055999756
-0.0044250488
0.0133361816
-0.0036315918
-0.0041809082
-0.0024871826
0.0053558350
-0.0005950928
0.0014038086
0.0002593994
0.0046234131
0.0034332275
-0.0010528564
-0.0120086670
-0.0054626465
0.0069580078
0.0027008057
-0.0038757324
0.0036926270
-0.0034027100
-0.0047912598
-0.0092010498
-0.0045166016
-0.0009307861
0.0014953613
-0.0011749268
0.0031585693
-0.0059051514
0.0065765381
-0.0082092285
0.0034484863
0.0030059814
-0.0059356689
-0.0136413574
-0.0001831055
-0.0049896240
