0.0041046143
-0.0025787354
-0.0065460205
-0.0031433105
-0.0054626465
-0.0020141602
-0.0016326904
-0.0099182129
-0.0048828125
-0.0037078857
0.0063934326
0.0031280518
0.0051116943
0.0041809082
0.0011749268
0.0026550293
-0.0012512207
0.0037994385
-0.0012664795
-0.0004119873
-0.0008239746
0.0014495850
-0.0009765625
0.0007019043
0.0002593994
-0.0018920898
-0.0017547607
-0.0004730225
0.0029449463
-0.0005187988
-0.0009613037
-0.0040893555
0.0035400391
-0.0059051514
0.0067749023
0.0010223389
-0.0039062500
0.0015258789
0.0036926270
0.0051269531
-0.0005645752
0.0049133301
-0.0082092285
-0.0004119873
-0.0038909912
-0.0022735596
-0.0057525635
-0.0065460205
-0.0030975342
-0.0106811523
-0.0150756836
0.0170135498
-0.0117492676
0.0162353516
-0.0027923584
-0.0035858154
0.0016632080
0.0155944824
0.0087432861
0.0121459961
-0.0027770996
-0.0078735352
0.0082550049
-0.0052185059
-0.0009307861
-0.0017242432
-0.0005950928
0.0020599365
0.0018768311
-0.0016632080
-0.0010375977
-0.0015411377
0.0011901855
-0.0023803711
0.0000305176
-0.0005645752
-0.0055694580
0.0042419434
0.0037994385
0.0048065186
-0.0010528564
0.0089569092
0.0069427490
-0.0070343018
0.0005950928
-0.0003356934
0.0021057129
-0.0022735596
0.0020141602
0.0032196045
-0.0120086670
0.0145874023
-0.0081481934
-0.0016326904
-0.0012512207
-0.0101013184
-0.0080413818
-0.0072784424
0.0023193359
-0.0083312988
0.0017089844
0.0093994141
-0.0012817383
-0.0014648438
0.0019683838
-0.0011291504
-0.0036468506
0.0163116455
-0.0085144043
-0.0018768311
0.0007324219
0.0049896240
-0.2781219482
-0.2423095703
0.1988983154
-0.1448516846
-0.2913360596
0.3204193115
-0.2657318115
-0.2699737549
0.0429992676
0.2158660889
-0.1252288818
0.2751922607
0.2483825684
-0.3026428223
-0.1898345947
-0.1942443848
-0.0008392334
-0.0020294189
0.0022125244
-0.0040435791
-0.0012512207
0.0016021729
-0.0005035400
0.0028686523
-0.0023193359
0.0013885498
0.0012969971
0.0047912598
0.0003814697
-0.0002441406
-0.0006866455
0.0019378662
-0.0057983398
-0.0029907227
-0.0013732910
-0.0009918213
-0.0022277832
-0.0010833740
-0.0013885498
0.0036773682
0.0002746582
0.0022888184
0.0023193359
0.0001831055
0.0006408691
0.0021820068
0.0015411377
-0.0014953613
