0.0137329102
0.0270080566
-0.0281982422
-0.0105590820
0.0173797607
0.0097503662
-0.0059661865
-0.0062255859
-0.0105438232
-0.0019073486
-0.0137939453
0.0040588379
0.0109710693
0.0044250488
-0.0012512207
-0.0259704590
-0.0010528564
0.0049591064
0.0011901855
-0.0012512207
0.0048980713
0.0039367676
-0.0099487305
0.0011444092
0.0025329590
-0.0001678467
0.0031890869
0.0052642822
0.0056304932
-0.0029449463
-0.0025787354
-0.0047454834
0.0066223145
0.0080718994
0.0048217773
0.0019989014
-0.0009155273
0.0018768311
-0.0051422119
-0.0032043457
-0.0011138916
0.0017547607
0.0017700195
0.0038909912
0.0041503906
-0.0066223145
-0.0034790039
-0.0049591064
0.0010986328
-0.0007934570
-0.0189819336
-0.0074462891
-0.0102996826
0.0057830811
0.0148315430
0.0061798096
0.0045776367
0.0071411133
0.0081939697
0.0098876953
-0.0069580078
0.0029144287
-0.0009307861
-0.0095214844
0.0084533691
-0.0046997070
0.0150451660
-0.0048217773
0.0004577637
0.0096893311
-0.0067596436
-0.0042572021
-0.0021209717
0.0104064941
0.0031280518
0.0058898926
0.0017547607
0.0037384033
-0.0039367676
0.0070343018
-0.1607360840
-0.2667236328
0.0527496338
0.2174835205
-0.2065887451
0.2766418457
-0.1490478516
0.2490539551
0.2629852295
-0.2378387451
0.2695312500
-0.1944274902
0.2369995117
0.1367187500
0.3035583496
0.3982696533
0.0094299316
0.0018157959
0.0269317627
0.0034332275
-0.0058898926
-0.0074462891
0.0010681152
-0.0047912598
-0.0026855469
-0.0099945068
0.0129089355
0.0064392090
-0.0005187988
0.0005493164
-0.0094146729
0.0018463135
0.0044555664
0.0068664551
0.0023040771
0.0099487305
0.0081024170
-0.0025177002
0.0074310303
0.0030364990
0.0007629395
-0.0078277588
-0.0138549805
-0.0055541992
-0.0069580078
0.0061340332
-0.0029907227
0.0070648193
-0.0090637207
0.0073242188
-0.0115661621
0.0113067627
0.0040283203
-0.0034484863
0.0111236572
-0.0028839111
0.0028533936
-0.0020904541
0.0060729980
-0.0027160645
0.0100097656
0.0060729980
-0.0152740479
-0.0091705322
0.0172882080
-0.0008544922
0.0050811768
-0.0007476807
0.0075225830
0.0152282715
0.0034942627
0.0066070557
0.0152893066
-0.0106811523
-0.0167846680
-0.0141143799
-0.0109710693
-0.0059509277
-0.0051116943
0.0162048340
