0.0022888184
-0.0011749268
-0.0151367188
-0.0054473877
-0.0011138916
-0.0232849121
0.0017395020
0.0170288086
0.0014495850
0.0060424805
0.0017700195
0.0040740967
0.0088500977
0.0017547607
0.0124969482
0.0003967285
0.0047149658
-0.0025177002
-0.0045776367
0.0068054199
0.0044250488
-0.0036163330
-0.0047454834
-0.0055999756
-0.0052185059
0.0066375732
-0.0020446777
0.0012969971
0.0067749023
0.0071563721
0.0043029785
-0.0079498291
-0.0053253174
-0.0061950684
0.0033264160
0.0065460205
0.0112152100
-0.0005035400
0.0059051514
-0.0099639893
0.0034332275
-0.0060882568
-0.0152740479
-0.0024566650
0.0097808838
-0.0010070801
-0.0063476562
0.0055847168
-0.0055084229
-0.0013580322
0.0141448975
-0.0101928711
0.0033721924
0.0012969971
-0.0039062500
0.0216827393
-0.0136566162
-0.0065002441
-0.0021057129
-0.0047454834
0.0021057129
0.0025482178
-0.0030822754
0.0119018555
-0.2819976807
-0.1535339355
-0.2739257812
-0.0118560791
-0.0521545410
-0.3041992188
0.3147888184
0.2580108643
0.3181915283
-0.2868347168
-0.1791076660
-0.3074951172
0.0853881836
0.3155212402
-0.0603179932
-0.1898345947
0.0026092529
0.0001220703
-0.0087280273
-0.0009307861
0.0090179443
0.0019836426
-0.0063171387
-0.0009155273
0.0051574707
-0.0134887695
0.0024261475
-0.0006866455
0.0001983643
0.0010375977
0.0036163330
0.0008697510
0.0127105713
-0.0011596680
-0.0093231201
0.0053405762
0.0049743652
0.0028991699
-0.0050048828
-0.0064697266
-0.0065917969
-0.0037231445
-0.0052795410
-0.0050201416
-0.0171813965
-0.0008850098
0.0032043457
0.0090332031
0.0040893555
0.0060424805
0.0005035400
0.0035552979
0.0060272217
0.0001525879
0.0085906982
-0.0024871826
0.0060577393
-0.0033264160
-0.0079803467
-0.0038909912
-0.0018768311
0.0064392090
0.0019226074
0.0008544922
-0.0021820068
0.0055541992
-0.0086975098
0.0008239746
-0.0047149658
-0.0070648193
0.0044708252
-0.0032043457
0.0025634766
-0.0048675537
-0.0017547607
-0.0056762695
-0.0009765625
0.0061492920
-0.0102539062
0.0003662109
-0.0049896240
0.0101928711
-0.0056457520
0.0047607422
-0.0023651123
-0.0123596191
0.0035247803
-0.0028991699
-0.0003814697
-0.0078887939
-0.0043487549
0.0060424805
0.0024261475
-0.0085144043
-0.0140686035
-0.0157470703
