-0.0030670166
7.62939453e-05
0.00556945801
-0.000305175781
0.00927734375
0.00619506836
-0.00602722168
-4.57763672e-05
-0.00451660156
-0.0052947998
-0.00521850586
0.00344848633
6.10351562e-05
0.00387573242
-0.00297546387
-0.00100708008
0.00228881836
0.00135803223
-0.0106811523
0.00964355469
-0.0026550293
-0.0040435791
0.0037689209
-0.00921630859
-0.00984191895
0.00910949707
0.000640869141
-0.00526428223
0.00440979004
0.0111541748
0.00187683105
-0.00270080566
-0.00375366211
0.00335693359
0.00141906738
0.00776672363
-0.00466918945
0.00616455078
0.00112915039
0.00617980957
0.0061340332
0.000579833984
-0.00117492676
-0.00411987305
0.0127105713
0.0105438232
-0.0114440918
0.000106811523
-0.244049072
0.198944092
0.330337524
-0.266143799
0.310806274
-0.18699646
-0.244293213
0.152114868
-0.286270142
-0.257904053
-0.188369751
-0.13722229
0.222335815
0.227020264
-0.204071045
0.204177856
0.000518798828
-0.0092010498
0.00141906738
0.00415039062
-0.000610351562
-0.000823974609
0.00115966797
0.00123596191
0.00395202637
0.000701904297
0.00183105469
-0.0033416748
0.00196838379
0.00698852539
-0.00326538086
-0.00233459473
-0.00399780273
0.00178527832
0.00473022461
0.00741577148
-0.000900268555
-0.000701904297
0.00685119629
-0.00541687012
0.0137329102
-0.000106811523
-0.0230865479
-0.0172271729
0.025100708
0.0178375244
-0.0164489746
-0.0131530762
0.0181884766
-0.000854492188
-0.00131225586
-0.00592041016
0.00932312012
-0.00065612793
-0.00798034668
-0.00686645508
0.00839233398
-0.00779724121
0.00343322754
0.00352478027
-0.00219726562
0.00303649902
0.00450134277
-0.00630187988
0.00531005859
0.00939941406
-0.00065612793
-0.0153961182
-0.00526428223
0.00152587891
0.00540161133
-0.00552368164
-0.000518798828
-0.000274658203
0.0123443604
-0.0059967041
0.00540161133
0.00483703613
0.00256347656
-0.00604248047
0.00152587891
-0.000442504883
0.00216674805
-0.00151062012
-0.000411987305
-0.00369262695
-0.00048828125
-0.00347900391
-0.000869750977
-0.00732421875
-0.00169372559
-0.00463867188
-0.00581359863
-0.00727844238
-0.00274658203
0.00285339355
-0.00453186035
-0.00744628906
0.00436401367
0.00112915039
0.00160217285
-0.000869750977
0.000564575195
-0.0034942627
-0.00354003906
0.00497436523
-0.000503540039
-0.00102233887
0.00354003906
-0.00132751465
0.00955200195
0.00178527832
