0.0081787109
0.0139465332
-0.0001678467
-0.0318450928
0.0516357422
-0.0251617432
-0.0316162109
-0.0143585205
0.0006561279
-0.0252227783
0.0053100586
-0.0164337158
-0.0244293213
-0.0190124512
0.0053405762
-0.0092315674
0.0053253174
-0.0095520020
-0.0002136230
0.0045776367
-0.0033416748
-0.0028381348
-0.0014343262
-0.0039825439
-0.0076599121
-0.0007476807
0.0066833496
0.0035400391
-0.0145874023
0.0064392090
0.0172119141
-0.0047454834
0.0180816650
-0.0230255127
0.0682678223
-0.0281372070
-0.0032653809
0.0090942383
-0.0411529541
-0.0061340332
-0.0137023926
-0.0077362061
-0.0285186768
0.0221252441
-0.0039672852
-0.0005035400
-0.0343017578
-0.0183715820
0.0027465820
-0.0119781494
-0.0242462158
0.0099639893
-0.0209503174
0.0205078125
0.0082855225
0.0083007812
0.0243835449
-0.0039367676
0.0068511963
0.0155334473
-0.0407714844
0.0068359375
-0.0020294189
-0.0094146729
0.0121765137
0.0257415771
0.0057067871
-0.0120544434
0.0001678467
0.0140228271
0.0056304932
-0.0169219971
-0.0140686035
0.0187530518
-0.0256195068
0.0006256104
-0.0295867920
-0.0051574707
0.0282440186
0.0293579102
0.0003814697
-0.0048675537
0.0107269287
-0.0008697510
0.0005798340
0.0056610107
0.0020751953
0.0056762695
0.0088500977
-0.0077819824
0.0025024414
0.0110473633
0.0046997070
-0.0094451904
0.0063781738
-0.0005950928
0.0099487305
0.0041503906
0.0049743652
-0.0018157959
0.0032348633
-0.0048370361
-0.0026092529
-0.0032196045
0.0144500732
-0.0032043457
-0.0070495605
-0.0160369873
0.0082550049
-0.0101318359
-0.0079040527
-0.0058135986
-0.2208557129
-0.3049163818
0.2100067139
-0.0571899414
-0.1972808838
0.2670898438
-0.2697906494
-0.2292022705
0.1213989258
0.2406005859
-0.1516571045
0.3161315918
0.1255645752
-0.3126831055
-0.2720184326
-0.1781921387
-0.0003814697
0.0063323975
-0.0044860840
0.0058746338
-0.0139770508
-0.0072631836
0.0008697510
-0.0002899170
-0.0098571777
-0.0023345947
-0.0115661621
-0.0041503906
-0.0054168701
-0.0116119385
-0.0088500977
0.0131683350
0.0012664795
0.0298614502
0.0002899170
0.0232086182
-0.0011291504
-0.0043792725
-0.0054473877
-0.0213165283
-0.0155792236
0.0092163086
-0.0153961182
0.0097198486
0.0229339600
-0.0201263428
0.0047149658
-0.0140686035
