0.0019836426
0.0077056885
-0.0150756836
0.0026550293
0.0006561279
-0.0064544678
0.0037689209
0.0280456543
-0.0066070557
0.0110168457
-0.0089416504
0.0078277588
0.0172119141
0.0068969727
0.0195312500
-0.0069580078
0.0003967285
-0.0034790039
0.0028228760
-0.0004730225
0.0022583008
0.0000762939
-0.0000152588
0.0015106201
0.0015563965
0.0023498535
0.0027923584
-0.0002593994
-0.0031280518
-0.0006866455
0.0001373291
0.0026855469
-0.0021820068
0.0001068115
0.0017852783
-0.0006256104
0.0025939941
-0.0006713867
0.0039062500
0.0039825439
0.0020751953
0.0010986328
-0.0030364990
0.0010223389
-0.0023498535
-0.0039215088
-0.0005798340
0.0005035400
-0.0001983643
-0.0047454834
-0.0024566650
0.0072174072
0.0031127930
-0.0023803711
0.0032653809
0.0065307617
-0.0000610352
0.0005645752
-0.0044555664
0.0012207031
-0.0024719238
0.0015411377
0.0030822754
-0.0007781982
0.0314331055
0.0414123535
0.0236663818
0.0039367676
0.0394897461
0.0249633789
-0.0121002197
-0.0151824951
-0.0012512207
0.0247955322
0.0106353760
0.0398254395
0.0004882812
-0.0326232910
0.0046691895
0.0141601562
-0.0019989014
0.0055389404
0.0028839111
-0.0027618408
0.0043334961
0.0065155029
-0.0033874512
-0.0035552979
0.0083923340
-0.0042877197
0.0018005371
0.0048217773
0.0039978027
0.0050659180
0.0048980713
0.0048217773
0.0067596436
0.0155944824
0.0045013428
0.0177764893
-0.0123901367
-0.0067749023
-0.0042419434
0.0028839111
0.0044097900
0.0258789062
-0.0041656494
0.0090179443
0.0101928711
-0.0006408691
-0.0124053955
0.0067596436
-0.0049896240
0.0145111084
-0.0058593750
-0.0007476807
0.0185852051
-0.0071563721
0.0258178711
-0.0041198730
-0.0024566650
-0.0055084229
0.0028991699
-0.0023193359
0.0121765137
0.0141754150
0.0007934570
0.0072631836
0.0019378662
0.0060577393
-0.0064849854
-0.0123596191
-0.0055236816
-0.0049285889
-0.0080871582
-0.0049591064
-0.0007934570
0.0073852539
0.0117950439
-0.0071258545
0.0065155029
-0.0081329346
-0.0065155029
0.0089111328
0.2159271240
-0.0193328857
-0.2562255859
0.3080444336
-0.0012359619
-0.2871551514
-0.2810058594
-0.2675628662
-0.2636108398
0.2883300781
-0.1809387207
0.3017425537
0.3086547852
-0.0077514648
0.0081634521
-0.3143463135
