0.0033416748
0.0036773682
-0.0044403076
-0.0063476562
-0.0014038086
0.0006408691
-0.0019226074
-0.0067291260
0.0021057129
-0.0011596680
-0.0023651123
0.0010681152
-0.0011596680
0.0029754639
0.0015716553
-0.0021057129
-0.0010375977
-0.0010223389
-0.0004425049
0.0017700195
0.0009460449
0.0007629395
-0.0026245117
-0.0005187988
-0.0019989014
-0.0023803711
-0.0008850098
-0.0038146973
-0.0018310547
0.0038299561
0.0055694580
-0.0064239502
-0.0064392090
-0.0094451904
0.0015563965
-0.0143127441
0.0034332275
0.0012664795
0.0030670166
-0.0022735596
0.0009613037
0.0008850098
-0.0004272461
-0.0122833252
0.0084381104
-0.0145568848
0.0083618164
-0.0024719238
-0.0010528564
-0.0059204102
-0.0018005371
0.0057067871
0.0023803711
0.0016784668
0.0004730225
0.0066986084
-0.0014343262
0.0010375977
-0.0030670166
0.0008850098
0.0016632080
-0.0046997070
-0.0003204346
0.0005187988
0.0045166016
0.0095672607
0.0015869141
-0.0003356934
-0.0063323975
0.0020294189
0.0003814697
0.0025177002
-0.0017700195
0.0044403076
-0.0085754395
0.0071105957
0.0047607422
-0.0075073242
0.0027618408
-0.0005645752
-0.0038604736
-0.0257568359
-0.0154571533
0.0429534912
0.0211334229
0.0116882324
0.0104064941
0.0182495117
0.0245666504
-0.0147552490
0.0085296631
-0.0100097656
0.0121917725
0.0370178223
0.0199127197
0.0166625977
-0.0015258789
0.0054016113
0.0019073486
-0.0010223389
0.0034637451
-0.0078125000
-0.0044250488
-0.0029602051
0.0005645752
0.0185699463
-0.0010681152
0.0076141357
0.0001525879
0.0009307861
-0.0046691895
0.0041503906
-0.0113067627
0.0076904297
-0.0123443604
-0.0120849609
0.0055389404
0.0194549561
0.0048065186
-0.0013427734
-0.0038909912
-0.0098724365
0.0082550049
0.0211639404
-0.0028381348
-0.0162353516
0.0208892822
0.0024719238
-0.0016632080
-0.0139923096
0.0050506592
-0.0215148926
0.0108337402
0.0025177002
0.0098114014
-0.0016632080
0.0096740723
-0.0216522217
-0.0190887451
0.0034179688
-0.0211334229
0.0145416260
0.0039672852
-0.0165405273
0.1815795898
0.0274963379
-0.2488861084
0.2772521973
-0.1077880859
-0.2696075439
-0.2451782227
-0.2745666504
-0.2315521240
0.2434539795
-0.1806640625
0.2938079834
0.2727966309
0.0399780273
0.0006103516
-0.3179931641
