-0.0017242432
0.0048370361
-0.0015411377
0.0000915527
0.0043792725
0.0193634033
-0.0010528564
-0.0221862793
-0.0118865967
-0.0011291504
-0.0034179688
-0.0081329346
0.0020904541
-0.0067901611
0.0010223389
-0.0035247803
-0.0055389404
0.0039978027
0.0021209717
-0.0062866211
0.0042572021
0.0043945312
-0.0027160645
0.0050048828
0.0078430176
-0.0070495605
0.0058288574
0.0013275146
-0.0020294189
-0.0065765381
-0.0033111572
-0.0008239746
-0.0088500977
-0.0121917725
0.0048675537
-0.0061950684
-0.0066833496
-0.0066986084
0.0024108887
0.0209808350
0.0011138916
-0.0053863525
-0.0145874023
0.0189208984
-0.0134735107
-0.0207366943
0.0009613037
0.0101318359
-0.0048065186
-0.0317687988
-0.0370483398
0.0044403076
-0.0112609863
0.0316772461
0.0229949951
-0.0188598633
0.0218048096
0.0076904297
0.0079498291
-0.0060424805
0.0009155273
-0.0178375244
0.0325622559
0.0054626465
0.0066070557
-0.0064086914
0.0047302246
-0.0038452148
0.0067901611
0.0047912598
-0.0117492676
-0.0070343018
-0.0071563721
0.0007476807
-0.0027923584
0.0111846924
-0.0037841797
-0.0114746094
0.0080566406
0.0001831055
-0.1017303467
-0.1894226074
0.2109832764
0.1059570312
-0.1921234131
0.2527160645
-0.2496948242
0.0684967041
0.2516326904
-0.0879058838
0.2353973389
-0.3217315674
0.0563201904
0.2538909912
0.3202667236
0.3652038574
-0.0070800781
-0.0013122559
0.0061950684
-0.0044860840
-0.0020446777
0.0046844482
0.0015411377
0.0017395020
-0.0014038086
-0.0038146973
0.0048522949
0.0012817383
0.0015563965
0.0020446777
-0.0084228516
-0.0015258789
0.0008392334
0.0014343262
-0.0009307861
0.0023498535
-0.0031433105
0.0017700195
-0.0040893555
-0.0018157959
-0.0020904541
0.0030212402
-0.0002288818
-0.0044250488
-0.0062713623
0.0014953613
-0.0052947998
-0.0029907227
-0.0115661621
0.0071105957
0.0125732422
-0.0040283203
-0.0056304932
-0.0021514893
0.0022888184
0.0112304688
-0.0125274658
0.0241241455
-0.0053863525
0.0125122070
0.0014190674
0.0060729980
-0.0006408691
-0.0017547607
0.0277099609
-0.0096130371
-0.0309753418
0.0178527832
-0.0216217041
-0.0266876221
-0.0325622559
-0.0102996826
-0.0118865967
0.0242462158
-0.0169982910
0.0233917236
0.0090942383
0.0013885498
0.0097961426
-0.0154418945
