0.0052337646
-0.0020446777
-0.0057525635
-0.0057830811
-0.0008087158
0.0003356934
-0.0008392334
-0.0137939453
-0.0010375977
0.0021667480
0.0145263672
-0.0007629395
0.0018615723
0.0007476807
0.0080871582
0.0034179688
0.0056152344
-0.0014190674
-0.0101013184
0.0117492676
0.0092468262
-0.0037536621
-0.0078735352
-0.0098724365
-0.0108795166
0.0071868896
0.0034027100
-0.0025177002
0.0005645752
0.0122222900
0.0020904541
-0.0042724609
0.0146331787
0.0114288330
0.0082244873
-0.0032958984
-0.0058135986
0.0105743408
-0.0035247803
0.0133514404
0.0117645264
0.0195465088
-0.0128631592
-0.0022430420
-0.0047607422
-0.0039672852
-0.0280303955
-0.0153198242
0.0060272217
-0.0104370117
-0.0121002197
0.0229187012
-0.0140228271
0.0040893555
-0.0014190674
-0.0043945312
-0.0020751953
0.0193023682
0.0016326904
0.0061340332
-0.0008392334
-0.0123443604
0.0115203857
-0.0075683594
0.0092163086
-0.0058135986
0.0095367432
-0.0045318604
-0.0034942627
0.0088043213
-0.0111541748
-0.0167846680
-0.0103912354
0.0070495605
-0.0066528320
0.0002136230
0.0006561279
-0.0016784668
-0.0023498535
0.0033874512
0.0017089844
0.0140380859
-0.0051116943
-0.0034790039
0.0104370117
0.0011444092
0.0033264160
-0.0019073486
-0.0022888184
0.0059661865
-0.0038909912
0.0187377930
-0.0061187744
-0.0015869141
-0.0003509521
-0.0031738281
-0.0013275146
-0.0026855469
0.0043945312
-0.0039520264
0.0036010742
-0.0004272461
-0.0032043457
-0.0057678223
0.0018005371
-0.0036163330
0.0031738281
0.0193939209
-0.0006256104
-0.0035247803
-0.0044708252
0.0033111572
-0.2316894531
-0.2386474609
0.2171173096
-0.2454376221
-0.3207855225
0.2836608887
-0.3047637939
-0.2589416504
-0.0251007080
0.2307891846
-0.0603942871
0.2594604492
0.2678222656
-0.2942199707
-0.1993255615
-0.1622619629
-0.0063018799
0.0012664795
-0.0080108643
-0.0092163086
-0.0061950684
-0.0095214844
0.0165100098
0.0069732666
-0.0007629395
-0.0055389404
-0.0102386475
0.0075225830
-0.0025482178
0.0074768066
0.0025177002
-0.0013732910
-0.0014038086
-0.0016632080
-0.0007019043
0.0009002686
0.0015869141
-0.0009613037
-0.0045776367
0.0054626465
0.0027618408
0.0010223389
-0.0001068115
-0.0020141602
-0.0001678467
-0.0017547607
-0.0009765625
0.0006713867
