-0.0084228516
0.0003662109
-0.0058441162
0.0008392334
0.0189971924
-0.0076293945
-0.0010070801
0.0268402100
-0.0160217285
-0.0048370361
-0.0062408447
0.0016479492
-0.0025177002
-0.0155029297
0.0084381104
0.0039978027
-0.0067749023
0.0060577393
0.0010528564
-0.0098724365
0.0029449463
0.0044250488
0.0005035400
0.0100097656
0.0119628906
0.0016937256
-0.0028991699
-0.0024108887
0.0083770752
-0.0101013184
-0.0073089600
0.0042572021
-0.0018310547
-0.0111694336
0.0045623779
0.0138702393
0.0061950684
0.0019836426
-0.0002593994
-0.0037689209
0.0017700195
0.0008697510
-0.0014495850
0.0009765625
0.0081634521
0.0013427734
0.0086364746
0.0000762939
-0.0045166016
-0.0102539062
-0.0127563477
0.0245361328
0.0174407959
0.0033569336
0.0116577148
0.0162200928
0.0022888184
0.0125274658
0.0140686035
0.0068511963
0.0007476807
-0.0082397461
0.0087585449
-0.0149688721
0.0076751709
0.0133514404
0.0060424805
-0.0084381104
0.0106048584
0.0070953369
-0.0078430176
-0.0044250488
-0.0011444092
0.0038452148
0.0110015869
0.0133666992
-0.0026245117
-0.0100250244
0.0075531006
0.0067138672
0.0043487549
0.0128784180
0.0140686035
-0.0133056641
0.0093383789
-0.0074005127
0.0096740723
-0.0196533203
-0.0035095215
0.0185089111
-0.0115814209
0.0024719238
-0.0045013428
0.0020446777
-0.0149688721
-0.0174407959
0.0083312988
0.0022430420
-0.0059661865
0.0021362305
0.0026245117
0.0006713867
-0.0098876953
-0.0008087158
-0.0071563721
0.0158691406
-0.0014038086
0.0116882324
-0.0029754639
0.0063781738
0.0030822754
0.0041351318
0.0131988525
0.0126953125
-0.0006561279
0.0166168213
0.0207824707
-0.0070953369
0.0172271729
0.0034027100
0.0154876709
-0.0091705322
0.0024719238
-0.0077972412
-0.0099029541
0.0159606934
0.0096588135
0.0091247559
0.0048370361
0.0023498535
-0.0084838867
-0.0156250000
-0.0041503906
-0.0011749268
-0.0078277588
-0.0050048828
-0.0010986328
-0.0100097656
-0.0002593994
-0.0034637451
0.0099945068
-0.0130767822
-0.0160064697
0.0039978027
0.2800903320
-0.0536041260
-0.2474060059
0.3227844238
-0.0198669434
-0.2672424316
-0.2814025879
-0.2777709961
-0.2575225830
0.2849731445
-0.2130737305
0.2835845947
0.3049621582
0.0257568359
0.0456848145
-0.2829742432
