-0.0005798340
0.0032196045
-0.0024414062
-0.0032043457
0.0042572021
-0.0001831055
-0.0009002686
-0.0043792725
-0.0012969971
-0.0011138916
-0.0049896240
0.0019073486
0.0008697510
0.0024108887
0.0020446777
-0.0031280518
-0.0038604736
0.0037689209
-0.0014343262
-0.0031280518
0.0025787354
0.0035552979
-0.0012664795
0.0041961670
0.0045623779
0.0070953369
0.0032196045
-0.0026702881
0.0053710938
-0.0034790039
-0.0012054443
0.0038146973
-0.0063781738
-0.0028076172
-0.0021057129
-0.0036010742
0.0051574707
-0.0002136230
0.0031585693
-0.0005187988
0.0025024414
-0.0007324219
-0.0010223389
-0.0008544922
0.0054626465
-0.0093536377
0.0007324219
0.0026855469
0.0065155029
-0.0099945068
-0.0098876953
0.0002746582
0.0030517578
-0.0057830811
0.0088500977
0.0041046143
0.0012664795
-0.0004730225
-0.0056610107
0.0037536621
-0.0029449463
-0.0015716553
0.0031433105
-0.0088043213
-0.0010681152
0.0009460449
-0.0058746338
0.0003509521
0.0017852783
-0.0013122559
0.0025329590
0.0052490234
0.0044860840
-0.0023956299
-0.0017700195
0.0009613037
-0.0037078857
-0.0017242432
0.0017242432
-0.0010375977
0.0018768311
0.0027923584
-0.0033264160
0.0090484619
0.0132904053
0.0006103516
-0.0019989014
-0.0127868652
0.0019836426
0.0084991455
0.0025482178
0.0082855225
0.0042114258
0.0082855225
0.0055541992
0.0116271973
0.0056762695
0.0202789307
-0.0096130371
0.0045776367
-0.0072479248
-0.0186920166
0.0029754639
0.0116729736
0.0083007812
0.0336303711
-0.0010070801
0.0095367432
0.0119018555
-0.0067596436
-0.0048217773
-0.0065917969
0.0220642090
0.0326690674
-0.0140838623
0.0106658936
0.0305480957
-0.0101013184
0.0313262939
0.0230712891
-0.0067749023
-0.0352172852
0.0265502930
-0.0150604248
-0.0003356934
0.0188903809
0.0442199707
0.0133056641
0.0006256104
-0.0018157959
-0.0008239746
-0.0061492920
0.0036926270
0.0011291504
0.0003814697
-0.0007934570
0.0025634766
-0.0040435791
0.0005340576
0.0028533936
0.0017089844
0.0022583008
-0.0004882812
-0.0015106201
0.1979522705
-0.0024566650
-0.2679595947
0.2932128906
-0.0735931396
-0.2841339111
-0.2900695801
-0.2669219971
-0.2759552002
0.3087158203
-0.1207122803
0.3033752441
0.3161773682
0.0564422607
-0.0016021729
-0.3130798340
