0.0060577393
-0.0035400391
0.0017395020
0.0120849609
0.0099792480
0.0201873779
0.0106048584
-0.0070190430
-0.0066375732
0.0119171143
-0.0060119629
0.0185546875
0.0255584717
0.0312805176
0.0037841797
-0.0083770752
0.0001525879
0.0012054443
0.0089874268
-0.0058288574
0.0015563965
0.0037231445
-0.0036010742
0.0045166016
0.0062713623
-0.0083007812
-0.0067138672
0.0113220215
0.0028839111
-0.0075073242
0.0006256104
-0.0004119873
-0.0003204346
-0.0049133301
-0.0027618408
-0.0110168457
-0.0161132812
0.0029296875
-0.0069427490
0.0216674805
0.0141143799
0.0106201172
0.0061340332
0.0086822510
-0.0054779053
-0.0202636719
-0.0049438477
-0.0027160645
-0.0158843994
-0.0213623047
-0.0292205811
0.0186309814
0.0152740479
0.0003509521
0.0168762207
-0.0163116455
-0.0058898926
0.0098571777
0.0149383545
0.0111999512
-0.0152282715
-0.0167694092
-0.0036926270
-0.0109863281
0.0122680664
0.0117797852
0.0071563721
0.0156860352
0.0005340576
0.0079498291
-0.0017089844
-0.0008087158
0.0053100586
0.0053710938
0.0045776367
0.0131072998
0.0017852783
-0.0155029297
0.0026855469
0.0101928711
-0.1754455566
-0.1860504150
0.1260681152
0.1743316650
-0.2278137207
0.2913055420
-0.2390747070
0.1187286377
0.2813568115
-0.2329406738
0.2139892578
-0.1717376709
0.2119750977
0.2420349121
0.2988739014
0.4575500488
0.0076751709
0.0015563965
0.0116271973
-0.0013885498
0.0007781982
0.0015869141
-0.0041809082
-0.0061035156
-0.0048217773
0.0072326660
0.0055999756
-0.0009613037
0.0025329590
0.0040893555
-0.0134277344
0.0065612793
-0.0014648438
-0.0020904541
0.0024261475
-0.0004882812
-0.0013427734
0.0012359619
-0.0052337646
0.0028991699
-0.0083007812
-0.0001373291
-0.0018157959
-0.0007476807
-0.0008087158
-0.0013275146
-0.0001678467
0.0003051758
0.0024719238
-0.0055236816
-0.0013732910
0.0118103027
0.0079650879
-0.0076141357
0.0017852783
0.0038909912
-0.0012512207
0.0001525879
0.0089263916
0.0038146973
-0.0017089844
-0.0002441406
-0.0054473877
0.0008087158
0.0072784424
-0.0124053955
0.0051727295
-0.0108337402
0.0049438477
0.0231475830
0.0032501221
0.0225219727
0.0216827393
-0.0083007812
0.0086364746
-0.0257263184
-0.0177459717
-0.0068969727
0.0035247803
0.0288696289
