-0.0018310547
0.0026855469
-0.0014190674
-0.0006866455
-0.0018157959
-0.0032196045
-0.0021362305
-0.0018157959
-0.0014953613
-0.0041809082
-0.0039215088
-0.0016784668
-0.0028686523
-0.0006561279
0.0043640137
-0.0045318604
-0.0004272461
0.0008544922
0.0030517578
0.0034484863
-0.0077819824
0.0009460449
-0.0004272461
-0.0049896240
-0.0031738281
0.0020141602
0.0115661621
0.0076904297
0.0013122559
0.0036010742
-0.0026702881
0.0011901855
0.0197296143
0.0104675293
0.0016326904
-0.0002746582
0.0045471191
0.0050201416
-0.0242004395
0.0010223389
0.0189208984
-0.0004882812
-0.0072479248
-0.0008239746
-0.0126800537
-0.0093994141
-0.0121307373
-0.0008850098
0.0184936523
-0.0093231201
-0.0011138916
0.0116424561
-0.0121612549
-0.0145721436
0.0104370117
0.0139007568
0.0103607178
0.0050506592
-0.0143585205
0.0083465576
-0.0091552734
-0.0176086426
-0.0009460449
0.0013122559
-0.2875366211
0.0446777344
-0.2903137207
0.0360565186
0.1131744385
-0.2999267578
0.3212585449
0.3112030029
0.3469848633
-0.2943725586
0.0680084229
-0.2449340820
0.1063995361
0.2159881592
-0.0802459717
-0.0612945557
0.0160675049
0.0043792725
-0.0233612061
0.0014495850
0.0026702881
-0.0100402832
0.0088348389
0.0082702637
-0.0117492676
-0.0195617676
-0.0083618164
0.0089721680
-0.0191955566
0.0091552734
-0.0180206299
-0.0057983398
0.0105438232
-0.0041046143
0.0018310547
-0.0020294189
-0.0057983398
0.0030670166
0.0032653809
-0.0015106201
-0.0041656494
-0.0051574707
0.0012512207
0.0056152344
0.0073852539
-0.0065307617
-0.0022125244
0.0045013428
0.0173645020
0.0307312012
-0.0128021240
0.0259246826
0.0247192383
-0.0157623291
0.0243988037
0.0214385986
0.0162658691
-0.0317687988
0.0031585693
-0.0143432617
-0.0159149170
0.0143127441
0.0181732178
0.0225982666
0.0040740967
-0.0029754639
-0.0002899170
-0.0045776367
0.0020751953
0.0062866211
-0.0008697510
-0.0035705566
0.0026245117
0.0037536621
-0.0021972656
-0.0040435791
0.0007019043
0.0020904541
0.0045318604
-0.0007476807
-0.0338745117
0.0144348145
0.0169830322
-0.0289764404
0.0104675293
0.0082855225
-0.0046691895
0.0530548096
0.0024108887
0.0097503662
0.0465545654
-0.0180816650
-0.0033569336
-0.0053405762
-0.0019989014
0.0232543945
