0.00497436523
0.00645446777
-0.0156860352
-0.0061340332
0.00801086426
0.00315856934
-0.0029296875
-0.00744628906
-0.00338745117
0.0248413086
-0.0148925781
-0.0104980469
0.0124053955
0.00807189941
-0.0192260742
-0.00875854492
-0.00254821777
0.00216674805
0.00241088867
-0.00405883789
0.0080871582
0.00230407715
-0.00137329102
0.00578308105
0.00468444824
0.00703430176
0.00128173828
-0.00175476074
0.00639343262
-0.00576782227
-0.000289916992
-0.00559997559
0.0155639648
0.00216674805
0.0167999268
0.010055542
-0.0013885498
-0.00048828125
-0.00537109375
0.000991821289
-0.00248718262
0.000457763672
0.0127716064
-0.00657653809
-0.000259399414
0.00325012207
-0.000228881836
-0.00840759277
-0.00277709961
0.00965881348
0.00839233398
-0.0191650391
-0.0109863281
0.00784301758
0.000823974609
0.00836181641
-0.00132751465
-0.00143432617
-0.00473022461
0.00953674316
0.0141906738
0.0132141113
0.000869750977
-0.00103759766
-0.0062713623
-0.00674438477
-0.00289916992
0.00810241699
-0.00117492676
-0.00343322754
0.00347900391
0.00758361816
0.0101623535
-0.011932373
-0.0015411377
-0.00340270996
-0.011428833
0.0086517334
-0.00706481934
0.00880432129
0.00155639648
-0.0213012695
-0.00547790527
0.0211029053
-0.0119781494
0.0046081543
0.0109405518
0.0305938721
0.00787353516
-0.0219421387
0.0224456787
-0.00329589844
-0.00546264648
0.0102386475
0.018737793
0.0127105713
0.0834503174
0.293945312
0.253814697
0.175186157
-0.285522461
-0.185440063
0.290466309
0.269515991
0.0497589111
0.0988616943
-0.153869629
0.0119781494
0.336776733
-0.314331055
-0.296783447
-0.320404053
-0.0093536377
0.00291442871
-0.0112609863
0.0232696533
0.00433349609
0.0179138184
0.0057220459
-0.000534057617
0.0204315186
-0.00749206543
-0.022644043
0.00498962402
-0.0151824951
-0.00602722168
0.0176849365
-0.00921630859
0.000473022461
0.00152587891
0.00772094727
0.000991821289
0.000762939453
0.00384521484
-0.00183105469
-0.00372314453
0.00202941895
0.00166320801
0.00942993164
-0.00399780273
0.00390625
0.000961303711
0.00274658203
0.00323486328
-0.0227661133
-0.000823974609
0.00500488281
-0.00276184082
-0.0116729736
-0.00765991211
-9.15527344e-05
0.00332641602
-0.00752258301
0.00651550293
0.000900268555
0.00506591797
0.005859375
-0.0013885498
0.00637817383
-0.00350952148
