-0.212966919
-0.265090942
0.235595703
-0.246139526
0.254104614
-0.262268066
-0.175415039
-0.00518798828
0.242462158
-0.29145813
0.312866211
0.0897521973
-0.257476807
-0.237304688
-0.0294189453
0.265457153
0.000869750977
-0.0036315918
-0.000381469727
-0.00143432617
0.0054473877
-0.0011138916
-0.00241088867
0.00225830078
0.00065612793
-0.00312805176
-0.0032043457
-0.0105743408
-0.00561523438
-0.0022277832
0.00102233887
-0.00105285645
0.0247039795
-0.0234069824
0.0335540771
0.0157012939
-0.0120849609
0.0152587891
-0.0304412842
0.00923156738
0.0382537842
0.00791931152
0.0110168457
0.0124053955
0.0178527832
0.00596618652
-0.0179290771
-0.0103302002
0.00953674316
0.000457763672
-0.00410461426
-0.0130462646
-0.00622558594
0.000839233398
0.00856018066
-0.00413513184
0.0104522705
-0.00480651855
0.00482177734
-0.00178527832
-0.0034942627
-0.000381469727
0.00254821777
-0.00277709961
0.00477600098
-0.000564575195
0.00103759766
0.00151062012
0.00941467285
0.000442504883
-0.00199890137
-0.012588501
-0.00721740723
0.00479125977
-0.00512695312
-0.00161743164
-0.000442504883
0.000457763672
0.00216674805
-0.00398254395
-0.00390625
0.00495910645
0.00680541992
0.00630187988
-0.0139007568
-0.000869750977
-0.00366210938
-0.00677490234
0.0106506348
0.013961792
-0.00144958496
-0.0146636963
-0.0124359131
0.0423278809
0.00231933594
0.010559082
-0.0140838623
0.00178527832
-0.000473022461
0.00190734863
0.0030670166
0.0106506348
-0.00189208984
0.00173950195
-0.00456237793
-0.0146789551
-0.00260925293
0.00199890137
-0.00227355957
-0.00201416016
-0.00567626953
-0.00469970703
0.0119628906
0.00462341309
0.00973510742
-0.00650024414
-0.00352478027
-0.00177001953
-0.00256347656
-0.0044708252
-0.012512207
0.0029296875
0.00718688965
-0.00561523438
0.00662231445
0.0066986084
-0.00103759766
0.0113830566
-0.02293396
0.012512207
0.00975036621
0.00399780273
-0.0198516846
-0.0202331543
-0.00224304199
0.0441894531
-0.0249328613
0.0280303955
0.0449523926
0.0355072021
-0.00155639648
-0.0236053467
0.016708374
0.0277557373
-0.025970459
0.0119628906
0.00958251953
-0.00801086426
0.00900268555
-0.00517272949
0.00715637207
0.0130157471
0.00227355957
-0.00578308105
0.0235900879
-0.00425720215
-0.00392150879
-0.00468444824
0.00631713867
0.00323486328
