0.0000762939
0.0042419434
-0.0055847168
-0.0058746338
-0.0086059570
-0.0040283203
-0.0067291260
0.0032348633
-0.0056610107
-0.0155334473
-0.0028228760
0.0113525391
-0.0035095215
-0.0114135742
-0.0001983643
-0.0033416748
-0.2963714600
0.3311920166
0.0848388672
-0.3282928467
0.0151214600
0.2548370361
-0.0346832275
0.3305969238
0.3274383545
0.1632385254
-0.1308441162
0.0829010010
0.2404479980
-0.3372802734
0.0657653809
0.0652008057
0.0041961670
0.0011749268
0.0150909424
0.0240936279
0.0265960693
0.0040435791
-0.0052642822
-0.0063018799
-0.0010070801
0.0042572021
-0.0011291504
0.0173339844
0.0018310547
0.0050354004
0.0037384033
-0.0057373047
0.0040435791
-0.0030975342
-0.0066680908
-0.0079956055
0.0069274902
0.0013427734
-0.0057220459
0.0038299561
-0.0082855225
-0.0047760010
0.0072784424
0.0097808838
-0.0065765381
-0.0029907227
-0.0031127930
-0.0143432617
-0.0014495850
0.0131072998
-0.0020904541
-0.0172882080
0.0066986084
0.0079193115
0.0114135742
0.0006408691
-0.0197296143
0.0227966309
0.0104827881
-0.0116271973
0.0033264160
0.0109252930
0.0148620605
0.0149536133
0.0139617920
0.0038757324
0.0011291504
-0.0040893555
0.0086212158
-0.0217285156
0.0136413574
-0.0030364990
-0.0051727295
0.0025939941
-0.0130615234
0.0083770752
-0.0211334229
-0.0012054443
-0.0105285645
-0.0422210693
-0.0006256104
-0.0045776367
-0.0100708008
0.0052185059
-0.0034942627
0.0104827881
-0.0031127930
-0.0002899170
-0.0039825439
-0.0054473877
-0.0044403076
0.0021972656
0.0092163086
0.0013885498
0.0038452148
0.0020141602
0.0089263916
-0.0001831055
0.0045471191
0.0019989014
-0.0066680908
-0.0059661865
-0.0059814453
0.0019073486
-0.0060119629
0.0016784668
0.0006866455
-0.0028381348
0.0014953613
-0.0007019043
0.0034942627
-0.0029449463
-0.0144958496
0.0034790039
0.0216369629
-0.0052337646
-0.0020141602
0.0154724121
0.0102539062
0.0087890625
-0.0027008057
-0.0162200928
-0.0060729980
0.0042572021
-0.0211029053
-0.0063781738
0.0159149170
-0.0052947998
0.0007019043
-0.0024261475
-0.0002288818
0.0008850098
-0.0147857666
0.0034179688
-0.0002746582
-0.0027313232
0.0006408691
-0.0020904541
-0.0023193359
-0.0021362305
-0.0005187988
-0.0012207031
-0.0005035400
0.0030670166
