-0.0093841553
-0.0085754395
0.0052642822
0.0034942627
0.0060272217
0.0049591064
-0.0028228760
0.0019378662
-0.0053710938
0.0018310547
0.0009155273
-0.0042266846
-0.0020141602
0.0001220703
0.0036621094
0.0051116943
0.0035705566
0.0016784668
-0.0145416260
0.0054168701
-0.0182800293
-0.0064392090
0.0002288818
-0.0052947998
-0.0051574707
0.0093383789
0.0009460449
-0.0062866211
0.0086669922
0.0058135986
0.0059051514
-0.0039215088
-0.0007781982
-0.0097961426
-0.0068969727
-0.0036163330
-0.0002136230
-0.0037841797
-0.0042266846
0.0066986084
0.0073547363
-0.0008239746
-0.0010833740
0.0090332031
-0.0003662109
-0.0110168457
-0.0036926270
0.0045776367
-0.0021514893
-0.0035095215
0.0009613037
0.0021667480
-0.0009918213
-0.0001373291
0.0047302246
-0.0020904541
-0.0007934570
-0.0027313232
-0.0046691895
-0.0005035400
0.0009307861
-0.0039672852
0.0049133301
0.0086517334
-0.0019989014
-0.0182647705
-0.0041961670
0.0237579346
-0.0035705566
-0.0050201416
-0.0063629150
0.0055389404
-0.0026550293
-0.0088958740
-0.0108032227
0.0023193359
0.0003051758
-0.0005645752
0.0030822754
-0.0068817139
0.0063018799
-0.0032196045
0.0043029785
-0.0021820068
0.0002136230
-0.0009765625
0.0022735596
-0.0047454834
0.0058288574
-0.0032653809
-0.0015563965
-0.0004425049
0.0068664551
-0.0036926270
-0.0024871826
-0.0047607422
0.0010375977
-0.0076446533
0.0117340088
-0.0102844238
0.0106964111
0.0124511719
-0.0232849121
-0.0191345215
0.0207366943
-0.0109405518
0.0154113770
0.0092926025
0.0016937256
0.0118560791
-0.0021057129
0.0107574463
0.0055694580
0.0020599365
0.0125122070
0.0001220703
-0.0032653809
0.0018768311
-0.0063934326
-0.0030670166
-0.0116271973
0.0009918213
0.0086517334
-0.0038757324
0.0087432861
-0.0001220703
-0.0047302246
0.0061035156
-0.3540039062
0.2925415039
0.0339202881
0.0706329346
-0.3005981445
0.0093841553
-0.1971435547
0.3553009033
-0.3111267090
0.1702575684
0.1834564209
0.3327178955
0.0848541260
-0.2335052490
0.1558685303
0.3077697754
0.0014953613
0.0019378662
-0.0031585693
0.0000000000
0.0002136230
-0.0005340576
-0.0010528564
-0.0001678467
0.0016021729
-0.0013732910
-0.0011749268
0.0006561279
-0.0018920898
-0.0021514893
-0.0010375977
-0.0006561279
