0.0038604736
0.0061492920
-0.0234375000
-0.0137481689
0.0170745850
-0.0023803711
-0.0018005371
-0.0009155273
-0.0000457764
0.0191650391
0.0004730225
-0.0054626465
0.0124816895
-0.0048675537
0.0003204346
-0.0073242188
-0.0046081543
0.0025329590
0.0007934570
-0.0026092529
0.0005950928
0.0032653809
0.0030670166
0.0040893555
0.0027465820
0.0174713135
0.0027465820
-0.0005035400
0.0091400146
-0.0032806396
0.0071563721
-0.0100708008
0.0143280029
-0.0011291504
0.0217285156
0.0172576904
0.0015716553
-0.0003509521
-0.0056762695
-0.0129699707
0.0058746338
-0.0046081543
0.0097351074
-0.0111541748
0.0030975342
0.0011138916
0.0071258545
-0.0026245117
0.0156707764
-0.0066986084
-0.0086212158
-0.0397491455
-0.0122680664
0.0334930420
0.0205535889
-0.0036315918
0.0006256104
-0.0115509033
0.0162658691
0.0211791992
-0.0120391846
0.0098571777
0.0301818848
-0.0010528564
0.0073852539
0.0001983643
0.0167388916
-0.0054779053
-0.0202178955
0.0155181885
0.0000762939
-0.0077667236
-0.0042572021
0.0178375244
-0.0099945068
-0.0018615723
-0.0123138428
0.0132141113
-0.0023345947
0.0073699951
-0.0223693848
-0.0256500244
0.0007781982
0.0375976562
-0.0034332275
0.0342254639
-0.0057067871
0.0334472656
0.0532531738
-0.0232543945
0.0368041992
-0.0238800049
0.0016784668
0.0659027100
0.0501861572
0.0639801025
0.2125701904
0.2924652100
0.2586517334
0.1545715332
-0.2398223877
-0.1942749023
0.2586822510
0.2319641113
0.1325225830
0.0576477051
-0.0845489502
0.0101776123
0.2780303955
-0.2819519043
-0.3467864990
-0.2989349365
0.0000152588
0.0036468506
-0.0050964355
0.0032501221
0.0052947998
0.0013427734
0.0021209717
0.0016632080
-0.0035400391
-0.0011444092
0.0007629395
-0.0003967285
-0.0042877197
0.0024719238
0.0081481934
0.0019836426
0.0063018799
-0.0030059814
-0.0047149658
0.0000762939
0.0012359619
0.0046234131
0.0053558350
-0.0113220215
0.0064239502
0.0038452148
-0.0019073486
-0.0158996582
-0.0018157959
0.0064544678
-0.0008239746
-0.0028991699
-0.0126037598
0.0019531250
0.0013732910
-0.0035858154
0.0012664795
-0.0074462891
0.0044403076
-0.0080871582
-0.0048828125
0.0017547607
-0.0117492676
0.0100097656
0.0016937256
0.0037078857
-0.0087585449
-0.0120239258
