0.0009002686
0.0056152344
-0.0105285645
-0.0049591064
-0.0305938721
0.0101928711
-0.0009307861
0.0003509521
-0.0082702637
-0.0121307373
-0.0025939941
0.0225830078
-0.0025939941
-0.0118408203
0.0023345947
0.0005645752
-0.3217773438
0.3326568604
0.1214294434
-0.3443908691
0.0059509277
0.2744903564
-0.0529479980
0.3395843506
0.3596801758
0.1526794434
0.0049133301
0.1058654785
0.2371826172
-0.3605804443
-0.0182800293
0.0210723877
-0.0002899170
-0.0040130615
0.0018005371
-0.0020599365
-0.0015106201
0.0018005371
0.0034637451
-0.0018768311
-0.0006103516
0.0025634766
0.0019683838
-0.0071716309
0.0014801025
0.0011291504
-0.0006256104
-0.0030212402
0.0102691650
-0.0035247803
0.0014648438
-0.0101165771
0.0114898682
0.0034484863
-0.0051269531
0.0069885254
-0.0086059570
-0.0045623779
0.0058593750
0.0212097168
0.0022583008
-0.0058441162
-0.0064392090
-0.0101776123
0.0055389404
0.0041046143
0.0011291504
0.0047302246
0.0061340332
0.0089569092
-0.0008087158
-0.0165557861
-0.0122375488
0.0070190430
0.0100097656
-0.0074157715
0.0097961426
-0.0102233887
0.0053710938
0.0084838867
0.0048675537
0.0021514893
0.0051574707
-0.0019683838
0.0064239502
-0.0113677979
0.0069732666
-0.0006256104
0.0017700195
0.0032196045
-0.0034179688
-0.0009613037
-0.0138549805
0.0012359619
0.0006408691
-0.0297851562
0.0027465820
-0.0041198730
0.0079650879
-0.0017547607
0.0000457764
0.0041503906
-0.0045471191
-0.0046234131
0.0055084229
-0.0110778809
0.0103912354
-0.0069885254
0.0071258545
0.0043792725
-0.0097045898
0.0026550293
0.0027770996
0.0004882812
0.0012054443
-0.0008239746
-0.0055999756
0.0025482178
-0.0031433105
0.0027618408
-0.0117187500
0.0004730225
-0.0024414062
-0.0057525635
0.0006561279
-0.0000457764
0.0052795410
-0.0089111328
-0.0055389404
-0.0021972656
0.0185699463
-0.0022430420
0.0039215088
0.0079803467
0.0049438477
-0.0001983643
0.0033721924
-0.0071563721
-0.0058593750
-0.0010986328
-0.0110168457
-0.0039367676
0.0153198242
-0.0088195801
0.0000762939
-0.0014953613
-0.0019683838
0.0032653809
-0.0047607422
0.0005645752
-0.0010681152
-0.0046844482
0.0022125244
-0.0019836426
-0.0035095215
0.0026702881
0.0010833740
-0.0171203613
0.0049438477
-0.0026092529
