0.0010375977
0.0132446289
-0.0278778076
-0.0030212402
-0.0359191895
0.0015869141
0.0105285645
-0.0027160645
-0.0154418945
0.0056457520
-0.0086822510
0.0109405518
0.0072174072
-0.0121765137
0.0218200684
-0.0036163330
-0.3244628906
0.3401641846
0.1227569580
-0.3481140137
0.0154724121
0.2793121338
-0.0996856689
0.3400115967
0.3636016846
0.0655517578
0.0476226807
0.1007385254
0.2092437744
-0.3643035889
-0.0764770508
-0.0101928711
-0.0016937256
-0.0114440918
-0.0055999756
-0.0004577637
-0.0050964355
-0.0020751953
0.0042419434
-0.0105438232
0.0051422119
-0.0047454834
0.0108642578
-0.0172576904
0.0101470947
0.0077362061
-0.0070343018
0.0028686523
0.0044403076
0.0011444092
0.0134124756
-0.0223388672
0.0142822266
-0.0061035156
-0.0122528076
0.0008697510
-0.0229797363
-0.0175323486
0.0043792725
-0.0004577637
-0.0004730225
-0.0079803467
-0.0030212402
-0.0161132812
0.0025177002
0.0021209717
0.0003509521
-0.0031585693
-0.0008087158
0.0013885498
-0.0020446777
-0.0108184814
0.0021362305
-0.0025482178
-0.0009002686
-0.0022125244
0.0025634766
-0.0071716309
0.0039672852
-0.0062713623
-0.0015106201
0.0024871826
0.0075073242
-0.0019683838
0.0054473877
-0.0027160645
0.0020141602
-0.0000915527
0.0027923584
0.0084991455
-0.0037689209
-0.0018768311
-0.0035247803
0.0000457764
0.0007019043
-0.0167541504
0.0002593994
-0.0034179688
0.0063781738
-0.0057067871
0.0026702881
-0.0020141602
-0.0012512207
-0.0026550293
0.0029449463
-0.0028686523
0.0065002441
-0.0021362305
-0.0052185059
0.0001373291
-0.0052032471
0.0041198730
0.0020751953
-0.0051422119
0.0046539307
0.0062103271
0.0004577637
0.0070495605
-0.0047302246
0.0057067871
-0.0074310303
-0.0007934570
-0.0072784424
-0.0015411377
-0.0065917969
-0.0025939941
-0.0011291504
-0.0074768066
-0.0021820068
0.0014495850
0.0036621094
-0.0009155273
-0.0005035400
-0.0004425049
-0.0017852783
-0.0001068115
-0.0008850098
-0.0011901855
-0.0013732910
0.0011291504
0.0007019043
-0.0056610107
0.0063934326
0.0002899170
0.0014190674
-0.0118408203
0.0005035400
0.0032958984
0.0026245117
0.0024108887
0.0001220703
-0.0025787354
0.0062255859
-0.0030364990
-0.0085754395
0.0006103516
-0.0012664795
-0.0117340088
0.0125122070
-0.0001831055
