-0.0039367676
-0.0046997070
-0.0047302246
-0.0044403076
-0.0093231201
-0.0012969971
-0.0003051758
-0.0067901611
0.0037231445
-0.0050201416
-0.0008392334
0.0100097656
0.0051727295
0.0040893555
0.0000915527
0.0042877197
0.0197296143
-0.0031890869
-0.0186767578
0.0250701904
-0.0107421875
-0.0163269043
0.0066528320
-0.0254669189
-0.0241851807
0.0091094971
-0.0176849365
0.0041198730
0.0223388672
0.0240325928
-0.0018920898
-0.0181274414
0.0123748779
0.0195159912
0.0071411133
-0.0109558105
0.0074005127
0.0045623779
-0.0142669678
0.0055236816
0.0126495361
0.0137176514
-0.0014495850
0.0129547119
-0.0025329590
-0.0156555176
-0.0153808594
-0.0059509277
-0.1985778809
0.1697540283
0.2755584717
-0.2534332275
0.2322540283
-0.2778625488
-0.2298126221
0.0793914795
-0.2301940918
-0.2880859375
-0.3343963623
-0.1549072266
0.1853027344
0.2589721680
-0.2185211182
0.2980957031
-0.0103912354
-0.0064697266
-0.0070953369
-0.0059051514
-0.0103454590
-0.0096435547
0.0059967041
0.0029296875
0.0085754395
-0.0133972168
-0.0039215088
-0.0157318115
0.0168609619
0.0065917969
-0.0071716309
0.0041961670
-0.0063476562
-0.0013580322
-0.0027313232
0.0160064697
0.0253906250
0.0051422119
-0.0118713379
-0.0014953613
-0.0081481934
-0.0068359375
-0.0054626465
0.0264739990
0.0117187500
0.0036163330
-0.0094146729
0.0213165283
-0.0103759766
0.0006866455
-0.0030670166
0.0014648438
0.0016174316
0.0063629150
-0.0027618408
-0.0004882812
-0.0010986328
0.0037841797
-0.0020904541
0.0032043457
-0.0094909668
0.0067901611
0.0010681152
0.0032348633
0.0155792236
0.0274963379
-0.0189056396
-0.0010223389
0.0178070068
-0.0146942139
0.0291137695
-0.0059356689
-0.0132598877
0.0026550293
0.0071716309
-0.0335845947
0.0011901855
0.0468292236
0.0380249023
0.0236511230
-0.0017547607
0.0021209717
-0.0010375977
-0.0094909668
-0.0019531250
0.0072174072
-0.0176849365
0.0067749023
0.0029449463
0.0032043457
-0.0026397705
0.0019378662
0.0064849854
0.0130920410
0.0009002686
-0.0013580322
-0.0128631592
-0.0064392090
0.0032958984
-0.0134277344
0.0023193359
0.0034942627
0.0080413818
0.0038299561
0.0028381348
0.0002899170
-0.0013885498
0.0004425049
-0.0078735352
0.0154724121
-0.0056304932
0.0033111572
