-0.0059661865
0.0066223145
-0.0262603760
-0.0114593506
-0.0305328369
0.0011291504
0.0071258545
-0.0006408691
-0.0075683594
-0.0010986328
-0.0001220703
0.0287933350
0.0023803711
-0.0216674805
0.0198364258
0.0033721924
-0.3303222656
0.3336334229
0.1107025146
-0.3458404541
0.0515136719
0.2787780762
-0.0615539551
0.3426971436
0.3594665527
0.1174926758
0.0438385010
0.0543518066
0.1940307617
-0.3614807129
-0.0344085693
0.0226135254
0.0026855469
-0.0030364990
-0.0034332275
-0.0029296875
-0.0031433105
0.0015106201
0.0024414062
-0.0044555664
0.0054016113
0.0012664795
0.0090026855
-0.0125885010
0.0014038086
0.0045318604
-0.0049591064
-0.0012512207
0.0114288330
0.0114288330
0.0298309326
-0.0327606201
0.0276947021
-0.0045013428
-0.0089874268
0.0089416504
-0.0207366943
-0.0205688477
0.0040588379
0.0165100098
0.0238342285
-0.0013885498
-0.0107727051
-0.0070953369
0.0023040771
-0.0042877197
0.0003814697
-0.0036315918
-0.0027008057
0.0045318604
-0.0041351318
-0.0101776123
-0.0030517578
-0.0014190674
-0.0025177002
-0.0058593750
0.0119018555
-0.0091552734
0.0059356689
0.0084381104
0.0033874512
0.0019531250
0.0093994141
-0.0024871826
0.0045471191
-0.0019073486
0.0028228760
-0.0012664795
0.0028381348
0.0084075928
0.0017089844
-0.0014038086
-0.0100097656
0.0043487549
0.0054016113
-0.0075378418
0.0033416748
-0.0013122559
0.0098114014
-0.0025482178
0.0013885498
-0.0002288818
-0.0012054443
-0.0026092529
0.0043792725
-0.0045166016
0.0052642822
-0.0085601807
-0.0061187744
0.0004882812
-0.0076904297
0.0016174316
-0.0022735596
-0.0040435791
-0.0024566650
-0.0018310547
-0.0097198486
0.0100708008
-0.0070343018
-0.0022583008
-0.0174102783
0.0063781738
-0.0102233887
-0.0032653809
-0.0024261475
-0.0027008057
0.0058898926
-0.0108337402
-0.0052032471
0.0017395020
0.0070800781
-0.0036468506
-0.0016784668
0.0016174316
0.0045013428
0.0010833740
0.0007476807
-0.0096282959
-0.0008087158
0.0024719238
-0.0061187744
-0.0060882568
0.0072631836
-0.0009460449
-0.0050659180
-0.0013885498
0.0001373291
0.0002899170
-0.0013427734
-0.0003662109
0.0006408691
-0.0009765625
0.0025787354
-0.0019226074
-0.0009002686
0.0014343262
-0.0006256104
-0.0042266846
-0.0001525879
-0.0022583008
