0.0079498291
0.0058288574
0.0025634766
0.0119781494
-0.0083618164
0.0093841553
0.0169830322
0.0069885254
-0.0089874268
0.0129241943
-0.0146484375
0.0012969971
0.0023956299
0.0042724609
0.0042419434
0.0050201416
-0.0067901611
0.0062866211
0.0021820068
-0.0109710693
0.0002288818
0.0055694580
-0.0050201416
0.0104370117
0.0119018555
-0.0030975342
0.0011291504
-0.0016632080
0.0011444092
-0.0113372803
-0.0030059814
0.0016937256
0.0029449463
0.0040283203
0.0103454590
0.0309295654
0.0023498535
0.0026855469
-0.0013275146
-0.0006103516
-0.0187225342
0.0030212402
0.0139770508
-0.0085144043
0.0161895752
0.0049438477
0.0314025879
-0.0046844482
-0.0258331299
0.0013732910
-0.0001220703
0.0049743652
0.0068206787
0.0034484863
0.0025634766
0.0049133301
-0.0026092529
-0.0087432861
-0.0054931641
-0.0009460449
-0.0010223389
0.0052490234
-0.0002136230
-0.0048675537
-0.0050048828
-0.0202636719
-0.0075988770
-0.0060882568
-0.0214843750
-0.0073394775
-0.0023651123
0.0065765381
0.0047912598
-0.0130004883
-0.0168914795
-0.0055389404
0.0065612793
-0.0053405762
0.0103302002
-0.0171966553
-0.0082702637
-0.0043945312
0.0046844482
0.0065765381
0.0036010742
-0.0050354004
-0.0103912354
0.0073242188
0.0089721680
-0.0021362305
0.0049133301
-0.0028228760
0.0021820068
0.0218200684
-0.0052185059
-0.0058898926
-0.0260314941
0.3116302490
0.1350097656
0.2376556396
-0.3276214600
-0.1045532227
0.3144378662
0.3234100342
0.0550537109
0.1860198975
-0.2571563721
0.0370635986
0.1617126465
-0.2579345703
-0.2709045410
-0.3281707764
0.0045318604
0.0060424805
0.0019378662
0.0031890869
0.0076599121
-0.0001220703
0.0076751709
0.0037536621
0.0047912598
-0.0063171387
-0.0000457764
-0.0047607422
-0.0040588379
0.0074615479
0.0100860596
0.0046539307
0.0007019043
0.0010681152
0.0126342773
0.0051269531
-0.0013885498
0.0017089844
-0.0209655762
0.0011444092
-0.0000152588
-0.0172729492
0.0035552979
-0.0035095215
-0.0014495850
-0.0129089355
-0.0063781738
0.0032806396
0.0063323975
-0.0108795166
0.0041809082
0.0129089355
0.0087890625
-0.0113220215
0.0025482178
-0.0206756592
-0.0130004883
0.0037536621
-0.0170440674
0.0124511719
0.0128173828
0.0265960693
0.0265655518
-0.0109100342
