-0.0067138672
-0.0059204102
-0.0000305176
-0.0007324219
-0.0039215088
0.0078735352
0.0009307861
-0.0062408447
-0.0016174316
0.0003662109
-0.0006561279
0.0023040771
0.0043334961
0.0019531250
0.0070190430
0.0036315918
0.0048675537
0.0013427734
-0.0126342773
0.0079956055
-0.0080871582
-0.0062103271
0.0113372803
-0.0090789795
-0.0083160400
-0.0030212402
-0.0080261230
-0.0078887939
0.0084838867
0.0076904297
-0.0137023926
0.0037994385
0.0017242432
-0.0096893311
0.0065917969
0.0085296631
0.0033569336
-0.0026550293
-0.0030059814
-0.0058135986
-0.0072479248
-0.0036926270
0.0009002686
-0.0027923584
-0.0024108887
-0.0032653809
-0.0053863525
-0.0045471191
0.0054931641
0.0034027100
-0.0022430420
-0.0005493164
-0.0075988770
0.0031890869
0.0096893311
-0.0140686035
0.0064392090
-0.0090637207
0.0011291504
0.0002288818
-0.0089416504
0.0040740967
0.0136566162
-0.0029907227
0.0031890869
0.0061340332
0.0004425049
-0.0010223389
0.0043334961
-0.0008697510
-0.0068511963
0.0022125244
0.0035552979
0.0003356934
-0.0030212402
0.0129547119
-0.0053253174
-0.0072784424
-0.0010833740
-0.0041351318
0.0043945312
0.0001678467
-0.0137023926
0.0018920898
0.0010681152
0.0009307861
-0.0000457764
-0.0009460449
-0.0091705322
0.0041198730
0.0036468506
-0.0017395020
0.0145416260
-0.0076751709
-0.0058135986
0.0039825439
-0.1034698486
0.2586517334
-0.0852813721
0.3085784912
-0.2617187500
-0.1415863037
0.3201446533
0.3107910156
-0.0017700195
0.1017608643
-0.3612976074
0.2201995850
0.0652160645
-0.3265686035
0.1498718262
-0.3058319092
0.0020904541
-0.0018920898
0.0020904541
0.0042114258
0.0005798340
-0.0007629395
-0.0026550293
0.0051727295
0.0043487549
-0.0020446777
0.0000457764
-0.0034179688
-0.0023040771
0.0001220703
0.0055236816
-0.0069274902
0.0068664551
-0.0082244873
-0.0127258301
0.0174560547
0.0074615479
0.0043029785
0.0070953369
-0.0091400146
0.0024871826
0.0246734619
-0.0063171387
-0.0025939941
-0.0129089355
0.0159149170
-0.0133819580
-0.0086364746
-0.0004272461
-0.0056762695
-0.0026550293
-0.0092773438
-0.0084991455
-0.0034484863
0.0077514648
-0.0034790039
-0.0013275146
-0.0010833740
0.0043792725
0.0034790039
-0.0087280273
0.0032043457
0.0057678223
0.0031127930
