0.0016174316
0.0000457764
0.0040588379
0.0062255859
0.0001068115
-0.0029296875
0.0014801025
0.0043792725
-0.0093841553
-0.0011901855
-0.0043487549
-0.0043792725
-0.0031890869
-0.0046386719
-0.0035552979
0.0024566650
0.0003662109
0.0021820068
-0.0029907227
-0.0028381348
-0.0081939697
-0.0008239746
0.0014038086
0.0029754639
0.0029449463
0.0065612793
0.0006561279
-0.0018768311
0.0100250244
-0.0032196045
-0.0045623779
-0.0013732910
0.0065917969
0.0030822754
0.0105285645
0.0019378662
-0.0018310547
0.0063934326
-0.0020446777
-0.0026092529
0.0046539307
0.0073852539
0.0034637451
0.0079498291
0.0033111572
0.0102081299
-0.0072326660
-0.0066528320
-0.0004882812
0.0028686523
0.0005035400
-0.0047149658
0.0055389404
-0.0015563965
0.0037536621
-0.0140686035
0.0041961670
-0.0047912598
0.0073242188
-0.0036315918
-0.0022125244
-0.0022125244
0.0046997070
-0.0081939697
0.0162963867
0.0379028320
0.0235443115
-0.0136108398
0.0571441650
0.0047607422
-0.0089263916
-0.0313873291
-0.0135192871
0.0156402588
0.0193939209
0.0213165283
-0.0049285889
-0.0048828125
0.0293121338
0.0061645508
-0.0071411133
-0.0069580078
-0.0053405762
0.0116577148
0.0105133057
-0.0097045898
-0.0066375732
-0.0110015869
-0.0034942627
0.0073699951
0.0145111084
-0.0007476807
-0.0007324219
-0.0015563965
0.0018615723
0.0038452148
-0.0429534912
0.3431701660
0.0488128662
0.2640380859
-0.2638854980
-0.2326660156
0.3125762939
0.2856292725
0.0251159668
0.1520843506
-0.2392120361
-0.2137451172
0.1747894287
-0.3101501465
-0.1605529785
-0.3647766113
0.0085754395
0.0016021729
0.0017547607
0.0002746582
0.0007019043
0.0007629395
0.0008544922
-0.0047302246
0.0052337646
0.0035552979
0.0003662109
-0.0039978027
-0.0047302246
0.0065307617
0.0045318604
-0.0015411377
-0.0124206543
0.0090789795
-0.0123748779
0.0058441162
-0.0122222900
-0.0155639648
-0.0033569336
0.0166473389
-0.0206909180
-0.0019531250
-0.0129547119
0.0165252686
0.0019989014
-0.0121002197
-0.0071868896
0.0106811523
-0.0013732910
0.0016479492
0.0050659180
0.0034027100
-0.0082550049
0.0005798340
-0.0021362305
0.0052490234
0.0026397705
0.0008392334
-0.0085601807
-0.0026702881
0.0030517578
-0.0030670166
0.0098876953
0.0027465820
