-0.0123291016
-0.0016632080
-0.0119934082
-0.0146789551
-0.0323638916
0.0167541504
-0.0097351074
-0.0032501221
-0.0085601807
-0.0195312500
0.0055084229
0.0290527344
-0.0061035156
-0.0239715576
0.0028228760
0.0071563721
-0.3323059082
0.3273315430
0.1202239990
-0.3456726074
-0.0010681152
0.2774353027
-0.0166320801
0.3393402100
0.3586425781
0.1522064209
0.0510101318
0.0825042725
0.2146911621
-0.3566284180
-0.0215148926
0.0008544922
0.0014953613
-0.0033264160
-0.0032348633
0.0000305176
-0.0070343018
0.0024414062
0.0053253174
-0.0011596680
0.0028228760
0.0051574707
0.0048980713
-0.0071868896
0.0021057129
0.0022888184
-0.0073852539
-0.0035400391
0.0225219727
0.0094299316
0.0283813477
-0.0473327637
0.0279541016
-0.0068206787
-0.0142059326
0.0092620850
-0.0160369873
-0.0318298340
-0.0073394775
0.0227813721
0.0180664062
0.0023651123
-0.0201110840
0.0029144287
0.0103759766
-0.0050811768
0.0052032471
0.0053863525
-0.0029144287
0.0178070068
-0.0134735107
-0.0236663818
-0.0234527588
0.0064544678
0.0064849854
-0.0064544678
0.0213928223
-0.0239257812
0.0102081299
0.0308380127
0.0052947998
0.0002136230
0.0012359619
-0.0000457764
0.0041503906
-0.0063323975
0.0052032471
0.0013885498
0.0009155273
0.0048675537
0.0034942627
-0.0011138916
-0.0101928711
0.0037841797
0.0029907227
-0.0120544434
-0.0004730225
-0.0034790039
0.0042877197
-0.0009002686
0.0018005371
0.0024261475
-0.0029907227
-0.0038299561
-0.0026245117
-0.0068664551
0.0064849854
-0.0081329346
-0.0011291504
0.0039215088
-0.0023498535
0.0035552979
0.0080413818
-0.0003814697
0.0020751953
0.0013732910
-0.0088043213
0.0038757324
-0.0043487549
-0.0034637451
-0.0123443604
0.0038757324
-0.0016479492
-0.0054779053
-0.0005035400
0.0019989014
0.0043945312
-0.0022888184
-0.0016479492
-0.0008850098
0.0160217285
0.0022735596
0.0012969971
0.0089416504
0.0033416748
-0.0028076172
0.0040283203
-0.0027923584
0.0029754639
-0.0040130615
-0.0060577393
-0.0047912598
0.0086822510
-0.0044860840
-0.0167541504
-0.0046081543
0.0048828125
-0.0026092529
-0.0035400391
-0.0012207031
0.0072937012
-0.0017395020
0.0049896240
-0.0093841553
-0.0041351318
0.0021057129
-0.0032653809
-0.0212860107
0.0047912598
-0.0025939941
