0.0034484863
-0.0001525879
-0.0088500977
0.0008087158
-0.0005645752
0.0048980713
0.0066528320
-0.0019378662
-0.0041656494
0.0221557617
-0.0010375977
-0.0084533691
0.0044097900
0.0048828125
0.0043029785
0.0057525635
-0.0050201416
0.0079345703
0.0013732910
-0.0054016113
0.0005340576
0.0035400391
0.0004730225
0.0058288574
0.0057983398
0.0038146973
-0.0026397705
0.0028381348
0.0106353760
-0.0060119629
-0.0050659180
0.0007476807
0.0027465820
-0.0017547607
0.0065307617
0.0114593506
-0.0016326904
-0.0039978027
0.0066833496
-0.0074157715
-0.0062103271
0.0011596680
0.0108795166
-0.0046081543
0.0002136230
-0.0028076172
0.0127258301
-0.0005187988
0.0090179443
0.0083770752
0.0000915527
-0.0265960693
-0.0149993896
0.0060272217
0.0168304443
-0.0132446289
0.0065307617
-0.0188446045
-0.0046844482
0.0130615234
-0.0045166016
0.0039062500
-0.0038452148
0.0005950928
-0.0077056885
-0.0013580322
-0.0279693604
0.0056610107
-0.0073242188
-0.0102844238
0.0121917725
0.0341033936
0.0325469971
-0.0195465088
0.0059204102
0.0090484619
-0.0249023438
-0.0160980225
-0.0138702393
-0.0222320557
0.0024719238
0.0068511963
0.0072631836
-0.0010833740
0.0087127686
-0.0087890625
-0.0031738281
-0.0029144287
-0.0065307617
0.0067443848
0.0067901611
-0.0048980713
-0.0378112793
0.0158081055
0.0079345703
-0.0032958984
0.0521240234
0.3366851807
0.1145477295
0.2509460449
-0.2781524658
-0.2281036377
0.3130340576
0.2872009277
0.0572662354
0.1201324463
-0.2742462158
0.0486602783
0.2089385986
-0.3594970703
-0.1379699707
-0.3763427734
-0.0079498291
0.0048675537
-0.0100860596
0.0033416748
0.0240173340
0.0218811035
0.0120391846
0.0055541992
0.0309143066
-0.0077667236
-0.0143280029
0.0098114014
-0.0269317627
-0.0065460205
0.0119476318
-0.0085144043
0.0035705566
-0.0000305176
-0.0098114014
-0.0091400146
0.0031127930
-0.0012817383
0.0134277344
-0.0100250244
0.0040740967
-0.0186157227
-0.0250854492
-0.0090332031
-0.0044250488
0.0153808594
-0.0142669678
-0.0096435547
-0.0189056396
-0.0008544922
0.0170898438
-0.0147705078
0.0137634277
0.0088500977
0.0159759521
0.0098571777
0.0114288330
-0.0122985840
-0.0050964355
-0.0069885254
-0.0110626221
0.0175628662
-0.0027465820
0.0040435791
