0.0001678467
-0.0014190674
0.0006866455
-0.0028381348
-0.0043945312
-0.0047760010
-0.0053253174
-0.0006713867
-0.0024261475
-0.0034332275
0.0018310547
0.0023956299
-0.0027618408
-0.0015258789
0.0005645752
0.0014648438
0.0081481934
-0.0127410889
0.0133819580
0.0020751953
-0.0037841797
-0.0054779053
0.0079193115
-0.0046234131
-0.0028686523
-0.0204925537
0.0035247803
0.0078430176
-0.0187988281
0.0020751953
-0.0063323975
0.0051879883
0.0228424072
0.0202331543
0.0068969727
0.0313720703
0.0193328857
0.0159454346
-0.0195617676
-0.0110321045
0.0041656494
0.0175170898
0.0015563965
0.0114288330
-0.0070343018
0.0032348633
-0.0056762695
-0.0211486816
-0.2987823486
0.1834411621
0.2844390869
-0.1192169189
0.2579650879
-0.3042297363
-0.2654571533
0.0857086182
-0.2249908447
-0.1894378662
-0.2918548584
-0.1740112305
0.2747192383
0.2863159180
-0.1980590820
0.1855773926
-0.0034027100
-0.0075225830
-0.0014038086
0.0050964355
-0.0083160400
-0.0080261230
-0.0025329590
-0.0093688965
0.0032653809
-0.0080413818
-0.0108184814
-0.0053253174
0.0067291260
0.0049896240
-0.0061950684
-0.0127716064
0.0151062012
0.0059051514
-0.0182037354
0.0015716553
0.0084533691
-0.0189666748
0.0044097900
-0.0130920410
-0.0132751465
0.0267944336
-0.0122833252
0.0614013672
0.0016326904
-0.0161437988
-0.0243682861
-0.0063629150
0.0044860840
0.0068359375
-0.0094909668
0.0035858154
-0.0038452148
-0.0066070557
0.0031890869
0.0077362061
-0.0055084229
0.0133514404
-0.0079193115
0.0028839111
0.0032043457
-0.0026245117
-0.0048522949
-0.0065460205
0.0093383789
0.0097503662
-0.0003967285
0.0162353516
0.0121917725
-0.0213623047
0.0095672607
0.0061950684
-0.0025939941
-0.0102081299
0.0165557861
-0.0010681152
0.0067291260
0.0060119629
-0.0024261475
0.0179138184
0.0069732666
-0.0061035156
-0.0076446533
-0.0078887939
0.0037536621
0.0181427002
-0.0135040283
0.0003204346
-0.0001220703
-0.0072937012
-0.0174102783
0.0030517578
0.0251922607
-0.0015106201
0.0055084229
-0.0076599121
-0.0024719238
-0.0026245117
0.0074920654
-0.0048675537
0.0046081543
0.0075683594
0.0077209473
-0.0002136230
0.0012054443
-0.0044250488
-0.0057373047
-0.0048217773
-0.0035095215
0.0061492920
-0.0072937012
0.0071411133
