0.0045928955
0.0086059570
-0.0155487061
-0.0024261475
0.0218963623
0.0127868652
0.0071716309
-0.0106964111
-0.0044708252
0.0174713135
-0.0012664795
-0.0041961670
0.0130920410
0.0043029785
0.0075531006
-0.0026245117
-0.0011901855
-0.0004425049
0.0017852783
0.0013122559
0.0067901611
0.0007781982
0.0054626465
-0.0009765625
-0.0004119873
-0.0088348389
0.0020599365
-0.0005950928
-0.0043029785
0.0010223389
0.0060577393
-0.0126495361
-0.0093688965
0.0048980713
0.0237884521
-0.0254669189
-0.0337219238
0.0118560791
0.0097961426
0.0369873047
0.0158386230
0.0147857666
-0.0189819336
0.0284881592
0.0036315918
-0.0170288086
-0.0126037598
-0.0015563965
-0.2243957520
0.1723632812
0.3553619385
-0.1866149902
0.2751312256
-0.2214813232
-0.2457122803
0.0453643799
-0.2188568115
-0.2955017090
-0.2573089600
-0.1404266357
0.1941223145
0.2075195312
-0.1851806641
0.3026580811
0.0036621094
0.0035552979
0.0000305176
-0.0104827881
0.0083618164
0.0019683838
-0.0011291504
-0.0046691895
0.0041351318
-0.0018615723
-0.0001525879
0.0029296875
0.0016021729
-0.0103454590
-0.0005340576
0.0044708252
-0.0047454834
-0.0148620605
0.0038146973
-0.0000610352
0.0206298828
-0.0107421875
-0.0161132812
-0.0251770020
-0.0083618164
-0.0031738281
-0.0037231445
-0.0224456787
-0.0048828125
0.0002899170
-0.0230560303
-0.0148773193
0.0011444092
0.0002441406
-0.0001525879
-0.0002288818
-0.0010681152
0.0007934570
0.0007019043
0.0001678467
-0.0006713867
-0.0004425049
0.0019073486
0.0055694580
-0.0027923584
0.0033264160
-0.0040283203
-0.0022277832
0.0067596436
0.0129852295
0.0010528564
-0.0030364990
0.0015716553
0.0014190674
-0.0002441406
0.0052642822
-0.0011901855
-0.0071563721
-0.0009002686
-0.0045623779
-0.0033416748
-0.0006408691
0.0060882568
-0.0039672852
-0.0184631348
0.0144500732
0.0042877197
0.0083312988
0.0015716553
-0.0123596191
-0.0064544678
0.0097808838
0.0145568848
-0.0046691895
-0.0128173828
-0.0133209229
-0.0043182373
0.0283050537
0.0162658691
-0.0254516602
0.0016326904
0.0025024414
0.0152435303
-0.0000915527
0.0170440674
0.0158538818
0.0048065186
0.0062713623
0.0151214600
-0.0093841553
-0.0326690674
-0.0179138184
-0.0109100342
-0.0187683105
0.0068206787
0.0191192627
