0.0089263916
0.0092163086
-0.0118103027
-0.0113983154
-0.0218505859
0.0089416504
0.0026245117
-0.0097198486
0.0089874268
-0.0017395020
-0.0028686523
0.0118713379
-0.0006561279
0.0001525879
0.0056457520
-0.0010223389
0.0003051758
0.0053863525
0.0037841797
0.0053253174
0.0035705566
0.0049743652
-0.0123748779
-0.0056457520
-0.0042572021
-0.0043029785
-0.0012969971
0.0177001953
0.0084686279
0.0043182373
0.0069427490
-0.0168914795
-0.0076751709
-0.0073547363
0.0012512207
-0.0022277832
-0.0267639160
-0.0041809082
0.0081481934
0.0196685791
-0.0011749268
-0.0015869141
-0.0183105469
0.0123138428
-0.0039520264
-0.0356140137
-0.0042877197
0.0132904053
-0.1564483643
0.1034088135
0.1691894531
-0.1256866455
0.0710906982
-0.0257720947
-0.0263061523
-0.0260925293
-0.0989837646
-0.1716613770
-0.0742950439
-0.0840301514
0.1069488525
0.0617370605
-0.0390930176
0.1408386230
0.0066986084
-0.0177459717
0.0164337158
-0.0313568115
-0.0049133301
0.0079193115
-0.0114746094
-0.0148162842
-0.0030822754
0.0047454834
-0.0052032471
-0.0023193359
0.0177917480
0.0031585693
-0.0079650879
-0.0084228516
-0.1544647217
-0.2120361328
0.0782775879
0.1800689697
-0.1399383545
0.1647033691
-0.1226196289
0.1374664307
0.1678924561
-0.1136779785
0.2315368652
-0.3220214844
0.0642242432
0.1745605469
0.2221221924
0.2714996338
-0.0018920898
-0.0034484863
0.0053100586
-0.0030975342
-0.0006713867
0.0036315918
0.0039825439
0.0038604736
0.0042419434
-0.0149993896
-0.0031280518
-0.0048065186
-0.0032501221
-0.0041198730
0.0106353760
-0.0085144043
-0.0030364990
0.0160217285
0.0059814453
-0.0151367188
0.0048217773
0.0092010498
-0.0044250488
0.0033111572
0.0010833740
-0.0038604736
0.0027923584
-0.0000915527
0.0004119873
-0.0045928955
-0.0022888184
-0.0043334961
0.0011596680
-0.0018463135
-0.0051269531
0.0173339844
0.0082244873
-0.0036315918
0.0000305176
-0.0096893311
0.0092468262
0.0210723877
-0.0038452148
-0.0126800537
-0.0105895996
0.0135192871
0.0071716309
-0.0090484619
0.0168609619
0.0099639893
0.0206756592
-0.0277709961
0.0215911865
0.0456695557
0.0222167969
0.0336303711
0.0321502686
-0.0293273926
0.0000610352
-0.0395812988
-0.0370178223
0.0137481689
-0.0171051025
0.0431365967
