-0.0045166016
0.0033416748
-0.0088500977
-0.0002899170
0.0029449463
0.0026550293
0.0005645752
0.0044250488
-0.0024871826
0.0015106201
-0.0030822754
-0.0019226074
0.0082550049
-0.0009918213
0.0005340576
-0.0062866211
-0.0022430420
0.0012359619
-0.0025482178
-0.0040130615
-0.0019073486
0.0015869141
0.0003356934
0.0053558350
0.0057678223
0.0024566650
0.0034790039
-0.0150756836
-0.0000457764
-0.0043945312
-0.0076904297
0.0101013184
-0.0071105957
0.0005798340
-0.0045928955
0.0018615723
0.0092315674
0.0032043457
0.0073394775
0.0092773438
0.0034790039
0.0051269531
-0.0094909668
-0.0049743652
-0.0086364746
-0.0072021484
-0.0100402832
-0.0020141602
0.0032043457
-0.0160675049
-0.0115661621
0.0102691650
0.0066070557
0.0031738281
0.0076446533
0.0175170898
0.0034027100
0.0014038086
-0.0111389160
0.0160064697
-0.0055236816
0.0016021729
0.0080871582
-0.0012512207
0.0184173584
0.0155944824
0.0172424316
0.0039978027
0.0230255127
0.0193939209
-0.0102386475
-0.0111236572
-0.0152435303
0.0252838135
-0.0194244385
0.0218048096
-0.0118255615
-0.0063476562
0.0019531250
0.0186767578
0.0030212402
0.0078887939
0.0068206787
0.0059204102
0.0056457520
-0.0007934570
0.0072479248
-0.0113067627
0.0041351318
0.0061645508
-0.0003204346
0.0111694336
0.0045013428
0.0130004883
-0.0018005371
0.0042572021
0.0135803223
0.0066833496
0.0093994141
0.0010986328
-0.0019378662
0.0107269287
-0.0212860107
-0.0005493164
0.0271301270
0.0195465088
0.0095672607
0.0015563965
0.0088958740
0.0104370117
-0.0179901123
0.0147857666
-0.0078430176
0.0113372803
-0.0042724609
-0.0072631836
0.0183258057
0.0019989014
0.0184173584
0.0009765625
0.0020751953
-0.0094604492
0.0135345459
-0.0010223389
0.0122070312
0.0103149414
0.0113220215
0.0125885010
0.0003814697
0.0053863525
-0.0057220459
-0.0153350830
-0.0058593750
-0.0044403076
0.0071716309
0.0005340576
-0.0011291504
0.0083312988
0.0110015869
-0.0008087158
0.0037841797
0.0021667480
-0.0085754395
0.0073699951
0.2645721436
-0.0367736816
-0.2755737305
0.3111724854
0.0011596680
-0.2679138184
-0.2877044678
-0.2670745850
-0.2437896729
0.2786254883
-0.1809692383
0.2928619385
0.2926635742
-0.0096435547
-0.0191955566
-0.3048248291
