-0.2260437012
-0.2470855713
0.2261352539
-0.2653350830
0.3256835938
-0.1807403564
-0.2855834961
0.0905914307
0.1981201172
-0.2684326172
0.3069305420
-0.0212554932
-0.2947692871
-0.2406311035
-0.0739746094
0.2267303467
0.0054779053
-0.0025939941
-0.0064392090
0.0051116943
0.0023651123
-0.0048522949
0.0006713867
-0.0035858154
-0.0058288574
-0.0071868896
-0.0124969482
-0.0128936768
0.0016326904
0.0056762695
-0.0019378662
-0.0115051270
0.0118255615
-0.0011596680
0.0043029785
0.0073089600
-0.0130310059
0.0066375732
-0.0022125244
-0.0071563721
0.0074157715
0.0034027100
-0.0104675293
-0.0031433105
0.0093078613
0.0128021240
-0.0073547363
-0.0045928955
0.0164947510
0.0076751709
0.0031890869
-0.0047454834
-0.0222015381
0.0072631836
-0.0041656494
-0.0005645752
0.0027618408
0.0045776367
0.0094146729
0.0113677979
-0.0068511963
-0.0057830811
-0.0072479248
-0.0146636963
-0.0071716309
0.0026702881
-0.0030059814
-0.0304718018
-0.0124053955
-0.0028076172
-0.0049896240
0.0076293945
-0.0096893311
-0.0045776367
0.0261688232
-0.0001983643
0.0153656006
-0.0003204346
0.0081787109
0.0116577148
-0.0006866455
0.0060882568
-0.0019073486
-0.0022277832
-0.0068511963
-0.0036315918
0.0099487305
0.0054321289
0.0061035156
0.0127868652
-0.0041503906
0.0095062256
-0.0052185059
0.0031127930
-0.0000457764
-0.0039062500
0.0007476807
-0.0033111572
-0.0033569336
-0.0087890625
0.0021514893
-0.0027160645
-0.0020446777
0.0026245117
0.0054016113
0.0011749268
-0.0003051758
-0.0076904297
0.0065155029
-0.0032196045
0.0019531250
-0.0039520264
0.0037384033
0.0014190674
0.0123901367
0.0095977783
0.0061645508
-0.0014648438
0.0018157959
-0.0034179688
0.0069732666
-0.0040130615
-0.0030517578
0.0078735352
0.0069732666
-0.0034027100
-0.0097656250
0.0068054199
0.0049285889
-0.0069885254
-0.0049591064
-0.0040130615
0.0064544678
-0.0049285889
-0.0070953369
-0.0037841797
0.0062408447
0.0019989014
0.0070953369
-0.0023651123
-0.0063171387
-0.0017852783
0.0053100586
-0.0003814697
-0.0069885254
0.0066986084
0.0024566650
0.0027465820
0.0124664307
-0.0036163330
-0.0066528320
-0.0007171631
-0.0081329346
0.0072021484
0.0028228760
0.0017547607
0.0074615479
0.0009613037
-0.0092773438
-0.0012817383
