0.0038299561
-0.0016784668
-0.0102691650
-0.0073394775
0.0017242432
-0.0025177002
0.0012817383
-0.0047149658
-0.0310974121
0.0049743652
0.0083312988
0.0059051514
-0.0092926025
-0.0238800049
0.0448303223
0.0160217285
-0.2929229736
0.2832641602
0.1464691162
-0.3352813721
0.0180816650
0.2449340820
-0.0502929688
0.3295593262
0.3595123291
0.0040435791
0.0259857178
0.0219268799
0.1867523193
-0.3471832275
-0.0889129639
-0.0077209473
0.0009002686
-0.0126190186
-0.0074310303
-0.0223541260
-0.0056915283
0.0009918213
0.0066528320
0.0079956055
0.0082244873
0.0139465332
-0.0062561035
-0.0103912354
0.0052185059
-0.0248107910
-0.0140533447
-0.0094451904
-0.0037384033
-0.0001220703
-0.0005798340
0.0019531250
-0.0006103516
0.0003967285
-0.0019226074
-0.0006866455
0.0008239746
-0.0017089844
-0.0023651123
0.0000152588
-0.0054473877
-0.0053405762
-0.0134887695
0.0020294189
-0.0124816895
0.0336761475
-0.0078887939
0.0061950684
0.0028839111
-0.0137329102
0.0140838623
0.0128173828
0.0074462891
-0.0080871582
-0.0046691895
-0.0020141602
0.0055847168
0.0056304932
-0.0005493164
0.0068511963
0.0045623779
-0.0033874512
-0.0300903320
0.0110168457
-0.0084838867
-0.0057830811
0.0170288086
0.0088195801
0.0082855225
-0.0195617676
-0.0282897949
0.0093841553
0.0219116211
-0.0065460205
-0.0109558105
-0.0275573730
-0.0137786865
0.0024719238
-0.0057525635
0.0006408691
0.0077209473
-0.0085601807
-0.0094299316
-0.0125579834
0.0072326660
-0.0005950928
0.0095672607
-0.0083618164
0.0108795166
-0.0016784668
0.0016326904
0.0014953613
-0.1275787354
-0.0773468018
-0.0967102051
0.0173492432
-0.0655822754
0.1300811768
-0.0422058105
-0.0610504150
0.0246887207
0.0465393066
0.0301513672
0.0862579346
-0.0147705078
-0.0773925781
0.0436401367
-0.0595245361
-0.0005950928
-0.0038604736
0.0089569092
-0.0030975342
0.0047912598
0.0013732910
0.0065307617
0.0011596680
0.0023803711
-0.0109100342
0.0027160645
0.0079345703
0.0052337646
-0.0011596680
0.0028076172
-0.0039825439
0.0009918213
-0.0234069824
0.0006256104
0.0004425049
0.0023040771
0.0190124512
0.0039062500
0.0117187500
0.0319824219
-0.0163574219
-0.0035705566
-0.0128173828
-0.0157928467
-0.0088043213
0.0061340332
0.0039367676
