-0.2393493652
-0.3324584961
0.2282714844
-0.2418670654
0.2562713623
-0.2647705078
-0.1929931641
0.1175994873
0.1849060059
-0.1096038818
0.2346191406
0.1888732910
-0.2429504395
-0.1068420410
-0.0641784668
0.3824310303
0.0172271729
-0.0106811523
-0.0092468262
0.0205841064
0.0040435791
-0.0133972168
-0.0070495605
-0.0191192627
-0.0201263428
-0.0113830566
-0.0031280518
-0.0012512207
-0.0092926025
0.0207061768
-0.0023651123
0.0054168701
0.0005493164
-0.0086517334
0.0055236816
-0.0000305176
-0.0141754150
0.0022125244
-0.0041656494
0.0121917725
-0.0026855469
0.0065155029
0.0038146973
0.0022735596
-0.0104675293
-0.0028533936
0.0052337646
-0.0041809082
-0.0174102783
0.0061798096
0.0000457764
-0.0156402588
0.0060577393
0.0013732910
-0.0006866455
0.0107421875
-0.0137481689
-0.0162353516
-0.0207977295
-0.0134735107
0.0044403076
0.0205535889
-0.0155181885
0.0238800049
-0.0008392334
-0.0075683594
-0.0058135986
-0.0060729980
0.0024719238
0.0044555664
0.0043182373
0.0083160400
0.0083160400
-0.0042266846
0.0022583008
0.0022735596
-0.0090484619
-0.0133819580
0.0145568848
0.0005645752
0.0031890869
-0.0095672607
-0.0008087158
0.0143432617
-0.0088653564
0.0021820068
0.0043792725
0.0057525635
0.0149536133
-0.0081939697
0.0038299561
-0.0051116943
0.0163116455
0.0181732178
0.0000152588
0.0068054199
0.0008697510
0.0028839111
0.0057525635
-0.0035705566
-0.0075531006
0.0054321289
-0.0027923584
0.0041656494
0.0038452148
0.0144195557
0.0071716309
-0.0099334717
0.0094757080
0.0040588379
-0.0169982910
0.0047607422
-0.0110626221
-0.0076293945
-0.0033569336
-0.0106048584
-0.0037231445
0.0045471191
0.0010528564
-0.0019073486
-0.0141754150
0.0078125000
0.0073699951
-0.0007629395
0.0091094971
-0.0005493164
-0.0163269043
-0.0017089844
-0.0135192871
0.0114288330
-0.0110168457
0.0170898438
-0.0111694336
-0.0005340576
-0.0064392090
0.0108489990
-0.0057983398
0.0055847168
0.0137176514
0.0102386475
-0.0027770996
-0.0019989014
0.0003662109
0.0106506348
0.0080718994
-0.0144653320
-0.0060119629
-0.0050048828
0.0163421631
-0.0009002686
-0.0093383789
-0.0062255859
-0.0106658936
0.0170745850
-0.0142364502
0.0067138672
0.0040588379
-0.0099487305
0.0098724365
0.0047302246
