-0.1430053711
-0.1114501953
0.0585784912
-0.1047058105
0.2168426514
-0.0898590088
-0.0986785889
0.0708312988
0.1303863525
-0.1035003662
0.1362304688
0.0460205078
-0.0787658691
-0.0702667236
0.0562286377
0.0577545166
-0.0019836426
0.0044097900
-0.0089263916
0.0019683838
0.0017547607
-0.0018920898
0.0053863525
-0.0019378662
-0.0024871826
0.0005035400
0.0021972656
-0.0149688721
0.0021362305
0.0020294189
-0.0085601807
0.0056152344
0.0077209473
0.0052795410
0.0019073486
0.0099487305
0.0053863525
0.0032958984
-0.0087432861
0.0133666992
-0.0018005371
0.0036010742
-0.0020446777
0.0075836182
-0.0134277344
0.0016937256
-0.0108032227
-0.0122070312
-0.0004119873
0.0179290771
-0.0025939941
-0.0140533447
-0.0062408447
0.0146026611
0.0144042969
0.0045776367
0.0244903564
0.0057525635
0.0297393799
0.0084533691
-0.0020904541
0.0192260742
0.0030975342
-0.0235290527
0.0013275146
0.0023651123
-0.0001373291
-0.0055084229
0.0027313232
0.0024719238
-0.0001373291
0.0067291260
0.0016937256
0.0031890869
0.0099029541
0.0025787354
0.0029449463
-0.0018615723
-0.0027160645
0.0021209717
0.0076293945
-0.0049743652
-0.0168609619
-0.0091247559
-0.0240631104
0.0068206787
0.0215606689
0.0223388672
-0.0055999756
0.0076751709
0.0065307617
0.0026245117
-0.0060272217
-0.0091247559
-0.0169982910
0.0027313232
0.0970458984
0.2765197754
0.1212921143
0.2230682373
-0.2202911377
-0.1757202148
0.1671447754
0.1618499756
0.0387573242
0.1123962402
-0.1281585693
0.1419830322
0.2483978271
-0.2302093506
-0.1411895752
-0.2102813721
0.0075073242
0.0016632080
0.0089111328
0.0218353271
0.0035705566
-0.0039520264
0.0061492920
-0.0008544922
0.0149230957
0.0016632080
-0.0146942139
-0.0093078613
-0.0047149658
0.0074920654
0.0101013184
-0.0256805420
-0.0116882324
0.0205841064
-0.0083923340
0.0055999756
-0.0153503418
-0.0154113770
0.0141906738
-0.0019836426
-0.0183563232
0.0117492676
-0.0014343262
0.0101623535
0.0343627930
-0.0202026367
0.0162048340
0.0186614990
-0.0006866455
0.0018463135
0.0026092529
-0.0012969971
0.0031738281
0.0005798340
0.0000152588
0.0018615723
-0.0018157959
0.0008544922
-0.0007476807
-0.0022277832
0.0009155273
-0.0002593994
-0.0040435791
0.0032348633
