0.00143432617
0.00752258301
-0.0149078369
0.00216674805
0.00210571289
-0.00598144531
0.00369262695
0.0271148682
-0.00712585449
0.011428833
-0.00903320312
0.00764465332
0.0167388916
0.00592041016
0.0194244385
-0.00633239746
0.000610351562
-0.00424194336
0.00314331055
-0.000259399414
0.00192260742
-0.000183105469
0.00065612793
0.00134277344
0.00144958496
0.00242614746
0.00341796875
-0.00048828125
-0.00378417969
-0.00048828125
-9.15527344e-05
0.00296020508
-0.0022277832
3.05175781e-05
0.00157165527
-0.000534057617
0.00247192383
-0.00100708008
0.00402832031
0.00355529785
0.00199890137
0.000885009766
-0.00289916992
0.00143432617
-0.00212097168
-0.00399780273
-0.000900268555
0.000671386719
-0.000366210938
-0.00445556641
-0.00187683105
0.00675964355
0.00297546387
-0.00271606445
0.00271606445
0.00682067871
-0.000518798828
7.62939453e-05
-0.00524902344
0.0012512207
-0.00216674805
0.00178527832
0.00274658203
-0.000885009766
0.0324859619
0.0397033691
0.0249786377
0.00205993652
0.0390472412
0.0269165039
-0.0134735107
-0.0163269043
-0.00274658203
0.0262298584
0.0101470947
0.0401306152
0.0011138916
-0.0336608887
0.00508117676
0.0151519775
-0.00213623047
0.00595092773
0.0026550293
-0.00294494629
0.0050201416
0.00689697266
-0.00370788574
-0.0034942627
0.00834655762
-0.00442504883
0.00192260742
0.00512695312
0.00372314453
0.00540161133
0.00500488281
0.00540161133
0.00611877441
0.0155639648
0.00436401367
0.0182037354
-0.0123901367
-0.00650024414
-0.00416564941
0.00277709961
0.00384521484
0.0256958008
-0.0047454834
0.00950622559
0.00991821289
-0.00100708008
-0.0121307373
0.00675964355
-0.00495910645
0.0160827637
-0.00701904297
-0.000564575195
0.0189971924
-0.0078125
0.027923584
-0.00527954102
-0.00234985352
-0.00590515137
0.0040435791
-0.0032043457
0.0135650635
0.0157623291
0.00158691406
0.00900268555
0.00224304199
0.00578308105
-0.00634765625
-0.0131835938
-0.00538635254
-0.0055847168
-0.00772094727
-0.00532531738
-0.000579833984
0.00651550293
0.0105895996
-0.00744628906
0.00614929199
-0.00805664062
-0.0064239502
0.00856018066
0.214752197
-0.018371582
-0.256256104
0.307937622
-0.000915527344
-0.287643433
-0.281082153
-0.267288208
-0.264022827
0.288604736
-0.179534912
0.302368164
0.309127808
-0.00665283203
0.0075378418
-0.315124512
