0.0001831055
0.0016784668
-0.0045471191
-0.0007324219
0.0011749268
0.0070037842
-0.0013580322
-0.0048065186
-0.0064239502
0.0056304932
-0.0061798096
0.0053253174
0.0023803711
0.0041656494
-0.0044860840
-0.0008697510
-0.0056762695
0.0027465820
-0.0003967285
-0.0075378418
-0.0036926270
0.0034942627
-0.0087890625
0.0082855225
0.0065002441
0.0048980713
0.0093231201
0.0014190674
-0.0053100586
-0.0058135986
0.0111846924
0.0018005371
-0.0031738281
-0.0107269287
-0.0122985840
0.0119781494
-0.0067291260
-0.0015869141
-0.0055236816
0.0044097900
0.0064086914
-0.0002746582
0.0018463135
0.0081787109
-0.0099029541
-0.0143585205
0.0057220459
0.0039672852
-0.0094146729
0.0057525635
-0.0027160645
-0.0002593994
0.0122985840
-0.0157623291
0.0178222656
0.0129547119
-0.0180206299
0.0033416748
-0.0032196045
-0.0002593994
0.0086212158
0.0123138428
-0.0007171631
-0.0127563477
0.0089874268
0.0065307617
0.0090026855
-0.0015563965
0.0057220459
0.0075073242
-0.0064849854
0.0012969971
-0.0060272217
0.0104675293
0.0046844482
0.0149841309
-0.0092468262
-0.0038909912
0.0039825439
0.0008239746
0.0016632080
0.0054321289
0.0022583008
-0.0123443604
-0.0073394775
0.0074005127
0.0061492920
0.0007781982
0.0052337646
-0.0036468506
-0.0034027100
0.0054626465
0.0003509521
-0.0082244873
0.0026397705
0.0036926270
0.0081329346
0.0054626465
0.0408172607
-0.0048217773
0.0148315430
-0.0044860840
-0.0185546875
-0.0197143555
0.0033721924
-0.0102386475
0.0185394287
0.0178375244
0.0044403076
0.0006866455
-0.0032501221
0.0018920898
0.0175476074
0.0069885254
0.0063934326
0.0060882568
0.0009765625
-0.0029907227
0.0050048828
-0.0233459473
-0.0140991211
0.0146331787
0.0006713867
-0.0098876953
-0.0020446777
0.0175170898
-0.0123138428
0.0147094727
-0.3067474365
0.2815704346
0.0955505371
0.0586547852
-0.3163452148
0.0472717285
-0.1399078369
0.3241119385
-0.3520812988
0.1483459473
0.1159667969
0.3099822998
0.1560821533
-0.2574005127
0.0623931885
0.3220214844
0.0342407227
-0.0147247314
-0.0063018799
-0.0103607178
0.0131683350
0.0105590820
0.0117797852
-0.0058288574
0.0037994385
-0.0128936768
-0.0293731689
-0.0041046143
-0.0155181885
0.0116271973
-0.0129089355
0.0098571777
