-0.0025482178
0.0002288818
-0.0025787354
-0.0030670166
-0.0139160156
0.0034027100
0.0024871826
-0.0074005127
-0.0030517578
-0.0007019043
-0.0063171387
-0.0032958984
-0.0046997070
-0.0009765625
0.0014038086
0.0056915283
-0.0063781738
0.0099792480
-0.0067443848
-0.0054321289
0.0073242188
0.0027923584
-0.0066833496
0.0057983398
0.0065155029
0.0013275146
-0.0096282959
-0.0064239502
0.0093994141
-0.0041656494
0.0011138916
0.0084838867
-0.0002136230
-0.0036163330
0.0038604736
0.0115661621
0.0083923340
-0.0004730225
0.0019378662
-0.0028686523
-0.0078430176
-0.0016174316
0.0014953613
-0.0042419434
0.0029449463
-0.0015106201
0.0041809082
0.0009613037
-0.0096893311
0.0035400391
0.0073852539
-0.0058746338
0.0015258789
0.0050964355
0.0048828125
0.0025939941
0.0050354004
-0.0080718994
-0.0013885498
-0.0014801025
0.0048217773
0.0032501221
0.0088806152
-0.0053253174
-0.0046234131
0.0203552246
-0.0104370117
-0.0106658936
0.0144958496
-0.0118560791
0.0052795410
0.0081634521
0.0079345703
-0.0070495605
0.0092010498
0.0077819824
-0.0057220459
-0.0039215088
0.0017852783
-0.0132904053
0.0017547607
0.0011444092
-0.0145721436
-0.0030059814
-0.0014190674
-0.0032196045
-0.0003051758
-0.0036468506
0.0035858154
0.0097808838
0.0047149658
-0.0097808838
0.0053405762
0.0015716553
-0.0052947998
-0.0032653809
-0.0648345947
0.3126678467
-0.0353088379
0.3033599854
-0.2611541748
-0.1573638916
0.3192138672
0.3008117676
-0.0080261230
0.1037750244
-0.3750915527
0.0464935303
0.1059722900
-0.3729095459
-0.0388183594
-0.3538970947
0.0005187988
0.0042266846
-0.0034942627
0.0049133301
0.0062866211
0.0065460205
0.0071258545
0.0059814453
0.0130310059
-0.0094604492
-0.0057373047
-0.0057830811
-0.0099945068
0.0053253174
0.0090637207
0.0016174316
0.0002746582
-0.0024871826
-0.0025177002
-0.0024871826
0.0044555664
-0.0049896240
-0.0061187744
-0.0009765625
0.0011596680
-0.0010070801
-0.0018157959
0.0022583008
-0.0011749268
0.0003662109
-0.0026245117
-0.0046539307
0.0000305176
0.0003967285
-0.0081024170
0.0000762939
0.0131378174
-0.0203247070
0.0075073242
-0.0196380615
-0.0126037598
-0.0006103516
0.0045623779
0.0209350586
-0.0004577637
0.0179290771
-0.0056152344
-0.0168457031
