0.0103149414
0.0078582764
-0.0137634277
0.0051574707
-0.0085449219
-0.0051879883
0.0067138672
0.0012969971
-0.0149078369
0.0154418945
-0.0061645508
0.0067901611
0.0113983154
0.0039672852
0.0050506592
-0.0054016113
0.0137176514
-0.0168457031
-0.0032043457
0.0162811279
-0.0172576904
-0.0131530762
0.0092315674
-0.0189666748
-0.0163421631
-0.0083465576
0.0094451904
-0.0033721924
-0.0087738037
0.0152893066
-0.0087127686
-0.0099029541
0.0145263672
0.0158843994
0.0258789062
0.0078125000
0.0266571045
0.0085144043
-0.0268554688
-0.0066528320
0.0096130371
0.0032958984
-0.0084075928
0.0216217041
0.0127410889
-0.0215759277
-0.0068206787
-0.0096740723
-0.0017700195
0.0010223389
-0.0234680176
0.0203552246
-0.0011596680
-0.0059356689
0.0013885498
-0.0167388916
0.0018920898
0.0124664307
0.0089569092
-0.0101165771
-0.0118408203
0.0032501221
-0.0132141113
-0.0102691650
0.0178375244
0.0052490234
0.0101013184
0.0193023682
0.0130920410
0.0124969482
-0.0088500977
-0.0061492920
-0.0162506104
0.0149536133
-0.0072784424
0.0196685791
-0.0049743652
-0.0161743164
-0.0008392334
-0.0031127930
-0.0041198730
0.0009002686
0.0065460205
0.0010986328
0.0028533936
0.0080566406
0.0083923340
0.0229492188
0.0063018799
-0.0068969727
-0.0100402832
0.0105438232
0.0018920898
0.0097198486
-0.0002593994
-0.0005950928
-0.0041961670
0.0199584961
0.0204162598
0.0012207031
-0.0032653809
-0.0384216309
0.0163421631
0.0035095215
0.0010986328
0.0056610107
0.0081024170
0.0300292969
-0.0040435791
-0.0168609619
0.0041503906
-0.0220947266
-0.0045928955
0.0009155273
-0.0001678467
0.0006713867
0.0034179688
0.0011444092
0.0027923584
0.0051269531
0.0015716553
-0.0066680908
-0.0057067871
-0.0026702881
-0.0015411377
0.0004425049
-0.0074005127
0.0060119629
-0.3631744385
0.2871398926
-0.0651397705
-0.1631774902
-0.3700714111
-0.0284423828
0.0695953369
0.3226318359
-0.3124694824
-0.1916809082
-0.2104644775
0.2725372314
-0.0805969238
-0.0997314453
-0.0760955811
0.2318725586
0.0064086914
0.0006713867
-0.0091247559
0.0133514404
-0.0081329346
-0.0154571533
-0.0101013184
-0.0182342529
-0.0188751221
0.0159454346
0.0017852783
0.0142211914
0.0154418945
0.0140380859
-0.0092468262
-0.0121459961
