-0.0044860840
0.0005340576
-0.0038299561
-0.0007171631
0.0055236816
0.0014038086
0.0005035400
-0.0021362305
-0.0055847168
-0.0035247803
-0.0060119629
0.0020904541
0.0098419189
-0.0022888184
0.0012207031
-0.0060729980
0.0045166016
-0.0004577637
-0.0044403076
0.0075225830
0.0115661621
-0.0035858154
-0.0015869141
-0.0070953369
-0.0062866211
-0.0117492676
-0.0037231445
-0.0057830811
0.0014343262
0.0075073242
-0.0068664551
-0.0071105957
0.0087585449
0.0062408447
0.0127563477
0.0116882324
-0.0122222900
0.0080108643
-0.0033874512
-0.0054321289
0.0058441162
0.0089263916
0.0065002441
0.0107574463
0.0006103516
0.0000915527
-0.0060272217
-0.0087127686
-0.3627319336
0.1859741211
0.3607330322
-0.1699523926
0.1918487549
-0.2195892334
-0.2186737061
0.1770477295
-0.2637634277
-0.2195587158
-0.2709808350
-0.1352996826
0.2985534668
0.1839447021
-0.2274780273
0.1389465332
0.0026702881
-0.0076446533
0.0027008057
-0.0057678223
-0.0013580322
0.0035095215
-0.0053863525
-0.0048370361
-0.0034332275
0.0028839111
0.0010528564
0.0001373291
0.0052795410
-0.0051574707
0.0010833740
-0.0025939941
0.0176544189
-0.0067901611
0.0141601562
-0.0119934082
-0.0080413818
-0.0145263672
-0.0047302246
0.0071105957
-0.0414428711
-0.0013275146
0.0010833740
0.0255737305
-0.0029449463
-0.0141296387
-0.0346527100
-0.0003662109
0.0043029785
0.0152740479
0.0049438477
0.0099487305
-0.0049133301
-0.0108642578
0.0040283203
0.0039520264
-0.0006408691
0.0024108887
-0.0055541992
-0.0037536621
0.0113983154
-0.0072631836
-0.0064392090
-0.0139160156
0.0110778809
0.0073852539
-0.0089263916
0.0035247803
0.0022430420
-0.0003356934
0.0095825195
-0.0023651123
-0.0127258301
-0.0051879883
-0.0048065186
-0.0111083984
-0.0063323975
0.0111236572
-0.0024261475
0.0182342529
0.0078430176
-0.0029602051
0.0011444092
-0.0060119629
0.0091705322
0.0021362305
-0.0068054199
-0.0096435547
0.0011291504
0.0058135986
-0.0086669922
-0.0048065186
0.0247192383
-0.0023345947
-0.0037536621
-0.0073242188
0.0196990967
-0.0025482178
-0.0062103271
0.0052795410
-0.0046539307
0.0051574707
-0.0087280273
0.0029754639
0.0034637451
0.0054931641
-0.0099334717
-0.0033111572
-0.0007781982
-0.0045623779
0.0026702881
0.0074462891
