0.0019378662
0.0009155273
-0.0019836426
0.0017700195
0.0035858154
-0.0061035156
0.0015258789
0.0049743652
-0.0034790039
0.0008239746
-0.0015258789
0.0021209717
0.0011138916
0.0009918213
0.0011901855
-0.0002441406
-0.0008544922
-0.0043029785
0.0100097656
-0.0058441162
0.0030364990
0.0006103516
0.0058898926
0.0049591064
0.0054779053
-0.0049896240
-0.0011749268
0.0103912354
-0.0072784424
-0.0059509277
0.0054931641
0.0025939941
0.0043334961
0.0031280518
0.0095825195
-0.0011291504
0.0008544922
0.0052337646
0.0018005371
0.0030364990
-0.0008392334
0.0051116943
-0.0131378174
-0.0020599365
-0.0010375977
-0.0065917969
-0.0075836182
-0.0051269531
-0.2633361816
0.1673736572
0.2737731934
-0.1963043213
0.2059478760
-0.2452239990
-0.2238159180
0.0961151123
-0.2008056641
-0.2153472900
-0.3182830811
-0.1144256592
0.2710418701
0.2902374268
-0.2401885986
0.2895050049
0.0082855225
-0.0186920166
0.0154266357
0.0089111328
-0.0185241699
0.0083618164
-0.0072021484
-0.0196685791
-0.0124359131
0.0132446289
-0.0212707520
-0.0067749023
0.0058441162
0.0098266602
-0.0027008057
-0.0178985596
0.0180358887
-0.0184936523
-0.0148620605
0.0115814209
0.0113067627
-0.0134124756
0.0087127686
-0.0012512207
-0.0105438232
0.0036315918
0.0064239502
0.0114898682
0.0041503906
-0.0073394775
-0.0113525391
-0.0000457764
-0.0087738037
0.0008850098
-0.0033569336
-0.0001678467
-0.0057067871
0.0048980713
0.0053710938
0.0094146729
-0.0055847168
0.0082550049
-0.0053405762
-0.0063018799
0.0051269531
0.0004272461
-0.0021057129
-0.0060729980
0.0096130371
0.0059509277
0.0022888184
0.0098571777
0.0023498535
-0.0062408447
0.0022583008
0.0028839111
-0.0068664551
-0.0041656494
-0.0059814453
-0.0038604736
-0.0001373291
0.0016479492
-0.0031127930
0.0011444092
-0.0014038086
0.0042572021
-0.0105438232
-0.0144805908
-0.0028991699
-0.0070037842
0.0005035400
0.0012969971
-0.0006256104
-0.0086822510
-0.0016326904
-0.0060424805
0.0082092285
-0.0034790039
0.0013885498
0.0027313232
-0.0041961670
-0.0001525879
0.0043487549
-0.0021362305
0.0014343262
0.0008392334
0.0004119873
0.0026245117
-0.0013885498
0.0012054443
-0.0041961670
-0.0020904541
0.0001678467
0.0000610352
-0.0014495850
0.0026702881
