0.0116119385
0.0113220215
-0.0175628662
0.0055847168
-0.0396881104
0.0142822266
0.0076293945
0.0007476807
-0.0194244385
0.0029754639
-0.0074615479
0.0187683105
0.0056762695
0.0010528564
0.0061340332
-0.0030364990
-0.3151397705
0.3272857666
0.1324768066
-0.3421478271
-0.0039062500
0.2756042480
-0.0713043213
0.3354644775
0.3604125977
0.1155242920
0.0136413574
0.1322174072
0.2477416992
-0.3584136963
-0.0228118896
-0.0462036133
0.0006713867
-0.0047760010
-0.0022735596
-0.0005950928
-0.0021057129
0.0055541992
0.0049438477
-0.0033721924
0.0046997070
0.0070037842
0.0067138672
-0.0071258545
0.0044403076
0.0011901855
-0.0009155273
-0.0061340332
0.0037689209
-0.0049285889
0.0016937256
-0.0110778809
0.0093383789
0.0023651123
-0.0071105957
0.0020751953
-0.0118408203
-0.0080871582
0.0023956299
0.0116119385
-0.0039825439
-0.0039978027
-0.0052337646
-0.0048370361
0.0056915283
0.0118713379
0.0006408691
0.0121459961
0.0017700195
0.0050201416
0.0034332275
-0.0168304443
-0.0039672852
0.0049133301
0.0007019043
-0.0069580078
0.0119628906
-0.0083923340
-0.0025787354
-0.0006713867
-0.0061645508
-0.0007324219
0.0051879883
0.0040130615
0.0076904297
-0.0024261475
0.0054626465
0.0014190674
0.0053405762
0.0027465820
-0.0042724609
-0.0044097900
0.0001220703
-0.0012664795
0.0026855469
-0.0186614990
0.0009918213
0.0004730225
0.0055084229
-0.0024261475
-0.0013122559
-0.0010681152
-0.0008087158
0.0005493164
0.0079345703
-0.0021057129
0.0086669922
-0.0021514893
0.0057830811
0.0019378662
-0.0082397461
0.0000152588
0.0027465820
-0.0049896240
0.0044403076
0.0043792725
-0.0025634766
0.0111999512
-0.0054931641
0.0026855469
-0.0047760010
0.0010986328
-0.0075988770
-0.0016632080
-0.0068969727
-0.0026855469
0.0009002686
-0.0070800781
-0.0031433105
0.0001678467
0.0050201416
-0.0038909912
-0.0010528564
0.0003509521
0.0009002686
0.0008544922
-0.0010986328
-0.0058898926
-0.0060119629
-0.0002899170
-0.0034484863
-0.0035095215
0.0053863525
-0.0011596680
0.0020446777
-0.0076141357
0.0017852783
0.0025634766
0.0044555664
0.0028228760
0.0005645752
-0.0036621094
0.0052185059
-0.0031738281
-0.0100250244
0.0011444092
-0.0004119873
-0.0193939209
0.0133666992
0.0000457764
