0.0195770264
0.0244598389
-0.0059967041
0.0194396973
-0.0305633545
0.0456237793
0.0190277100
-0.0487823486
-0.0218048096
0.0167388916
-0.0486602783
-0.0055389404
0.0177917480
0.0329742432
-0.0131988525
-0.0233154297
-0.0013275146
-0.0024719238
0.0024261475
-0.0012817383
-0.0047912598
-0.0003509521
0.0020599365
0.0004577637
0.0012207031
-0.0046844482
0.0064849854
-0.0033721924
-0.0046691895
-0.0010833740
-0.0034332275
-0.0042114258
0.0161285400
0.0117645264
0.0111083984
0.0046691895
0.0040435791
0.0138092041
-0.0167236328
-0.0014038086
0.0056457520
0.0166473389
-0.0030670166
0.0162811279
-0.0035552979
-0.0107421875
-0.0179748535
-0.0172424316
-0.0053710938
0.0007324219
-0.0080413818
0.0033416748
-0.0044097900
-0.0011138916
0.0008697510
-0.0022125244
-0.0017089844
0.0049591064
-0.0047607422
0.0000915527
0.0050201416
0.0012359619
-0.0038146973
-0.0036773682
-0.0039672852
-0.0127868652
-0.0052032471
0.0035247803
-0.0003509521
-0.0025024414
0.0026397705
0.0012207031
-0.0000457764
-0.0040740967
-0.0046386719
-0.0086975098
-0.0052032471
0.0077514648
-0.0057983398
0.0025482178
0.0066070557
0.0072479248
-0.0001678467
-0.0007781982
-0.0058135986
0.0042266846
0.0051269531
0.0076599121
-0.0061035156
0.0101165771
-0.0079803467
0.0092468262
-0.0098724365
0.0067443848
0.0056762695
0.0055694580
0.0197601318
0.0433197021
0.0217285156
0.0216674805
-0.0183868408
-0.0334320068
0.0123138428
0.0067291260
0.0185241699
0.0112609863
0.0135650635
-0.0024871826
0.0330657959
-0.0230865479
-0.0251770020
-0.0234069824
-0.0000915527
0.0036468506
0.0041656494
0.0032653809
-0.0068664551
0.0082702637
0.0006103516
-0.0052185059
-0.0020141602
-0.0040435791
-0.0003967285
-0.0077667236
0.0071868896
0.0028839111
0.0017852783
0.0068054199
-0.3863525391
0.3576507568
-0.0146942139
-0.0421142578
-0.4276885986
-0.0041809082
-0.0109100342
0.3469848633
-0.3325653076
0.0032196045
-0.0664062500
0.3005981445
0.0558929443
-0.1443023682
0.0729522705
0.3100738525
0.0001525879
-0.0035552979
0.0030212402
-0.0023193359
-0.0042419434
0.0077056885
-0.0050506592
0.0099945068
0.0050201416
0.0030059814
-0.0004730225
-0.0056457520
0.0001831055
-0.0079650879
0.0047454834
0.0081176758
