0.0063781738
0.0162811279
-0.0234069824
-0.0108795166
-0.0316009521
0.0122833252
-0.0020141602
-0.0158386230
-0.0149536133
-0.0056304932
-0.0027618408
0.0105285645
-0.0054626465
-0.0161437988
0.0160064697
-0.0063171387
-0.3239746094
0.3308410645
0.1200714111
-0.3468780518
0.0709991455
0.2785186768
-0.0346984863
0.3473510742
0.3597259521
0.1068267822
-0.0253448486
0.0644836426
0.2179260254
-0.3609619141
0.0085144043
-0.0329132080
0.0010375977
-0.0029449463
-0.0041046143
0.0008544922
-0.0009918213
0.0000610352
0.0029296875
0.0013275146
0.0022735596
0.0019989014
0.0030822754
-0.0057373047
-0.0014953613
0.0006408691
-0.0028228760
-0.0010223389
0.0062713623
0.0018768311
0.0143127441
-0.0142822266
0.0243225098
0.0019226074
-0.0082702637
0.0110626221
-0.0127105713
-0.0068054199
0.0012359619
0.0188446045
0.0171661377
0.0006561279
-0.0088500977
0.0055694580
0.0013580322
0.0011901855
-0.0003356934
0.0000000000
-0.0035095215
0.0064849854
0.0026397705
-0.0065765381
-0.0073394775
0.0072479248
-0.0057830811
-0.0072631836
0.0098266602
-0.0060882568
0.0045776367
0.0100402832
0.0139465332
0.0128021240
0.0039978027
-0.0078430176
0.0236816406
-0.0158233643
0.0241699219
-0.0104980469
-0.0060424805
0.0117187500
-0.0184020996
0.0097198486
-0.0220947266
-0.0164642334
-0.0019073486
-0.0375976562
0.0022125244
-0.0055999756
0.0151214600
-0.0071105957
-0.0048370361
0.0084686279
-0.0006103516
0.0023803711
0.0144042969
-0.0070648193
0.0086517334
-0.0115203857
0.0067901611
0.0011749268
-0.0173645020
0.0017547607
-0.0049591064
-0.0054016113
-0.0054626465
0.0067596436
-0.0135498047
0.0064086914
-0.0078582764
-0.0060272217
-0.0208435059
0.0080108643
-0.0088043213
0.0015869141
-0.0003814697
-0.0058135986
0.0083923340
-0.0119628906
-0.0101013184
-0.0011749268
0.0114288330
-0.0194244385
-0.0064849854
0.0011291504
0.0161590576
0.0088958740
-0.0064544678
-0.0193328857
-0.0041198730
0.0083160400
-0.0147857666
-0.0148468018
0.0144500732
0.0020141602
-0.0058746338
0.0007781982
0.0014648438
-0.0025177002
-0.0031585693
0.0027008057
0.0009460449
0.0034179688
0.0047912598
-0.0026245117
0.0009307861
-0.0023193359
-0.0030059814
-0.0065307617
-0.0010681152
0.0023956299
