-0.0086059570
-0.0035400391
-0.0035552979
-0.0094451904
0.0169525146
-0.0056610107
-0.0092315674
0.0139007568
-0.0116424561
-0.0088500977
-0.0016632080
0.0192413330
0.0004272461
-0.0064849854
0.0011749268
0.0055999756
0.0001678467
-0.0003356934
-0.0006408691
-0.0000457764
-0.0002746582
-0.0001678467
0.0003356934
0.0005035400
0.0007171631
0.0017852783
0.0006256104
-0.0000610352
0.0008087158
-0.0005340576
-0.0008239746
0.0010375977
-0.0068664551
-0.0025939941
0.0004425049
0.0054473877
0.0040893555
0.0003509521
0.0027160645
0.0014953613
0.0013580322
-0.0010986328
-0.0029449463
-0.0016021729
0.0042114258
-0.0080413818
-0.0003814697
0.0032043457
-0.0006866455
-0.0072937012
-0.0179748535
0.0092315674
0.0120697021
-0.0088653564
0.0091247559
0.0139923096
-0.0078887939
0.0079498291
-0.0016784668
0.0027770996
-0.0020599365
0.0114440918
0.0031433105
-0.0071868896
0.0137634277
0.0160369873
0.0111999512
-0.0021514893
0.0055541992
0.0156555176
-0.0093994141
-0.0048828125
-0.0056762695
0.0129241943
0.0114593506
0.0179901123
-0.0117034912
-0.0111999512
0.0037689209
0.0121917725
-0.0004882812
0.0071258545
0.0019073486
-0.0022125244
0.0071105957
0.0019836426
0.0037536621
-0.0039215088
0.0030670166
0.0009460449
-0.0036315918
0.0026855469
0.0035552979
-0.0003509521
0.0037536621
-0.0021057129
0.0079498291
0.0120239258
-0.0205230713
0.0050354004
-0.0118103027
-0.0114898682
0.0059356689
0.0149688721
0.0016479492
0.0349578857
-0.0069580078
0.0169525146
0.0035552979
-0.0037994385
0.0053405762
-0.0027008057
0.0168457031
0.0210723877
-0.0062713623
0.0175628662
0.0238037109
-0.0117340088
0.0242462158
0.0076904297
0.0053100586
-0.0183868408
0.0196990967
-0.0110626221
-0.0002136230
0.0191040039
0.0184783936
0.0167999268
0.0068359375
0.0026550293
-0.0122680664
-0.0075683594
0.0022583008
0.0003662109
-0.0133666992
-0.0097503662
0.0060729980
-0.0045623779
0.0048522949
-0.0099639893
0.0094909668
-0.0043792725
-0.0095520020
0.0017852783
0.2188720703
-0.0257110596
-0.2720336914
0.2903289795
-0.0418243408
-0.2907104492
-0.2766418457
-0.2847137451
-0.2878112793
0.3026123047
-0.1249542236
0.3099975586
0.3063049316
0.0607910156
0.0039062500
-0.3094024658
