-0.2229766846
-0.2589416504
0.1916351318
-0.2326049805
0.3839263916
-0.2672271729
-0.2403717041
0.1399383545
0.1354827881
-0.2332000732
0.3028259277
0.0187835693
-0.2683868408
-0.2384948730
-0.0282897949
0.2585601807
0.0028991699
0.0010528564
-0.0068054199
0.0030364990
-0.0028533936
-0.0027923584
-0.0058135986
-0.0011138916
-0.0030670166
-0.0008239746
-0.0077056885
-0.0099029541
0.0058288574
0.0027923584
-0.0042877197
-0.0038146973
0.0003051758
0.0086517334
0.0035247803
0.0027923584
-0.0026855469
0.0009460449
0.0022888184
-0.0025482178
-0.0006103516
-0.0000152588
-0.0133819580
0.0065002441
0.0020599365
-0.0000610352
-0.0125732422
0.0006866455
0.0272521973
0.0077362061
-0.0079193115
-0.0161895752
-0.0149688721
0.0070190430
-0.0043945312
-0.0078125000
0.0023345947
-0.0031890869
0.0102081299
0.0074615479
-0.0191497803
0.0069580078
-0.0065765381
-0.0004119873
-0.0136413574
-0.0034179688
-0.0027313232
-0.0292510986
-0.0073699951
-0.0058746338
0.0025024414
0.0182647705
-0.0069122314
-0.0067291260
0.0283813477
-0.0097198486
0.0178375244
0.0142517090
0.0100860596
0.0194244385
-0.0024108887
-0.0055999756
0.0024566650
0.0015411377
-0.0069274902
0.0063018799
0.0126190186
0.0170745850
0.0142669678
0.0009460449
0.0002136230
0.0046844482
-0.0006561279
0.0117187500
0.0044708252
0.0030975342
0.0222473145
0.0125579834
0.0112457275
-0.0007476807
-0.0001373291
-0.0302429199
-0.0029144287
0.0007019043
0.0088043213
0.0136413574
0.0097351074
-0.0265502930
0.0111541748
-0.0059814453
-0.0132293701
-0.0162506104
0.0052032471
0.0031280518
0.0060424805
0.0057525635
0.0075225830
0.0002746582
0.0018615723
-0.0017395020
0.0036926270
-0.0014343262
0.0003509521
0.0054931641
-0.0003204346
-0.0004119873
0.0011444092
0.0021057129
0.0111389160
-0.0011901855
-0.0083618164
0.0086517334
-0.0013427734
-0.0089111328
0.0136260986
-0.0162200928
0.0111389160
-0.0220489502
-0.0082397461
-0.0228576660
-0.0140838623
0.0010528564
-0.0089416504
-0.0018463135
-0.0015716553
-0.0014648438
0.0035705566
0.0010986328
0.0043029785
0.0015106201
-0.0024108887
0.0009002686
-0.0024261475
0.0026855469
-0.0032196045
-0.0030975342
0.0032196045
-0.0015411377
0.0003662109
0.0037994385
