-0.0035247803
-0.0039978027
-0.0008239746
-0.0011291504
0.0166473389
-0.0053100586
0.0008392334
-0.0073699951
-0.0001220703
-0.0032043457
0.0035095215
-0.0004882812
0.0061950684
0.0012207031
0.0048522949
0.0014343262
0.0070648193
0.0072784424
-0.0276794434
0.0193481445
0.0055236816
-0.0050354004
-0.0043334961
-0.0159454346
-0.0184631348
0.0203857422
-0.0244140625
-0.0091400146
0.0203552246
0.0197448730
0.0041961670
0.0102386475
0.0016937256
-0.0004730225
0.0002136230
-0.0013885498
0.0056610107
0.0005187988
0.0010223389
0.0032348633
0.0059814453
0.0018768311
-0.0110321045
0.0005950928
0.0032043457
0.0043029785
-0.0128021240
-0.0002746582
0.0089263916
0.0001525879
-0.0511016846
0.0195617676
0.0236816406
0.0320281982
0.0255737305
-0.0268554688
-0.0014495850
0.0245971680
0.0503540039
0.0326843262
0.0163421631
0.0106201172
0.0391540527
-0.0515899658
0.0118408203
0.0004882812
0.0133056641
-0.0011291504
-0.0115966797
0.0131378174
-0.0020141602
0.0038909912
-0.0045623779
0.0205230713
-0.0034332275
0.0111083984
0.0110473633
-0.0014953613
0.0018615723
-0.0074462891
-0.0027008057
-0.0034179688
-0.0126647949
0.0050659180
0.0078430176
0.0005340576
0.0021972656
0.0041503906
-0.0033111572
-0.0061798096
0.0006103516
-0.0029754639
-0.0025939941
0.0024566650
-0.0024108887
-0.0018768311
0.0171661377
0.0004272461
0.0053100586
-0.0133209229
-0.0005798340
-0.0084838867
-0.0048522949
0.0001983643
0.0195465088
0.0141601562
0.0084075928
0.0109710693
0.0037384033
0.0050659180
-0.0157165527
0.0009002686
-0.2888336182
-0.3180999756
0.1280364990
-0.2024383545
-0.2663116455
0.1857757568
-0.2771759033
-0.1760559082
0.0205230713
0.2441101074
-0.1254730225
0.3374176025
0.1909942627
-0.3497619629
-0.1814880371
-0.2363128662
-0.0139007568
0.0109405518
-0.0121612549
-0.0086212158
-0.0093231201
-0.0055389404
-0.0070495605
0.0077362061
-0.0016021729
-0.0023956299
-0.0047454834
0.0026702881
-0.0106964111
0.0046691895
-0.0053863525
-0.0007781982
-0.0039520264
0.0005950928
0.0054779053
0.0017700195
-0.0027313232
0.0024261475
0.0013427734
0.0071105957
0.0061798096
-0.0044860840
-0.0076904297
-0.0040130615
0.0019683838
0.0035552979
0.0050048828
-0.0027770996
