-0.0002746582
0.0073699951
-0.0044097900
-0.0012817383
-0.0088500977
0.0081329346
-0.0014495850
-0.0050964355
-0.0090484619
-0.0044555664
-0.0211791992
0.0043945312
0.0024566650
0.0007781982
0.0013732910
-0.0063323975
-0.0013732910
0.0005187988
0.0015869141
-0.0068359375
0.0045928955
0.0016479492
0.0018310547
0.0067901611
0.0071105957
0.0044403076
-0.0003051758
-0.0044708252
-0.0001831055
-0.0080413818
-0.0010833740
0.0041961670
0.0058135986
-0.0112762451
-0.0047302246
0.0168457031
0.0092315674
-0.0000610352
-0.0119476318
0.0036163330
0.0117797852
0.0110626221
-0.0021972656
0.0237121582
-0.0088500977
-0.0124359131
-0.0137329102
-0.0063781738
-0.0121765137
0.0004882812
-0.0134277344
-0.0149078369
0.0016326904
-0.0158843994
0.0048522949
-0.0173645020
-0.0157012939
-0.0073242188
-0.0006713867
-0.0203247070
-0.0006256104
-0.0052337646
0.0027618408
-0.0133056641
0.0068511963
-0.0148162842
0.0022125244
0.0162048340
-0.0141448975
0.0073394775
-0.0108947754
0.0000915527
-0.0146942139
0.0115203857
-0.0113983154
0.0033569336
0.0056457520
-0.0010528564
-0.0142059326
0.0030822754
0.0104675293
-0.0034332275
0.0221099854
-0.0010528564
-0.0019226074
0.0025329590
-0.0016632080
0.0001525879
-0.0022430420
0.0165863037
0.0047607422
-0.0015869141
-0.0072631836
0.0084533691
-0.0003967285
0.0073089600
-0.0187225342
0.0255584717
0.0194702148
0.0332031250
-0.0287322998
0.0084838867
0.0219421387
0.0251770020
-0.0391235352
0.0127410889
-0.0200195312
0.0176696777
0.0137176514
-0.0118255615
0.0083770752
-0.0168914795
-0.0038604736
0.0024108887
0.0108795166
-0.0033721924
-0.0063476562
0.0096588135
-0.0023956299
-0.0119323730
-0.0065002441
0.0019836426
0.0005187988
-0.0026550293
0.0162353516
0.0002136230
-0.0063171387
0.0065917969
-0.3791503906
0.2872467041
-0.0018920898
-0.1616973877
-0.3860778809
-0.0093994141
0.0750885010
0.3522491455
-0.3511199951
-0.1303558350
-0.1353912354
0.3326416016
-0.0224609375
-0.2012634277
0.0547332764
0.2785949707
0.0093231201
-0.0266418457
0.0068054199
-0.0035858154
-0.0083160400
0.0151214600
0.0043487549
0.0069122314
0.0102844238
-0.0068817139
-0.0264739990
-0.0117645264
-0.0079956055
-0.0091094971
0.0023651123
0.0131225586
