0.0037231445
0.0096282959
-0.0034332275
-0.0009460449
0.0036010742
0.0024871826
0.0007781982
0.0029296875
-0.0012969971
0.0050811768
-0.0055999756
-0.0015258789
-0.0049896240
-0.0001831055
0.0044708252
-0.0072479248
0.0055847168
-0.0061645508
-0.0031738281
0.0084075928
-0.0115966797
-0.0067901611
0.0144042969
-0.0094604492
-0.0081634521
0.0009918213
0.0050048828
-0.0029144287
0.0016479492
0.0099945068
-0.0114746094
0.0001525879
0.0097656250
-0.0034332275
-0.0005645752
0.0035705566
0.0033111572
0.0017852783
-0.0189056396
-0.0081024170
0.0048828125
0.0070648193
-0.0044555664
0.0019531250
0.0013427734
-0.0235137939
0.0014495850
-0.0023651123
0.0039825439
-0.0004882812
0.0080413818
0.0043945312
0.0003509521
-0.0019226074
-0.0006256104
0.0022125244
-0.0011901855
0.0036621094
0.0019531250
-0.0018463135
0.0021820068
-0.0048065186
0.0034790039
-0.0011444092
0.0009460449
0.0068511963
0.0003662109
-0.0049438477
0.0016326904
-0.0007324219
-0.0000762939
0.0055236816
0.0019531250
0.0019531250
0.0039520264
0.0055847168
0.0018463135
-0.0005187988
0.0010986328
-0.0011444092
0.0056304932
0.0065307617
0.0170440674
-0.0239868164
-0.0014343262
0.0159606934
-0.0140838623
-0.0009918213
0.0141296387
-0.0000457764
0.0060119629
0.0113067627
0.0032806396
0.0014190674
-0.0048675537
0.0116424561
-0.1698608398
0.2382049561
-0.0553283691
0.3136901855
-0.2008972168
-0.1651763916
0.3157653809
0.2614898682
-0.1477203369
0.1470794678
-0.4146423340
0.0860748291
-0.0794372559
-0.3315887451
0.2061920166
-0.2568511963
-0.0081329346
-0.0043640137
-0.0018768311
-0.0063629150
-0.0028839111
0.0142822266
-0.0070343018
0.0046691895
0.0039520264
-0.0017395020
-0.0038146973
-0.0016174316
-0.0103912354
-0.0035705566
-0.0039672852
-0.0003662109
0.0095214844
-0.0172882080
0.0105743408
-0.0062561035
0.0097198486
0.0089416504
0.0207519531
-0.0044250488
-0.0068969727
-0.0108184814
-0.0177001953
0.0116729736
-0.0063323975
-0.0059814453
-0.0084533691
-0.0040283203
-0.0029449463
0.0034179688
0.0004730225
-0.0018768311
0.0005340576
-0.0023193359
0.0025329590
-0.0007019043
-0.0002441406
-0.0016326904
0.0054626465
0.0020294189
-0.0014648438
0.0015869141
0.0041503906
-0.0028839111
