0.0009002686
-0.0021972656
0.0036773682
0.0018920898
0.0028381348
0.0046997070
-0.0018920898
0.0028991699
-0.0012817383
-0.0021820068
-0.0004425049
-0.0018768311
-0.0004577637
0.0058288574
0.0021057129
-0.0012664795
0.0095825195
-0.0040588379
-0.0075531006
0.0090332031
-0.0142211914
-0.0099487305
0.0045166016
-0.0100708008
-0.0094604492
-0.0012817383
-0.0101928711
-0.0016326904
0.0099029541
0.0087127686
-0.0015411377
-0.0077209473
0.0111236572
0.0106048584
0.0053558350
-0.0148773193
0.0010986328
0.0015716553
-0.0081481934
-0.0069274902
0.0100097656
0.0014495850
0.0119628906
0.0025329590
0.0023803711
-0.0030822754
0.0048828125
-0.0022430420
-0.0006103516
-0.0114288330
-0.0208435059
0.0175170898
-0.0059509277
0.0023040771
0.0077056885
-0.0078887939
0.0116271973
-0.0036468506
-0.0078582764
0.0044555664
-0.0182342529
-0.0121917725
0.0015106201
0.0045318604
0.0206756592
0.0202941895
0.0161590576
-0.0057373047
0.0064392090
0.0249328613
-0.0137176514
-0.0300903320
-0.0117187500
0.0249176025
-0.0126647949
0.0187225342
-0.0350189209
-0.0199890137
0.0136108398
0.0028381348
-0.0035552979
0.0055541992
0.0119781494
-0.0003509521
-0.0011749268
0.0002746582
0.0062103271
-0.0043945312
0.0022430420
0.0046691895
-0.0027008057
-0.0041961670
-0.0003662109
0.0100097656
-0.0008239746
-0.0018157959
0.0138702393
0.0213623047
0.0068969727
0.0241851807
-0.0081329346
-0.0197448730
0.0173797607
0.0016937256
-0.0057373047
-0.0126342773
-0.0233917236
0.0228271484
0.0012512207
-0.0279846191
-0.0075378418
-0.0257110596
-0.3183441162
-0.3496093750
0.0534515381
-0.1239929199
-0.2684173584
0.1954650879
-0.2865753174
-0.1876831055
0.0955657959
0.2703704834
-0.1954498291
0.3448333740
0.1130676270
-0.3396911621
-0.1659545898
-0.2423706055
0.0034332275
-0.0119323730
-0.0042572021
-0.0152893066
0.0147552490
0.0000610352
-0.0121765137
0.0042114258
0.0003509521
0.0025482178
-0.0003356934
0.0115356445
-0.0000610352
0.0076751709
-0.0172271729
-0.0111694336
0.0082244873
-0.0164947510
-0.0063476562
0.0018157959
0.0070953369
0.0017700195
-0.0044250488
0.0083465576
0.0105285645
0.0025482178
0.0075073242
-0.0034027100
-0.0067749023
0.0074768066
0.0121154785
0.0059661865
