-0.0018920898
0.0012664795
-0.0071258545
0.0041198730
0.0008392334
0.0024108887
0.0066070557
-0.0068206787
-0.0049438477
0.0080413818
-0.0134124756
-0.0000610352
0.0119628906
0.0100555420
-0.0019378662
-0.0005493164
-0.0008697510
0.0071716309
-0.0064697266
-0.0006103516
-0.0014648438
-0.0016174316
0.0063323975
-0.0000915527
0.0037689209
0.0102233887
0.0001373291
-0.0052490234
0.0183868408
-0.0021209717
-0.0162506104
0.0030517578
0.0058288574
0.0068817139
0.0096588135
0.0005187988
0.0024871826
0.0090332031
-0.0050964355
0.0044708252
0.0052642822
0.0042419434
0.0041351318
0.0006103516
-0.0130310059
0.0026702881
-0.0085144043
-0.0043640137
-0.0161743164
0.0107269287
0.0118865967
-0.0047912598
-0.0093841553
0.0123748779
-0.0065307617
-0.0021514893
-0.0016326904
-0.0168609619
-0.0079498291
0.0092163086
0.0055236816
0.0009460449
-0.0029449463
-0.0052032471
-0.0007629395
-0.0009918213
-0.0085296631
-0.0020446777
-0.0051116943
-0.0000152588
0.0027008057
0.0130462646
0.0120239258
-0.0054626465
0.0027465820
0.0088806152
-0.0111999512
-0.0118560791
0.0027160645
-0.0088348389
0.0153045654
0.0007476807
-0.0122070312
-0.0010223389
0.0057220459
-0.0104827881
0.0105285645
-0.0094604492
-0.0132141113
-0.0005798340
-0.0043334961
0.0057830811
-0.0046844482
-0.0108947754
-0.0112609863
-0.0061035156
-0.0574188232
0.3004150391
0.0297698975
0.2284698486
-0.2529144287
-0.1996002197
0.3038787842
0.3190155029
-0.0017089844
0.2041015625
-0.3672180176
-0.0371856689
0.1861877441
-0.3826446533
-0.0865936279
-0.3478698730
-0.0017700195
0.0039215088
-0.0064239502
0.0062713623
0.0011444092
0.0090789795
0.0060882568
-0.0022735596
0.0074462891
-0.0035247803
-0.0035552979
-0.0052490234
-0.0096130371
0.0030212402
0.0016021729
-0.0054779053
0.0066375732
-0.0064239502
0.0050048828
0.0037841797
0.0089874268
0.0009460449
-0.0106048584
-0.0031738281
0.0028381348
0.0081481934
-0.0000152588
0.0024871826
0.0025329590
0.0054473877
-0.0053405762
-0.0052185059
0.0012512207
-0.0015869141
0.0000762939
0.0009918213
0.0004577637
-0.0000457764
-0.0007171631
0.0004577637
0.0008392334
-0.0001068115
-0.0020599365
-0.0004882812
-0.0007629395
0.0001831055
0.0014495850
0.0005645752
