-0.1020507812
-0.0899658203
0.1105957031
-0.1203002930
0.0329589844
-0.0688476562
-0.1192626953
0.0177612305
-0.0333251953
-0.0937500000
0.1182250977
0.1057128906
-0.0567016602
-0.1112060547
-0.0033569336
0.0631713867
-0.2816772461
0.3053588867
0.0875854492
-0.3120117188
0.0196533203
0.2471313477
-0.0559692383
0.3061523438
0.3059082031
0.1632080078
-0.0904541016
0.1004638672
0.2120361328
-0.3303222656
0.0841674805
0.0561523438
-0.1324462891
-0.0825195312
-0.0939331055
0.1691284180
0.1041870117
-0.1296997070
0.1444702148
-0.0925903320
-0.1502075195
-0.1448364258
-0.0791625977
0.0170898438
0.0645141602
-0.0454101562
0.0568237305
0.1954345703
-0.1583251953
0.1205444336
0.1508178711
-0.1331176758
0.2013549805
-0.1258544922
-0.1452026367
0.1481933594
-0.1843872070
-0.1363525391
-0.1690063477
-0.1766357422
0.1568603516
0.2176513672
-0.1105346680
0.1349487305
-0.1102905273
-0.0054931641
-0.1038208008
-0.0408325195
0.0326538086
-0.0612792969
0.0830078125
0.0426025391
0.0423583984
-0.0352783203
0.0510253906
-0.0906372070
-0.0130004883
0.1062011719
0.1242675781
0.0789184570
-0.0105590820
-0.0502319336
-0.0019531250
0.0411987305
-0.0197753906
0.0271606445
-0.0136718750
0.0311889648
0.0480957031
-0.0267333984
0.0590209961
-0.0782470703
0.0660400391
0.0083618164
0.0576171875
-0.0153808594
0.0156250000
-0.0003662109
-0.0204467773
-0.0026855469
0.0064086914
0.0014038086
0.0014648438
0.0141601562
0.0001831055
-0.0268554688
-0.0162963867
0.0026855469
0.0307617188
-0.0093383789
0.0048217773
0.0229492188
-0.1301879883
-0.1935424805
0.0579833984
-0.0217895508
-0.1937866211
0.0856323242
-0.1746215820
-0.1162109375
-0.0261840820
0.1508789062
-0.0740356445
0.1762084961
0.0816650391
-0.1918334961
-0.0339355469
-0.1392822266
-0.0515136719
0.0475463867
0.0565185547
-0.0202026367
-0.0216064453
0.0460205078
0.0384521484
0.0795898438
-0.0178222656
0.0020751953
0.0241699219
0.0423583984
0.0011596680
-0.0485229492
0.0239257812
0.0303955078
0.0680541992
0.0614013672
-0.0731201172
0.1120605469
-0.1074829102
-0.0634765625
-0.0815429688
-0.1082153320
-0.0445556641
0.0219726562
-0.0334472656
0.1224365234
0.0556030273
0.0629272461
-0.0356445312
-0.0991821289
