-0.1058349609
-0.1522827148
0.1372070312
-0.1298828125
0.1526489258
-0.1032714844
-0.1241455078
-0.0579223633
0.0898437500
-0.1478271484
0.1691284180
-0.0045776367
-0.1034545898
-0.1218872070
-0.0141601562
0.0806274414
-0.0010375977
-0.0020751953
0.0371704102
-0.0023193359
0.0324096680
0.0117797852
-0.0261840820
0.0116577148
-0.0068359375
0.0054321289
-0.0150146484
0.0332031250
0.0217285156
-0.0214233398
-0.0029907227
-0.0210571289
-0.0192260742
0.0051879883
0.0021972656
-0.0047607422
0.0026855469
-0.0270996094
0.0187988281
-0.0028076172
-0.0012817383
-0.0206909180
0.0133666992
-0.0117797852
-0.0143432617
0.0070190430
-0.0171508789
0.0240478516
-0.1771240234
0.1824340820
0.2396240234
-0.1976928711
0.1923217773
-0.1533203125
-0.1481323242
0.1927490234
-0.1181640625
-0.1223144531
-0.1666259766
-0.1353149414
0.1748657227
0.2305297852
-0.1293334961
0.1716308594
-0.0161743164
-0.0151367188
-0.0091552734
-0.0046997070
0.0162353516
-0.0234375000
0.0354003906
0.0322265625
0.0372924805
-0.0345458984
0.0050048828
-0.0198974609
-0.0042724609
0.0202636719
-0.0148315430
0.0281982422
-0.0615844727
-0.1915893555
0.0332031250
0.1665039062
-0.1038208008
0.2354125977
-0.0703735352
0.1730957031
0.2616577148
-0.1441650391
0.1309204102
-0.1541137695
0.1505126953
0.1367187500
0.2078857422
0.2559814453
0.0819702148
0.3031005859
0.2637329102
0.2138671875
-0.2951049805
-0.1920166016
0.2868041992
0.2760009766
0.0637817383
0.1184082031
-0.1784667969
0.0080566406
0.3143920898
-0.3085327148
-0.2466430664
-0.3343505859
-0.0064086914
-0.0214843750
0.0011596680
0.0321044922
-0.0249633789
0.0413818359
-0.0314941406
-0.0224609375
0.0266723633
0.0159301758
-0.0332641602
0.0441284180
-0.0157470703
-0.0346679688
0.0373535156
-0.0085449219
0.0006103516
0.0700683594
0.0719604492
0.0538940430
-0.0601806641
0.0438232422
-0.1026000977
-0.0106811523
-0.0107421875
0.0898437500
0.1091308594
0.0185546875
0.0762939453
-0.0601196289
0.0872192383
0.0617065430
0.0340576172
-0.0189208984
-0.0355834961
0.0510864258
-0.0302124023
-0.0107421875
-0.0076904297
-0.0308227539
-0.0330810547
0.0389404297
-0.0599365234
0.0444335938
0.0282592773
-0.0278320312
-0.0083618164
-0.0352783203
