-0.2515869141
-0.3054809570
0.2759399414
-0.2290039062
0.3103637695
-0.1630249023
-0.2821044922
0.1287841797
0.1837768555
-0.2665405273
0.3189697266
0.0702514648
-0.2734985352
-0.2657470703
-0.0620117188
0.2583618164
0.0334472656
-0.0632934570
0.0610351562
0.0615234375
0.0476074219
0.0037231445
0.0051879883
-0.0535888672
-0.0479736328
-0.0124511719
0.0150146484
0.0256958008
-0.0088500977
0.0297241211
-0.0148315430
-0.0058593750
-0.1421508789
-0.0637817383
-0.0574951172
0.0491333008
-0.0785522461
-0.1062622070
0.1063232422
-0.0538330078
-0.0953369141
-0.1003417969
-0.0605468750
-0.0686035156
0.0798950195
0.0100097656
0.1226806641
0.1420288086
-0.1163330078
0.1337280273
0.2056274414
-0.1489257812
0.2294311523
-0.1652832031
-0.1499023438
0.1442871094
-0.1906127930
-0.1255493164
-0.1417846680
-0.1137695312
0.1590576172
0.1921386719
-0.0864257812
0.1690063477
0.1098022461
-0.0032348633
0.1441040039
-0.0593261719
-0.0088500977
0.0947875977
-0.0881958008
-0.0970458984
-0.1451416016
0.1259765625
0.0407104492
0.0905151367
0.0261840820
-0.0444946289
0.0195922852
0.1086425781
-0.0634155273
-0.1505737305
0.0081176758
0.1360473633
-0.1063232422
0.1450195312
-0.0409545898
0.1439819336
0.1632690430
-0.1076049805
0.1325073242
-0.0570068359
0.2045288086
0.1125488281
0.1433105469
0.2249145508
-0.0131225586
0.0010375977
-0.0057373047
0.0010375977
0.0015869141
-0.0061645508
-0.0049438477
0.0108032227
-0.0060424805
0.0056152344
-0.0060424805
-0.0035400391
-0.0027465820
-0.0001831055
0.0050659180
-0.0034790039
-0.0438842773
-0.0725708008
-0.0062255859
0.0003662109
-0.0556030273
0.0741577148
-0.0629272461
-0.0543212891
0.0109252930
0.0846557617
0.0375976562
0.0374145508
-0.0018310547
-0.0861206055
0.0074462891
-0.0603637695
-0.0186157227
0.0128784180
0.0210571289
0.0341186523
-0.0133056641
-0.0092773438
-0.0390625000
0.0212402344
-0.0184936523
-0.0025634766
0.0291748047
0.0158081055
0.0259399414
-0.0219116211
-0.0005493164
0.0202636719
0.0144653320
-0.0283203125
0.0139770508
0.0288085938
0.0271606445
-0.0125122070
0.0036010742
-0.0314941406
-0.0549926758
0.0258178711
-0.0138549805
0.0332641602
0.0354614258
-0.0090332031
0.0142211914
-0.0111694336
