-0.0302124023
-0.0571289062
0.0846557617
-0.0325927734
0.0604858398
-0.0324096680
-0.0691528320
0.0438232422
-0.0106201172
-0.0165405273
0.0705566406
0.0216064453
-0.0488891602
-0.0328369141
0.0167236328
0.0463256836
0.0032958984
-0.0026245117
0.0017089844
0.0210571289
-0.0401000977
0.0298461914
0.0054931641
-0.0122680664
-0.0167236328
-0.0040893555
0.0476074219
-0.0180664062
0.0014648438
0.0191650391
0.0102539062
-0.0137939453
-0.0794677734
-0.0509033203
-0.0419311523
-0.0412597656
0.0036010742
-0.0806274414
0.0402221680
-0.0107421875
-0.0218505859
-0.0312500000
-0.0573120117
0.0084838867
0.0009155273
-0.0497436523
-0.0123291016
0.0661010742
-0.0444946289
0.1127929688
0.1826171875
-0.1706542969
0.1051025391
-0.0812377930
-0.0837402344
0.0990600586
-0.0704345703
-0.1495971680
-0.1511230469
-0.0966186523
0.1441040039
0.1192016602
-0.1082763672
0.1300048828
0.0017089844
-0.0123291016
0.0122070312
0.0312500000
0.0068359375
0.0101318359
-0.0189208984
0.0043334961
-0.0022583008
0.0036621094
-0.0075073242
0.0113525391
-0.0072021484
-0.0091552734
-0.0034179688
-0.0219726562
-0.1119995117
-0.1885986328
0.0352783203
0.1365356445
-0.1165771484
0.2050170898
-0.1692504883
0.1392211914
0.2316894531
-0.1225585938
0.1722412109
-0.1701049805
0.1982421875
0.1477050781
0.2291259766
0.2895507812
0.0291748047
-0.0219726562
0.0776977539
-0.0344848633
0.0027465820
0.0368041992
-0.0381469727
-0.0021362305
0.0881347656
0.0030517578
0.0435791016
-0.0327758789
0.0108642578
0.0164184570
-0.0399169922
0.0066528320
-0.0125122070
-0.0258789062
0.0223388672
-0.0320434570
-0.0380249023
0.0227050781
-0.0392456055
-0.0253295898
-0.0208740234
0.0373535156
0.0166015625
0.0156250000
0.0279541016
-0.0298461914
-0.0183715820
-0.0083007812
-0.3582763672
0.3035888672
0.0256347656
0.0940551758
-0.3198242188
0.0277099609
-0.1962280273
0.3406982422
-0.3076782227
0.1663208008
0.1813354492
0.3244018555
0.0988769531
-0.2377319336
0.1518554688
0.3229980469
0.0465087891
0.0404663086
-0.0969848633
0.0515747070
-0.0103759766
-0.0242919922
-0.0065917969
-0.0446777344
-0.0166015625
0.0499877930
-0.0072631836
0.0541381836
0.0244750977
-0.0018310547
-0.0328369141
-0.0404663086
