-0.0407714844
-0.0391235352
0.0582885742
-0.0948486328
0.0392456055
-0.0166015625
-0.0756225586
-0.0115356445
0.0330200195
-0.0271606445
0.0595092773
0.0273437500
-0.0106811523
-0.0125732422
0.0333862305
0.0338745117
-0.0054931641
0.0027465820
0.0105590820
0.0014038086
0.0043334961
0.0068359375
0.0012817383
-0.0068359375
-0.0031738281
-0.0079345703
0.0103759766
-0.0033569336
-0.0075683594
-0.0012817383
0.0025024414
-0.0032348633
-0.1207275391
-0.0479125977
-0.0493774414
0.0192260742
0.0654296875
-0.1030273438
0.0888061523
-0.1154785156
-0.0485839844
-0.0928344727
-0.0048217773
-0.0753784180
0.0576171875
-0.0348510742
0.0343017578
0.1125488281
-0.0549926758
0.0223999023
0.1691894531
-0.1261596680
0.1386108398
-0.0769653320
-0.0810546875
0.2116088867
-0.1216430664
-0.1064453125
-0.1300048828
-0.1208496094
0.1111450195
0.0989990234
-0.0683593750
0.1364135742
-0.0329589844
0.0238647461
-0.0335693359
0.0386352539
0.0149536133
-0.0335693359
0.0417480469
0.0440673828
0.0540771484
-0.0341186523
0.0047607422
-0.0110473633
-0.0136108398
-0.0128173828
-0.0191650391
-0.0230102539
-0.0712890625
-0.1746826172
0.0396118164
0.1405639648
-0.1161499023
0.2134399414
-0.0796508789
0.1712646484
0.2174072266
-0.0241699219
0.2085571289
-0.1518554688
0.1774902344
0.1773071289
0.1849975586
0.2811889648
0.0070800781
0.0076293945
0.0082397461
0.0050048828
-0.0104980469
0.0055541992
0.0014038086
-0.0014648438
-0.0020141602
0.0155029297
0.0130004883
0.0034179688
0.0150146484
0.0123291016
-0.0130615234
-0.0017089844
-0.0628662109
-0.0692749023
-0.0116577148
-0.0166625977
-0.0378417969
0.0637207031
-0.0515747070
0.0032958984
0.0405273438
0.0103759766
-0.0338745117
0.0577392578
0.0338134766
-0.0977783203
0.0180053711
-0.0307617188
-0.0739135742
0.0938110352
0.0360107422
0.0352172852
-0.0952148438
0.0579833984
-0.1456298828
0.0834350586
-0.0907592773
0.0799560547
0.1237792969
0.1093139648
0.0732421875
-0.0792236328
0.0136718750
0.1372680664
0.2454223633
0.0079956055
-0.2963867188
0.3001098633
-0.0714721680
-0.2870483398
-0.2794189453
-0.3022460938
-0.2726440430
0.2941284180
-0.1481323242
0.3040771484
0.2902832031
-0.0389404297
-0.0112915039
-0.2858886719
