-0.0173339844
-0.0131225586
0.0609130859
-0.0062255859
0.0253295898
0.0106811523
-0.0253906250
-0.0287475586
0.0057983398
-0.0197753906
0.0247802734
0.0340576172
-0.0101928711
-0.0139160156
0.0106201172
0.0267333984
0.0084838867
-0.0068359375
0.0087280273
0.0140991211
0.0408325195
0.0123291016
-0.0296630859
-0.0257568359
-0.0307617188
-0.0239868164
-0.0120849609
0.0191040039
0.0106811523
0.0139160156
0.0078125000
-0.0172729492
-0.1548461914
-0.0781250000
-0.1005859375
0.0647583008
0.0471801758
-0.1427001953
0.1478881836
-0.0299682617
-0.1343383789
-0.1040649414
-0.1292724609
-0.0327758789
0.0080566406
-0.0825805664
-0.0253295898
0.1644287109
-0.2031860352
0.1715698242
0.2568359375
-0.2952880859
0.2989501953
-0.2689208984
-0.2229614258
0.0914306641
-0.2341918945
-0.2551269531
-0.2584228516
-0.2215576172
0.2629394531
0.2655639648
-0.1856689453
0.2476806641
-0.0347290039
0.0181274414
-0.0290527344
0.0510253906
0.0233764648
-0.0471191406
0.0794067383
0.0397338867
0.0589599609
-0.0485229492
-0.0303344727
0.0171508789
-0.0232543945
0.0007934570
0.0147705078
0.0412597656
-0.0713500977
-0.1611938477
0.1175537109
0.0795288086
-0.1024780273
0.2391967773
-0.1800537109
0.1417236328
0.2633666992
-0.1076660156
0.1513061523
-0.1443481445
0.2131347656
0.2050170898
0.2589111328
0.2885131836
0.0175170898
0.0278320312
0.0103149414
0.0349121094
-0.0253295898
-0.0117797852
0.0211181641
0.0383300781
-0.0363769531
0.0363159180
-0.0224609375
0.0227661133
0.0324096680
-0.0313110352
0.0024414062
-0.0201416016
-0.0170288086
-0.0451660156
-0.0119628906
0.0020751953
-0.0593261719
0.0130615234
-0.0426635742
-0.0110473633
-0.0194702148
0.0646362305
0.0323486328
0.0471191406
0.0099487305
-0.0634765625
0.0311889648
-0.0588378906
-0.0737304688
0.0582885742
-0.0063476562
-0.0292358398
-0.0471191406
0.0855102539
-0.0294189453
0.0809326172
-0.0512695312
0.0307006836
0.0496215820
0.0537719727
0.0328979492
-0.0426635742
0.0328979492
0.0546875000
0.0777587891
-0.0187988281
-0.0658569336
0.0708007812
-0.0322875977
0.0022583008
-0.0137329102
-0.1005249023
-0.0212402344
0.0357055664
0.0025024414
0.0559082031
0.0299682617
0.1021728516
-0.0398559570
-0.0347290039
