-0.0152587891
0.0025634766
0.0248413086
-0.0359497070
-0.0394897461
-0.0400390625
-0.0194702148
0.0153198242
0.0107421875
-0.0092773438
0.0070190430
0.0188598633
-0.0051269531
-0.0170898438
0.0355224609
-0.0014038086
0.0022583008
0.0006713867
-0.0191650391
0.0288085938
0.0211791992
0.0090332031
-0.0369262695
-0.0098266602
-0.0025024414
0.0018920898
0.0278930664
0.0054321289
0.0021972656
0.0305175781
0.0218505859
-0.0097045898
-0.1470336914
-0.0781860352
-0.0628662109
0.0123901367
0.0357055664
-0.1131591797
0.0956420898
-0.0632324219
-0.0701904297
-0.1522827148
-0.0474853516
-0.0396118164
0.0033569336
-0.0485229492
0.0143432617
0.1818237305
-0.1168212891
0.1068115234
0.2867431641
-0.2017211914
0.1420898438
-0.1339111328
-0.1766357422
0.2394409180
-0.1906127930
-0.1151123047
-0.1519165039
-0.1348876953
0.1944580078
0.1091918945
-0.1450805664
0.1144409180
-0.3073730469
-0.1182861328
-0.3105468750
0.0056762695
-0.0557861328
-0.3286743164
0.2980346680
0.3078613281
0.3557128906
-0.3320312500
-0.0844116211
-0.2876586914
0.0595092773
0.2965087891
-0.0387573242
-0.1481323242
-0.0519409180
-0.0702514648
0.0001220703
0.0021362305
-0.0588378906
0.1049194336
-0.0606079102
0.0832519531
0.1132812500
-0.0430297852
0.0390625000
-0.1039428711
0.0960083008
0.0598754883
0.1193237305
0.1032714844
-0.0157470703
-0.0185546875
-0.0323486328
-0.0256347656
0.0292358398
-0.0123901367
-0.0085449219
-0.0364379883
-0.0059204102
0.0019531250
0.0006713867
0.0216674805
-0.0075073242
0.0264282227
-0.0219116211
0.0264892578
-0.0604858398
-0.1152343750
0.0304565430
-0.0320434570
-0.0761718750
0.0582275391
-0.0863647461
-0.0263671875
0.0444946289
0.0593261719
-0.0737304688
0.1045532227
0.0368041992
-0.1231079102
-0.0282592773
-0.0565795898
-0.0102539062
0.0219116211
-0.0211181641
0.0377807617
-0.0126953125
0.0091552734
-0.0587768555
0.0344238281
-0.0183715820
0.0298461914
0.0294799805
0.0222778320
0.0117187500
-0.0394897461
0.0121459961
0.0358276367
0.0803833008
-0.0110473633
-0.0393066406
0.0811767578
-0.0348510742
-0.0587768555
-0.0814819336
-0.0317382812
-0.0504760742
0.0936889648
-0.0507812500
0.0801391602
0.0802001953
-0.0279541016
-0.0038452148
-0.0864257812
