-0.0007934570
0.0142059326
-0.0270080566
-0.0017700195
-0.0079345703
0.0102233887
-0.0023803711
0.0010986328
-0.0130157471
0.0032806396
-0.0012664795
0.0102539062
0.0128631592
-0.0105590820
0.0189819336
0.0055694580
-0.3293609619
0.3278961182
0.0993041992
-0.3496246338
0.0166473389
0.2841644287
-0.0540161133
0.3312835693
0.3480834961
0.0466003418
0.1162719727
0.0402526855
0.1800842285
-0.3550415039
-0.0881805420
-0.0611114502
-0.0006561279
-0.0273132324
-0.0142822266
0.0117340088
0.0028381348
-0.0160064697
0.0081176758
-0.0105590820
0.0294036865
0.0009460449
0.0227661133
-0.0234680176
0.0068817139
0.0195007324
-0.0062561035
-0.0052642822
0.0030364990
-0.0080108643
0.0151824951
-0.0376129150
0.0142211914
0.0016021729
-0.0161132812
0.0043792725
-0.0093383789
-0.0136871338
-0.0032348633
0.0030975342
-0.0169830322
-0.0110473633
-0.0166625977
-0.0126495361
-0.0139465332
0.0005798340
0.0091247559
0.0008544922
-0.0258331299
-0.0007476807
-0.0043334961
0.0018463135
0.0158386230
-0.0063171387
-0.0092926025
-0.0052032471
0.0369110107
-0.0037078857
-0.0135803223
0.0136566162
-0.0030059814
0.0040588379
0.0106353760
-0.0072174072
0.0122222900
0.0047149658
0.0031585693
-0.0039672852
0.0021514893
0.0229187012
-0.0000305176
-0.0004577637
-0.0230865479
-0.0072326660
-0.0038452148
-0.0229949951
0.0211181641
0.0139617920
0.0204315186
-0.0084381104
-0.0016632080
-0.0164947510
-0.0052795410
-0.0007934570
0.0052337646
0.0146789551
0.0092926025
-0.0009765625
-0.0127716064
-0.0076599121
-0.0111541748
-0.0012359619
-0.0084533691
-0.0260772705
0.0115509033
0.0216217041
-0.0382080078
0.0441436768
-0.0293731689
-0.0289459229
-0.0094909668
0.0291900635
-0.0014953613
0.0053100586
0.0170898438
-0.0145874023
0.0040588379
-0.0160064697
-0.0240783691
0.0002746582
0.0112457275
-0.0000915527
-0.0058898926
0.0074920654
0.0191345215
0.0291137695
-0.0109100342
-0.0017852783
0.0016937256
0.0200347900
0.0276031494
-0.0177154541
0.0118865967
0.0009613037
-0.0158996582
-0.0153198242
-0.0056610107
0.0026397705
-0.0132446289
-0.0078582764
0.0042114258
-0.0004272461
0.0026245117
0.0020446777
-0.0168609619
0.0073547363
-0.0077667236
-0.0354614258
0.0208435059
-0.0016784668
