-0.2485351562
-0.2861938477
0.2005615234
-0.2816772461
0.2953491211
-0.1895141602
-0.2392578125
0.0272216797
0.2098388672
-0.2549438477
0.3289184570
0.2255859375
-0.2604370117
-0.2352294922
-0.0335083008
0.3122558594
0.0214843750
-0.0180053711
0.0411987305
0.0166015625
0.0120849609
0.0236816406
0.0014648438
-0.0139160156
0.0014038086
-0.0073852539
0.0151367188
0.0389404297
-0.0083618164
0.0177612305
0.0194091797
-0.0124511719
-0.0510253906
0.0067138672
-0.0077514648
-0.0420532227
-0.0119628906
-0.0399780273
0.0433349609
0.0213012695
-0.0533447266
-0.0235595703
0.0116577148
-0.0018310547
-0.0067138672
0.0136108398
0.0341186523
0.0297851562
-0.1007080078
0.1219482422
0.1919555664
-0.2669067383
0.1409301758
-0.1102905273
-0.0910034180
0.0784912109
-0.1116943359
-0.1470947266
-0.1271972656
-0.1375122070
0.1475219727
0.1216430664
-0.1276855469
0.1957397461
0.0381469727
0.0770263672
0.0167236328
-0.0258178711
0.0902099609
0.0150756836
0.0107421875
0.0172729492
0.0247802734
0.0168457031
0.0516357422
0.0368652344
0.0020141602
-0.0255126953
0.0302124023
0.0261840820
0.0137329102
-0.0352172852
0.0228271484
0.0277099609
0.0093994141
0.0215454102
-0.0205078125
0.0372924805
0.0613403320
-0.0230712891
0.0484008789
-0.0317993164
0.0328369141
0.0426025391
0.0328979492
0.0471801758
0.0298461914
-0.0024414062
0.0073852539
0.0047607422
-0.0498046875
0.0155029297
0.0183715820
0.0208740234
0.0023803711
0.0325317383
0.0303344727
0.0027465820
-0.0164184570
-0.0266113281
-0.0161743164
0.0101318359
-0.1609497070
-0.2081298828
0.0329589844
-0.0158081055
-0.1768798828
0.1800537109
-0.2223510742
-0.1094970703
0.0056152344
0.1967163086
-0.0549316406
0.1862182617
0.0391235352
-0.2272338867
-0.0919799805
-0.1229248047
-0.0139770508
0.0049438477
0.0019531250
0.0059204102
-0.0029907227
0.0219116211
-0.0303955078
0.0188598633
-0.0197753906
-0.0047607422
0.0110473633
0.0288696289
0.0170898438
-0.0057373047
0.0239257812
0.0087890625
0.0507812500
0.0299682617
-0.0701904297
0.0847167969
-0.0409545898
0.0150146484
-0.0656127930
-0.0313720703
-0.0290527344
0.0620727539
0.0061645508
0.0516357422
0.0690307617
0.0160522461
0.0022583008
0.0083618164
