-0.0828857422
-0.0891113281
0.1121826172
-0.0373535156
0.0755004883
-0.0312500000
-0.1119384766
0.0670776367
0.0430297852
-0.1058349609
0.1115112305
0.0071411133
-0.0426635742
-0.0866699219
0.0777587891
0.0719604492
0.0220336914
-0.0128173828
-0.0144653320
0.0348510742
-0.0077514648
-0.0182495117
-0.0076293945
-0.0379638672
-0.0360717773
-0.0239868164
-0.0142822266
-0.0238037109
0.0051269531
0.0347290039
-0.0283203125
-0.0021362305
-0.3484497070
-0.2093505859
-0.3314819336
-0.0737915039
-0.0761718750
-0.3284301758
0.3130493164
-0.0438842773
-0.3431396484
-0.2977294922
-0.2258300781
-0.1608276367
0.0040893555
-0.1145629883
0.1087646484
0.2933959961
-0.0304565430
0.0778808594
0.0904541016
-0.0390625000
0.0595703125
-0.1136474609
-0.0191650391
0.0573730469
-0.0511474609
-0.0375976562
-0.1098632812
-0.0371093750
0.1210937500
0.0632934570
-0.1264648438
0.0529785156
-0.0206298828
0.0541381836
0.0063476562
0.0126342773
0.0317382812
-0.0038452148
0.0110473633
0.0010986328
-0.0137329102
0.0116577148
0.0616455078
0.0020141602
-0.0079956055
-0.0031127930
-0.0087280273
0.0230712891
-0.0850219727
-0.1520996094
-0.0064697266
0.0337524414
-0.0449829102
0.1255493164
-0.0660400391
0.1600341797
0.1707763672
-0.0598754883
0.0916748047
-0.0066528320
0.1547851562
0.0584106445
0.0870971680
0.2108764648
0.0154418945
-0.0262451172
0.0132446289
-0.0079345703
-0.0037841797
0.0229492188
-0.0083618164
-0.0238037109
0.0122070312
0.0167236328
0.0001220703
0.0034179688
-0.0103149414
0.0349121094
0.0126342773
0.0328369141
-0.2000122070
-0.2017211914
0.0917968750
-0.0941162109
-0.2047729492
0.1725463867
-0.1772460938
-0.1684570312
0.0259399414
0.2131347656
-0.1230468750
0.1872558594
0.0969238281
-0.2127075195
-0.1081542969
-0.1538085938
0.0295410156
-0.0051879883
-0.0260620117
0.0060424805
0.0004882812
0.0062866211
-0.0050048828
-0.0256958008
-0.0189208984
0.0162963867
0.0228881836
0.0003051758
0.0076293945
0.0007324219
0.0503540039
-0.0169067383
0.0209350586
0.0102539062
-0.0156250000
0.0086059570
-0.0173339844
0.0152587891
-0.0080566406
-0.0184936523
0.0076293945
-0.0012207031
-0.0062866211
-0.0031738281
-0.0065917969
-0.0166625977
-0.0182495117
-0.0086669922
