-0.0427856445
-0.0323486328
-0.0079345703
-0.0521240234
-0.0521850586
-0.0126342773
-0.0580444336
0.0032958984
-0.0426025391
-0.0292358398
0.0630493164
0.0358276367
-0.0169677734
-0.0559082031
0.0068969727
0.0452270508
-0.3328247070
0.3298339844
0.1350097656
-0.3487548828
-0.0109863281
0.2843627930
-0.0816650391
0.3446044922
0.3542480469
0.0505371094
0.0831909180
0.1229248047
0.2001953125
-0.3626708984
-0.0458984375
-0.0328979492
-0.0501098633
-0.0317993164
-0.0712890625
0.0339965820
0.0051269531
-0.0709838867
0.0189819336
-0.0538940430
-0.0532836914
-0.0689697266
-0.0225830078
-0.0308227539
0.0596923828
-0.0051879883
-0.0081787109
0.0790405273
-0.0688476562
0.0839233398
0.1107177734
-0.1256713867
0.0692749023
-0.0964965820
-0.1007080078
0.0604248047
-0.0798950195
-0.1341552734
-0.1093750000
-0.1138305664
0.1113891602
0.0817871094
-0.0829467773
0.0551147461
-0.0779418945
0.0388183594
-0.0695190430
0.0064086914
-0.0120849609
-0.0771484375
0.0883789062
0.0289916992
0.0950317383
-0.0794067383
0.0318603516
-0.0516357422
0.0478515625
0.0689086914
0.0252075195
-0.0112304688
-0.0148925781
-0.0066528320
0.0055541992
-0.0097656250
0.0194702148
0.0078735352
-0.0077514648
0.0221557617
0.0292968750
-0.0126953125
0.0034179688
-0.0098266602
0.0091552734
0.0173339844
0.0141601562
-0.0072631836
0.0100097656
0.0083007812
0.0205688477
-0.0026245117
0.0077514648
-0.0236816406
0.0123291016
0.0028686523
-0.0151367188
-0.0015869141
-0.0035400391
0.0074462891
0.0139160156
-0.0101928711
-0.0169067383
0.0199584961
-0.0968017578
-0.0822753906
0.0454101562
0.0539550781
-0.1029052734
0.0933837891
-0.0890502930
-0.0739135742
-0.0162963867
0.0596923828
-0.0313110352
0.0794067383
0.0198364258
-0.0711669922
-0.0374755859
-0.0812377930
-0.0364990234
0.0131835938
-0.0036621094
-0.0075683594
-0.0237426758
-0.0151367188
0.0014648438
0.0407104492
-0.0103149414
-0.0151977539
0.0008544922
0.0282592773
0.0186157227
-0.0108032227
-0.0073242188
0.0059204102
-0.0001831055
-0.0158691406
-0.0288085938
0.0511474609
-0.0187988281
-0.0302734375
-0.0372924805
-0.0370483398
-0.0227661133
0.0276489258
-0.0317993164
0.0416870117
0.0397949219
0.0317382812
-0.0079345703
-0.0566406250
