0.0049438477
-0.0036010742
0.0230102539
-0.0221557617
0.0063476562
0.0028686523
-0.0095214844
0.0207519531
-0.0111694336
-0.0350341797
0.0252685547
-0.0046997070
-0.0038452148
0.0026855469
-0.0084228516
0.0154418945
-0.0200195312
0.0126342773
-0.0098266602
0.0025024414
0.0255126953
0.0111694336
-0.0049438477
-0.0031738281
-0.0175781250
-0.0194091797
-0.0033569336
0.0023803711
-0.0044555664
0.0186767578
0.0227050781
-0.0217285156
-0.1511840820
-0.1051635742
-0.0945434570
-0.0187988281
0.0108032227
-0.1716308594
0.1293334961
-0.0814208984
-0.0963745117
-0.1682128906
-0.0356445312
-0.0880737305
0.0665283203
-0.0762939453
0.0309448242
0.2012329102
-0.0337524414
0.0864868164
0.1583251953
-0.1876831055
0.1273803711
-0.1041259766
-0.0992431641
0.1264648438
-0.1079711914
-0.0800781250
-0.1257324219
-0.1121215820
0.1720581055
0.1199951172
-0.1002807617
0.0901489258
-0.3399047852
-0.0538940430
-0.3186035156
0.0004882812
-0.0880126953
-0.3174438477
0.3079833984
0.3288574219
0.3525390625
-0.3305053711
-0.0206909180
-0.2774047852
0.0610351562
0.2494506836
0.0277709961
-0.0800170898
-0.0995483398
-0.2137451172
-0.0075683594
0.1135253906
-0.1185913086
0.2282104492
-0.1295776367
0.1932373047
0.2318115234
-0.1488647461
0.1977539062
-0.1674194336
0.1956176758
0.1309204102
0.1881713867
0.2578125000
0.0108032227
-0.0000610352
0.0271606445
-0.0282592773
0.0022583008
-0.0109863281
-0.0031127930
0.0048217773
0.0246582031
-0.0090942383
0.0070190430
-0.0084228516
0.0151367188
-0.0234985352
-0.0035400391
0.0021972656
-0.0891723633
-0.1220703125
-0.0250244141
0.0154418945
-0.0995483398
0.0870971680
-0.1152954102
-0.0292968750
0.0142211914
0.0726928711
-0.0524902344
0.1442260742
-0.0207519531
-0.1560668945
-0.0152587891
-0.0581665039
-0.0141601562
0.0137939453
0.0086669922
0.0386352539
0.0087280273
-0.0032348633
-0.0202026367
0.0020751953
-0.0046386719
0.0142822266
0.0086059570
0.0064086914
0.0337524414
-0.0299682617
0.0115356445
0.0292358398
0.1162109375
0.0234375000
-0.1191406250
0.0986938477
-0.0907592773
-0.0938720703
-0.1156616211
-0.0873413086
-0.0947875977
0.1315917969
-0.0784301758
0.1192626953
0.1398315430
-0.0365600586
0.0384521484
-0.1148071289
