-0.0047607422
-0.0055541992
0.0369873047
-0.0043334961
-0.0058593750
0.0110473633
-0.0192260742
-0.0006103516
0.0025634766
-0.0287475586
0.0214843750
0.0047607422
-0.0113525391
-0.0115966797
0.0042724609
-0.0012207031
0.0568847656
-0.0480957031
0.0095214844
0.0703125000
0.0461425781
-0.0197753906
-0.0126953125
-0.0879516602
-0.0635986328
-0.0221557617
-0.0157470703
0.0520629883
-0.0158691406
0.0857543945
-0.0111694336
-0.0770263672
-0.1264648438
-0.0415039062
-0.0623779297
0.0143432617
0.0227661133
-0.1118774414
0.0776977539
0.0244140625
-0.0615234375
-0.0806274414
-0.0440063477
-0.0432128906
0.0164794922
-0.0565185547
0.0205688477
0.0846557617
-0.1704101562
0.1583251953
0.2541503906
-0.2715454102
0.2911376953
-0.2105102539
-0.1791992188
0.1574096680
-0.1464843750
-0.1777343750
-0.2443847656
-0.1529541016
0.2707519531
0.2133178711
-0.2019653320
0.2230224609
-0.0010375977
0.0031738281
0.0147094727
0.0027465820
0.0037841797
0.0022583008
-0.0097045898
0.0089721680
0.0151367188
-0.0009765625
0.0098266602
0.0022583008
0.0075073242
-0.0001831055
0.0043945312
0.0076293945
-0.1390380859
-0.2448730469
0.0652465820
0.2090454102
-0.1859130859
0.2893676758
-0.2182006836
0.2012939453
0.2976684570
-0.2218627930
0.2564697266
-0.2025146484
0.2444458008
0.2426147461
0.3067626953
0.4100341797
0.0021972656
0.0078125000
0.0414428711
0.0101318359
-0.0328979492
-0.0158691406
0.0087890625
0.0525512695
0.0123291016
0.0112915039
-0.0270385742
0.0238647461
0.0344238281
-0.0057373047
-0.0622558594
-0.0656738281
-0.1507568359
-0.2241821289
0.0623168945
-0.0577392578
-0.1867675781
0.1737060547
-0.2259521484
-0.1514892578
0.0184936523
0.2472534180
-0.1325683594
0.1942749023
0.0458984375
-0.2174682617
-0.1261596680
-0.2094726562
-0.0020751953
0.0151367188
-0.0331420898
0.0412597656
-0.0161132812
-0.0023193359
-0.0643920898
-0.0035400391
0.0162963867
0.0640869141
0.0537719727
-0.0062866211
0.0216064453
-0.0178222656
0.0269165039
-0.0044555664
0.0628051758
-0.0221557617
-0.0352783203
0.1235351562
-0.0083618164
-0.0203857422
-0.0403442383
-0.0935668945
-0.0545654297
0.0700073242
-0.0683593750
0.0537109375
0.0455322266
-0.0020751953
0.0291137695
-0.0605468750
