-0.0014648438
-0.0134887695
0.0493164062
-0.0358276367
0.0132446289
0.0237426758
-0.0357055664
-0.0272827148
-0.0118408203
-0.0452880859
0.0317993164
-0.0272216797
-0.0286865234
-0.0576782227
0.0091552734
0.0317382812
-0.0034790039
0.0198974609
-0.0242309570
0.0052490234
0.0006103516
0.0175781250
-0.0161132812
-0.0100708008
-0.0146484375
0.0006713867
0.0028076172
0.0231933594
0.0228881836
0.0133056641
-0.0147705078
-0.0450439453
-0.0411376953
0.0249023438
-0.0484008789
0.0039672852
-0.0330810547
-0.0489501953
0.0679321289
0.0219726562
-0.0133666992
-0.0389404297
-0.0291137695
-0.0366821289
0.0000610352
-0.0459594727
-0.0015869141
0.0653686523
-0.0824584961
0.1143188477
0.1997070312
-0.1929931641
0.2072753906
-0.1782226562
-0.1173706055
0.0899658203
-0.1734619141
-0.1604003906
-0.1878662109
-0.0960083008
0.1939697266
0.1580810547
-0.0955200195
0.2022094727
0.0041503906
-0.0077514648
0.0129394531
0.0108032227
-0.0166625977
0.0108032227
0.0059204102
0.0037231445
0.0040893555
0.0107421875
0.0079345703
-0.0189819336
-0.0032958984
-0.0103149414
-0.0021972656
0.0247802734
-0.0257568359
-0.1804809570
-0.0857543945
0.1618652344
-0.0070190430
0.0886840820
-0.0308837891
0.1118164062
0.0954589844
-0.0933227539
0.1538085938
-0.0738525391
0.1452026367
0.0963745117
0.1107788086
0.1557617188
0.0136108398
-0.0044555664
0.0194091797
-0.0073852539
-0.0274658203
0.0087280273
-0.0075683594
0.0117187500
0.0103149414
-0.0162353516
-0.0081787109
0.0058593750
-0.0059814453
0.0075073242
-0.0025024414
0.0044555664
-0.2942504883
-0.2811279297
0.1508789062
-0.1791381836
-0.2786865234
0.2601928711
-0.2664184570
-0.2506103516
0.0407714844
0.2910766602
-0.1546630859
0.2682495117
0.2200927734
-0.2906494141
-0.1648559570
-0.2491455078
0.0362548828
-0.0030517578
0.0183715820
-0.0341186523
0.0191040039
-0.0236816406
0.0157470703
-0.0347290039
0.0568237305
0.0092773438
0.0167846680
-0.0240478516
-0.0136108398
0.0192260742
-0.0213012695
-0.0092163086
0.0116577148
0.0157470703
-0.0288696289
0.0200195312
0.0093383789
-0.0139160156
-0.0208129883
0.0003051758
-0.0010375977
0.0080566406
0.0004272461
0.0002441406
0.0178222656
0.0172119141
-0.0022583008
-0.0144653320
