-0.0327148438
-0.0635986328
0.0538330078
-0.0193481445
0.0101318359
0.0052490234
-0.0162353516
-0.0211791992
-0.0175781250
-0.0034790039
0.0983276367
0.0060424805
0.0072021484
-0.0230102539
-0.0048828125
0.0203247070
0.0331420898
-0.0695800781
0.0307006836
0.0358276367
-0.0375976562
0.0008544922
0.0509033203
-0.0470581055
-0.0358276367
-0.0255737305
0.0668334961
0.0105590820
-0.0524291992
0.0464477539
-0.0191040039
-0.0606689453
-0.0227050781
-0.0186157227
-0.0065307617
-0.0045776367
-0.0159912109
-0.0291137695
0.0130004883
-0.0216064453
-0.0064697266
-0.0076293945
-0.0166015625
0.0048217773
-0.0068359375
-0.0123901367
-0.0064697266
0.0114746094
-0.1827392578
0.1648559570
0.2383422852
-0.2541503906
0.2327880859
-0.2498168945
-0.1480102539
0.0620117188
-0.0877685547
-0.1930541992
-0.2569580078
-0.1281738281
0.2211303711
0.2166137695
-0.1447753906
0.1799926758
0.0014038086
0.0186767578
-0.0068969727
0.0046386719
-0.0234985352
0.0167236328
-0.0205078125
0.0126342773
-0.0014038086
-0.0106811523
0.0262451172
0.0303955078
0.0499267578
-0.0197143555
0.0010375977
-0.0064697266
-0.1260986328
-0.2363891602
0.0855102539
0.1450805664
-0.1749267578
0.2980346680
-0.2714843750
0.1644287109
0.2928466797
-0.2295532227
0.2522583008
-0.1861572266
0.1898193359
0.2059326172
0.3290405273
0.4273681641
0.0064697266
0.0225219727
0.0150756836
-0.0051879883
-0.0349731445
-0.0054931641
0.0162963867
0.0382080078
-0.0074462891
0.0153198242
-0.0119628906
0.0538330078
0.0079345703
-0.0271606445
-0.0172119141
-0.0239257812
-0.1196899414
-0.1436157227
0.0192260742
-0.0225830078
-0.1437988281
0.1502075195
-0.1675415039
-0.1022338867
0.0275268555
0.1534423828
-0.0632934570
0.1328735352
0.0047607422
-0.1437988281
-0.0709838867
-0.1189575195
-0.0286254883
0.0648193359
0.0535888672
0.0006103516
-0.0565795898
0.0040893555
-0.0206909180
0.0558471680
-0.0167846680
0.0761108398
0.0494384766
0.0449829102
0.0734863281
0.0288085938
0.0490112305
0.0588989258
0.0812988281
0.0153198242
-0.0255737305
0.0889892578
0.0490112305
-0.0247802734
-0.0235595703
-0.0521240234
-0.0252075195
0.0671997070
-0.0905151367
0.0356445312
0.0450439453
-0.0327758789
-0.0009155273
-0.0408325195
