-0.0669555664
-0.0496826172
0.0323486328
-0.0676269531
-0.0621948242
-0.0173339844
-0.0555419922
0.0175781250
0.0001220703
-0.0238037109
0.0809326172
0.0358886719
-0.0169677734
-0.0701904297
0.0614624023
0.0418701172
-0.3267822266
0.3281860352
0.1314086914
-0.3527221680
0.0422973633
0.2855224609
-0.0949707031
0.3381958008
0.3654174805
-0.0103149414
0.0922241211
0.0806274414
0.1565551758
-0.3482666016
-0.0914306641
-0.0219726562
-0.0429077148
-0.0485229492
-0.0775756836
0.0123901367
0.0192260742
-0.0759887695
0.0059814453
-0.0807495117
-0.0538940430
-0.0808715820
0.0025024414
-0.0418090820
0.0385742188
0.0086059570
0.0145263672
0.0786743164
-0.0430297852
0.0870361328
0.1193847656
-0.1229858398
0.0756225586
-0.0856323242
-0.1094970703
0.0842285156
-0.0883789062
-0.1382446289
-0.0958862305
-0.1398315430
0.1260986328
0.0894775391
-0.0900268555
0.1441650391
-0.1269531250
-0.0073242188
-0.1010742188
0.0021362305
-0.0560913086
-0.1022949219
0.0587158203
0.0279541016
0.1248779297
-0.1177368164
0.0579833984
-0.1005249023
0.0282592773
0.0786743164
-0.0077514648
-0.0014648438
-0.0355834961
-0.0304565430
0.0245361328
0.0078125000
0.0154418945
0.0455932617
-0.0272216797
0.0532226562
0.0545043945
0.0018310547
0.0407714844
-0.0266723633
0.0235595703
0.0402832031
0.0494384766
0.0347290039
0.0117797852
0.0156250000
0.0157470703
0.0031127930
-0.0028686523
-0.0114746094
0.0164794922
0.0130004883
-0.0099487305
0.0143432617
-0.0296630859
-0.0068969727
-0.0132446289
-0.0229492188
0.0041503906
0.0189819336
-0.0806274414
-0.0989379883
0.0343627930
0.0242309570
-0.0891113281
0.0979614258
-0.1119384766
-0.0681152344
0.0117797852
0.0676879883
-0.0498657227
0.0853271484
0.0196533203
-0.0793457031
-0.0313720703
-0.0689086914
-0.0949096680
0.0631103516
-0.0421752930
-0.0444335938
-0.0930786133
-0.0071411133
0.0041503906
0.0836791992
-0.0709838867
0.0081787109
0.0279541016
0.1179809570
0.0499877930
-0.0667114258
0.0343017578
0.0835571289
0.0089721680
-0.0123291016
-0.0285034180
0.0191650391
-0.0350952148
-0.0244750977
0.0050048828
-0.0136718750
0.0020751953
0.0133666992
-0.0128784180
0.0205078125
-0.0030517578
0.0073852539
-0.0079956055
-0.0264282227
