-0.0625610352
-0.0655517578
-0.0139160156
-0.0880126953
-0.0435791016
-0.0090332031
-0.0996704102
0.0352783203
-0.0597534180
-0.0657958984
0.0753784180
0.0675659180
-0.0325317383
-0.0922851562
0.0502929688
0.0835571289
-0.3244018555
0.3239746094
0.1267089844
-0.3420410156
-0.0249633789
0.2811279297
-0.0657348633
0.3352661133
0.3697509766
0.0902099609
0.0349121094
0.1040039062
0.2519531250
-0.3526611328
-0.0593261719
0.0000610352
-0.0827026367
-0.0657958984
-0.0822753906
0.0457153320
0.0192260742
-0.1317138672
0.0505371094
-0.0831298828
-0.0809326172
-0.1212768555
-0.0430297852
-0.0366821289
0.0894165039
-0.0585327148
0.0083007812
0.0927734375
-0.0026855469
0.0310058594
0.0377807617
-0.0554199219
0.0209960938
-0.0322265625
-0.0333862305
0.0214233398
-0.0472412109
-0.0422363281
-0.0451049805
-0.0725708008
0.0502929688
0.0317993164
-0.0333251953
0.0282592773
-0.0996704102
0.0125122070
-0.0812988281
0.0171508789
-0.0425415039
-0.0866088867
0.1162109375
0.0373535156
0.1270141602
-0.0934448242
0.0645141602
-0.0791625977
0.0069580078
0.0756835938
0.0599975586
-0.0186767578
-0.0092773438
-0.0086669922
0.0030517578
0.0002441406
0.0197143555
0.0206909180
-0.0014038086
0.0314941406
0.0324096680
0.0092163086
-0.0079345703
-0.0157470703
0.0247802734
-0.0062866211
0.0053710938
-0.0364379883
0.0227661133
-0.0043334961
0.0210571289
-0.0119628906
0.0031127930
-0.0036010742
0.0027465820
0.0090942383
0.0068969727
-0.0022583008
0.0036621094
0.0264282227
0.0263061523
0.0067138672
-0.0207519531
0.0182495117
-0.1248168945
-0.1652832031
0.0014038086
0.0598144531
-0.1195678711
0.1176147461
-0.1303100586
-0.0242919922
-0.0227050781
0.0734863281
-0.0389404297
0.1367187500
0.0075683594
-0.1318359375
-0.0039672852
-0.1070556641
-0.0305786133
0.0148315430
-0.0031127930
-0.0123291016
0.0018920898
0.0054321289
0.0134277344
0.0321655273
-0.0107421875
0.0042724609
0.0115966797
0.0130615234
0.0090332031
-0.0294189453
-0.0220947266
-0.0150756836
0.0456542969
-0.0213623047
-0.0809326172
0.1103515625
-0.0614013672
-0.0439453125
-0.0847167969
-0.0767211914
-0.0059814453
0.0179443359
-0.0309448242
0.0836181641
0.0419311523
0.0071411133
-0.0117797852
-0.0691528320
