-0.0612182617
-0.0481567383
0.0156860352
-0.0581054688
-0.0593872070
-0.0115966797
-0.0745239258
0.0206909180
-0.0470581055
-0.0886230469
0.0675659180
0.0476074219
-0.0262451172
-0.0789794922
-0.0023803711
0.0612182617
-0.3319091797
0.3242797852
0.1360473633
-0.3436279297
0.0065917969
0.2850341797
-0.0653686523
0.3226928711
0.3450317383
0.0954589844
0.0004882812
0.1381225586
0.2511596680
-0.3500976562
-0.0083007812
-0.0274047852
-0.0290527344
-0.0209960938
-0.0556030273
0.0618286133
0.0184936523
-0.0794677734
0.0609741211
-0.0461425781
-0.0868530273
-0.0818481445
-0.0225219727
0.0115966797
0.0352172852
-0.0404052734
-0.0007934570
0.0830688477
-0.0678100586
0.1199340820
0.1334228516
-0.1499023438
0.0986938477
-0.1039428711
-0.1056518555
0.1081542969
-0.1317749023
-0.1630859375
-0.1543579102
-0.1240844727
0.1349487305
0.1414794922
-0.1086425781
0.0964355469
-0.1027832031
0.0249633789
-0.0779418945
0.0180053711
-0.0590820312
-0.1031494141
0.0736694336
0.0440063477
0.1220703125
-0.1192626953
0.0308227539
-0.0714721680
0.0513916016
0.1005859375
0.0548095703
-0.0039062500
-0.0565795898
-0.0492553711
0.0337524414
0.0245361328
0.0161132812
0.0689697266
-0.0064697266
0.0641479492
0.0719604492
-0.0337524414
0.0104370117
-0.0314941406
0.0371704102
0.0423583984
0.0533447266
0.0007934570
0.0228881836
-0.0056152344
0.0247802734
-0.0131225586
0.0209960938
0.0156250000
-0.0071411133
-0.0026245117
-0.0098266602
-0.0122070312
0.0015258789
0.0002441406
0.0075683594
0.0086669922
-0.0143432617
0.0306396484
-0.1533203125
-0.2045898438
0.0686645508
0.0441284180
-0.1644287109
0.1582641602
-0.1766357422
-0.0963134766
-0.0145263672
0.1199340820
-0.0433349609
0.1954345703
0.0440063477
-0.1807250977
-0.0494995117
-0.1195068359
-0.0590209961
0.0279541016
0.0236816406
-0.0200805664
-0.0217895508
-0.0094604492
0.0024414062
0.0433959961
-0.0244750977
-0.0016479492
-0.0038452148
0.0438232422
0.0104980469
-0.0265502930
-0.0191040039
0.0230102539
0.0103759766
-0.0026245117
-0.0355224609
0.0648193359
-0.0248413086
-0.0290527344
-0.0174560547
-0.0276489258
0.0040893555
0.0092773438
-0.0383911133
0.0335693359
0.0233764648
-0.0009765625
-0.0017700195
-0.0460815430
