-0.0465698242
-0.0338745117
0.0693969727
-0.0540161133
0.0045776367
0.0051269531
-0.0463867188
-0.0103149414
-0.0024414062
-0.0129394531
0.0378417969
0.0194702148
-0.0480346680
-0.0186767578
0.0029296875
0.0235595703
0.0026855469
-0.0071411133
0.0062255859
0.0063476562
0.0069580078
0.0095825195
-0.0001831055
-0.0029907227
-0.0086059570
-0.0032348633
-0.0031127930
-0.0036621094
0.0003662109
0.0004272461
-0.0076904297
0.0117187500
-0.0552368164
-0.0236206055
-0.0194091797
0.0167236328
0.0155029297
-0.0338134766
0.0361938477
-0.0297241211
-0.0013427734
-0.0302734375
0.0032958984
-0.0221557617
-0.0134277344
-0.0114746094
-0.0206909180
0.0280151367
-0.1687011719
0.1130981445
0.2279663086
-0.2230834961
0.2083740234
-0.1838378906
-0.1705932617
0.1998291016
-0.1295776367
-0.1607666016
-0.1959228516
-0.1514282227
0.1186523438
0.1824340820
-0.1135253906
0.1156005859
-0.0114746094
0.0518188477
-0.0264892578
-0.0350341797
-0.0066528320
-0.0214233398
0.0213012695
0.0155029297
0.0213623047
0.0090942383
-0.0036010742
0.0220947266
-0.0050659180
-0.0194702148
-0.0167236328
-0.0101318359
-0.1409301758
-0.2311401367
0.0409545898
0.2206420898
-0.1888427734
0.2518310547
-0.1400146484
0.2220458984
0.3088378906
-0.1690063477
0.1975097656
-0.2175292969
0.2285156250
0.1956787109
0.2735595703
0.3316040039
-0.0350341797
0.2628784180
0.0468139648
0.2977294922
-0.3200683594
-0.0951538086
0.3396606445
0.3523559570
-0.0286865234
0.1444702148
-0.3384399414
0.1147460938
0.1528930664
-0.3369140625
-0.0751953125
-0.3117065430
-0.0231933594
-0.0525512695
0.0277099609
0.0075683594
-0.0621948242
0.1068725586
-0.1097412109
-0.0543212891
0.0400390625
0.0998535156
-0.0325317383
0.0696411133
0.0014648438
-0.1084594727
-0.0053100586
-0.0404663086
-0.0126342773
0.0126342773
0.0261230469
-0.0171508789
-0.0233154297
0.0318603516
-0.0915527344
0.0447998047
-0.0296020508
-0.0211791992
0.0575561523
0.0544433594
0.0892944336
-0.0241088867
0.0371704102
0.0237426758
0.1328125000
0.0028076172
-0.1738891602
0.1361083984
-0.0180053711
-0.1732177734
-0.0489501953
-0.1734619141
-0.1392211914
0.1629028320
-0.0749511719
0.1984252930
0.1370239258
-0.0427246094
-0.0100097656
-0.1645507812
