-0.0144653320
-0.0041503906
0.0303955078
-0.0802612305
0.0082397461
-0.0803833008
-0.0469970703
0.0297241211
0.0670776367
0.0032348633
0.0490112305
-0.0001831055
-0.0219726562
-0.0206298828
0.0313720703
0.0114746094
-0.0197143555
-0.0015869141
0.0041503906
0.0045166016
0.0028686523
0.0106811523
0.0070800781
-0.0027465820
-0.0139770508
-0.0074462891
0.0100708008
0.0048828125
0.0178222656
0.0142211914
-0.0019531250
-0.0058593750
-0.1741943359
-0.0524902344
-0.1278686523
0.0142822266
-0.0274658203
-0.1888427734
0.1589965820
-0.0761718750
-0.1062011719
-0.1610107422
-0.0263671875
-0.0516357422
0.0570068359
-0.0483398438
-0.0035400391
0.2161865234
-0.0843505859
0.0527954102
0.2192993164
-0.1527099609
0.1026000977
-0.1033935547
-0.0976562500
0.1226196289
-0.0894775391
-0.0531616211
-0.1124267578
-0.0859985352
0.1517944336
0.1259155273
-0.0294189453
0.1057128906
-0.3128662109
-0.0755615234
-0.2816162109
0.0024414062
-0.1441040039
-0.3298950195
0.2678833008
0.2241821289
0.3540039062
-0.3470458984
-0.0350952148
-0.3336791992
0.1702880859
0.2644653320
-0.0296630859
-0.1114501953
-0.0498046875
-0.0534057617
0.0305786133
0.0873413086
-0.0667114258
0.0916137695
-0.0141601562
0.0695800781
0.1361694336
0.0039672852
0.0901489258
-0.0668334961
0.1369018555
0.0769653320
0.0939941406
0.1386108398
0.0308227539
-0.0435180664
0.0119628906
-0.0193481445
0.0093383789
0.0131225586
-0.0362548828
-0.0273437500
0.0474243164
-0.0026245117
-0.0036010742
-0.0016479492
-0.0115356445
0.0251464844
0.0117187500
0.0324096680
-0.0484619141
-0.0606079102
-0.0223388672
0.0124511719
-0.0231323242
0.0344848633
-0.0371093750
-0.0050659180
0.0311889648
0.0089111328
-0.0267333984
0.0466308594
-0.0050048828
-0.0407714844
0.0280761719
-0.0472412109
-0.0496826172
0.0353393555
0.0358276367
0.0410156250
-0.0262451172
0.0912475586
-0.1007690430
0.0698852539
-0.0713500977
0.1138305664
0.0907592773
0.0839843750
0.0728759766
-0.0346069336
0.0379028320
0.0650024414
0.1173095703
0.0322265625
-0.0768432617
0.0863647461
-0.0298461914
-0.0374145508
-0.1069335938
-0.0824584961
-0.0815429688
0.1043701172
-0.0723876953
0.0920410156
0.0947265625
-0.0283813477
0.0188598633
-0.0703125000
