-0.1256713867
-0.1735839844
0.1583251953
-0.1212158203
0.0709838867
-0.1265869141
-0.1190795898
0.0209350586
0.0269165039
-0.1611938477
0.1789550781
0.0146484375
-0.1334228516
-0.1602172852
0.0415039062
0.1046752930
0.0232543945
-0.0168457031
0.0274047852
0.0060424805
0.0395507812
0.0083618164
-0.0231933594
-0.0103759766
-0.0120239258
-0.0325317383
0.0310058594
0.0039062500
-0.0018310547
-0.0028686523
-0.0140380859
-0.0076293945
-0.0471191406
-0.0033569336
0.0064697266
0.0415649414
-0.0004882812
-0.0311889648
0.0164184570
0.0070190430
0.0010986328
-0.0071411133
-0.0319824219
-0.0378417969
0.0259399414
-0.0112304688
0.0068359375
0.0423583984
-0.1562500000
0.0989990234
0.1719360352
-0.1472778320
0.2150878906
-0.1346435547
-0.1578979492
0.1565551758
-0.0856323242
-0.1085205078
-0.1546630859
-0.1007690430
0.0948486328
0.1289062500
-0.1209106445
0.0513916016
-0.0213012695
0.0278320312
-0.0152587891
0.0036621094
-0.0159912109
-0.0314331055
0.0277709961
0.0402832031
0.0627441406
-0.0261230469
-0.0191040039
0.0018920898
0.0228881836
0.0020141602
0.0294799805
0.0036010742
-0.1347045898
-0.2269287109
-0.0405883789
0.2325439453
-0.1683349609
0.2434082031
-0.1133422852
0.1942749023
0.3073730469
-0.1804809570
0.1708984375
-0.1672363281
0.3192749023
0.2476196289
0.2332153320
0.2769775391
-0.0427246094
0.2777099609
0.0793457031
0.2703857422
-0.3166503906
-0.1582641602
0.3197631836
0.3152465820
0.0241088867
0.1487426758
-0.3095092773
-0.0322265625
0.1445312500
-0.3417968750
-0.1722412109
-0.3030395508
-0.0125732422
-0.0621948242
0.0460205078
-0.0256347656
-0.0678710938
0.0505981445
-0.1213989258
-0.0480957031
0.0401611328
0.0964965820
0.0243530273
0.0680541992
0.0006103516
-0.0785522461
-0.0042724609
-0.0640869141
-0.0772705078
0.1160278320
0.1291503906
-0.0254516602
-0.0866699219
0.0103149414
-0.1013793945
0.1298828125
-0.1287231445
0.0057373047
0.1389770508
0.0782470703
0.0508422852
-0.1301879883
0.0025024414
0.1132812500
0.0288696289
0.0138549805
-0.0347900391
0.0303955078
-0.0014648438
-0.0007324219
0.0090942383
-0.0220947266
-0.0194702148
0.0106201172
-0.0262451172
0.0145263672
0.0157470703
-0.0170898438
0.0127563477
-0.0025634766
