-0.0214233398
-0.0449829102
0.0421142578
-0.0130004883
-0.0266113281
0.0234375000
-0.0424194336
0.0276489258
-0.0120849609
-0.0506591797
0.0386962891
0.0369873047
-0.0449829102
-0.0083618164
0.0181884766
0.0585327148
0.0252075195
-0.0132446289
0.0434570312
-0.0056152344
-0.0099487305
-0.0086059570
0.0233154297
-0.0114746094
-0.0155029297
-0.0047607422
0.0031127930
0.0133056641
-0.0234985352
0.0037841797
-0.0146484375
-0.0480346680
-0.0546875000
-0.0353393555
-0.0303344727
0.0126342773
-0.0087280273
-0.0734252930
0.0515747070
-0.0269775391
-0.0175170898
-0.0789794922
-0.0438842773
-0.0115966797
0.0026855469
-0.0335693359
0.0281372070
0.0958862305
-0.1600952148
0.1450805664
0.2257690430
-0.2800903320
0.2091064453
-0.1613159180
-0.1058349609
0.0910034180
-0.1940307617
-0.1984252930
-0.2077026367
-0.1252441406
0.1676635742
0.2298583984
-0.1338500977
0.1571655273
-0.0037841797
-0.0058593750
0.0009765625
-0.0106811523
0.0185546875
0.0021362305
0.0096435547
-0.0039062500
-0.0043945312
-0.0050048828
0.0090332031
0.0032348633
0.0163574219
0.0018920898
0.0104980469
0.0036010742
-0.0811157227
-0.2358398438
0.0405883789
0.1611938477
-0.1413574219
0.2523193359
-0.1411743164
0.1999511719
0.2106323242
-0.1694946289
0.2227172852
-0.1589965820
0.2025756836
0.1472167969
0.2476196289
0.3106079102
0.0053710938
0.0377197266
0.0726928711
0.0133056641
-0.0332031250
-0.0336303711
0.0299072266
0.0330810547
0.0291137695
0.0084228516
-0.0156860352
0.0255737305
0.0001831055
-0.0150756836
-0.0144042969
-0.0338745117
-0.1701660156
-0.2230224609
0.0295410156
-0.0033569336
-0.1579589844
0.1340942383
-0.1660766602
-0.1224975586
0.1191406250
0.1651611328
-0.0557250977
0.1684570312
0.0173950195
-0.1906127930
-0.0463867188
-0.1660766602
0.0033569336
0.0510864258
0.0072021484
0.0089721680
-0.0039062500
0.0007934570
-0.0380859375
-0.0081787109
0.0074462891
-0.0028686523
0.0060424805
-0.0112915039
0.0424804688
-0.0225830078
-0.0136108398
0.0313720703
0.0940551758
-0.0106201172
-0.2539672852
0.2402954102
-0.0206909180
-0.3234252930
-0.1947631836
-0.3056030273
-0.3235473633
0.2844238281
-0.0054931641
0.3319702148
0.2915649414
0.1202392578
-0.0413818359
-0.3116455078
