-0.0116577148
0.0034179688
0.0509033203
-0.0286254883
0.0502319336
0.0007324219
-0.0429077148
-0.0104370117
0.0087280273
-0.0577392578
0.0324096680
-0.0191040039
-0.0361938477
-0.0526733398
0.0185546875
-0.0012817383
0.0161132812
-0.0334472656
-0.0132446289
0.0261230469
0.0122680664
-0.0015869141
-0.0079345703
-0.0285644531
-0.0376586914
0.0160522461
0.0108032227
-0.0389404297
0.0195312500
0.0562133789
-0.0145874023
-0.0127563477
-0.1416015625
-0.0720825195
-0.0335083008
0.0054931641
0.0050659180
-0.1177978516
0.1161499023
-0.0888671875
-0.0728149414
-0.1437377930
-0.0748291016
-0.1079101562
0.0651855469
-0.0480957031
0.0963745117
0.1820678711
0.0087280273
0.0304565430
0.0729980469
-0.0755004883
0.0388183594
-0.0424804688
-0.0054931641
0.0728149414
-0.0548095703
-0.0371704102
-0.0261230469
-0.0326538086
0.0471801758
0.0551147461
-0.0187377930
0.0144653320
-0.0435180664
0.0888671875
-0.0151367188
0.0274047852
0.0138549805
-0.0126953125
0.0410156250
0.0886840820
0.0189208984
-0.0070190430
0.0086059570
-0.0229492188
0.0046386719
-0.0181884766
-0.0358276367
-0.0069580078
-0.0533447266
-0.2027587891
-0.0543212891
0.1729125977
-0.0564575195
0.1858520508
-0.1152343750
0.1760864258
0.2066040039
-0.0751342773
0.1553344727
-0.1166992188
0.2472534180
0.1379394531
0.1925659180
0.2324218750
0.0436401367
0.0265502930
0.0198364258
-0.0017700195
-0.0178833008
-0.0391845703
0.0023193359
0.0024414062
0.0314331055
0.0137329102
-0.0056152344
0.0314941406
0.0233154297
-0.0180664062
-0.0515136719
-0.0039062500
-0.1922607422
-0.2205200195
0.1174316406
-0.1044311523
-0.1731567383
0.1327514648
-0.2357177734
-0.1539916992
0.0524902344
0.1762695312
-0.0690917969
0.2686767578
0.1161499023
-0.2913208008
-0.0559082031
-0.1897583008
-0.1869506836
0.2574462891
0.0638427734
0.0798339844
-0.1780395508
0.1051025391
-0.1207275391
0.1657714844
-0.1485595703
0.1795043945
0.1627807617
0.1278686523
0.1193847656
-0.1671752930
0.1323852539
0.2323608398
0.1400146484
0.0725097656
-0.2532348633
0.2897338867
-0.0809936523
-0.3037719727
-0.2480468750
-0.2918090820
-0.2882080078
0.2858886719
-0.0996704102
0.3253784180
0.3198242188
0.0362548828
-0.0205078125
-0.3410034180
