-0.0748291016
-0.0772705078
0.0510253906
-0.0603637695
0.0325927734
-0.0052490234
-0.0888671875
0.0173339844
0.0392456055
-0.0780639648
0.0845947266
0.0429077148
-0.0383911133
-0.0068969727
0.0686035156
0.0425415039
0.0230712891
-0.0013427734
-0.0080566406
0.0216674805
0.0335693359
-0.0101928711
-0.0455932617
-0.0135498047
-0.0222167969
-0.0509033203
0.0234375000
0.0244140625
-0.0062866211
0.0092163086
0.0198364258
-0.0365600586
-0.0703125000
0.0075683594
-0.0302734375
0.0773925781
-0.0493774414
-0.0413818359
0.0614624023
-0.0811767578
-0.0707397461
-0.0257568359
-0.0341796875
-0.0437622070
0.0028076172
-0.0208740234
0.0280151367
0.0490722656
-0.2523193359
0.1971435547
0.3305053711
-0.2276000977
0.2214355469
-0.2401733398
-0.2245483398
0.1943969727
-0.2296752930
-0.2440185547
-0.3061523438
-0.1504516602
0.2908935547
0.2783813477
-0.2072753906
0.2432250977
-0.0194702148
-0.0198974609
0.0265502930
0.0106811523
0.0027465820
0.0163574219
-0.0114746094
0.0050048828
-0.0148925781
-0.0061035156
0.0093994141
0.0089111328
0.0067749023
0.0103149414
0.0114135742
0.0313110352
-0.1064453125
-0.1626586914
0.0594482422
0.0955200195
-0.1300659180
0.2378540039
-0.1675415039
0.1744384766
0.2105712891
-0.0442504883
0.1833496094
-0.1094970703
0.1630249023
0.1336059570
0.2241821289
0.3140869141
0.0101318359
-0.0086669922
0.0060424805
-0.0008544922
-0.0018310547
-0.0012817383
-0.0029907227
0.0086059570
-0.0048217773
-0.0072021484
0.0154418945
0.0202636719
-0.0009155273
-0.0019531250
0.0175170898
0.0040893555
0.0084838867
0.0020141602
-0.0323486328
-0.0012207031
-0.0358886719
-0.0074462891
-0.0177612305
-0.0099487305
-0.0362548828
0.0112304688
0.0307006836
0.0094604492
-0.0062866211
-0.0112304688
-0.0131835938
-0.0052490234
-0.0193481445
0.0138549805
-0.0210571289
0.0259399414
0.0059204102
0.0126342773
-0.0377807617
-0.0112304688
-0.0065307617
0.0191040039
0.0026855469
-0.0004882812
0.0325927734
0.0435791016
-0.0120239258
0.0036621094
0.0396728516
-0.0014648438
-0.0205688477
0.0500488281
0.0220947266
-0.0070800781
-0.0261230469
-0.0220947266
-0.0167236328
0.0369873047
-0.0169067383
0.0122070312
0.0316772461
-0.0186767578
-0.0114135742
0.0035400391
