-0.0225830078
-0.0330200195
0.0403442383
-0.0453491211
0.0390625000
-0.0067749023
-0.0609741211
0.0137939453
0.0050048828
-0.0153808594
0.0314331055
-0.0046386719
-0.0268554688
-0.0499877930
0.0233154297
0.0069580078
-0.0042114258
-0.0133666992
0.0122680664
0.0046997070
-0.0032348633
0.0054931641
-0.0150756836
-0.0066528320
-0.0012817383
-0.0157470703
0.0024414062
-0.0172119141
-0.0110473633
0.0043334961
-0.0060424805
-0.0039062500
-0.0368652344
0.0010986328
-0.0014648438
-0.0305175781
0.0317993164
-0.0168457031
0.0343627930
-0.0357055664
-0.0120849609
-0.0262451172
-0.0073242188
-0.0226440430
-0.0000610352
-0.0040893555
0.0295410156
0.0325927734
-0.0585937500
0.0391235352
0.1649780273
-0.1641235352
0.1253051758
-0.0766601562
-0.0653076172
0.1817016602
-0.1104125977
-0.1257934570
-0.1000366211
-0.0817260742
0.1331787109
0.1049804688
-0.0985717773
0.1307373047
-0.0017700195
0.0253906250
0.0043334961
0.0178222656
0.0261840820
0.0014648438
0.0117797852
0.0107421875
0.0158691406
0.0032348633
0.0017700195
-0.0045166016
-0.0266723633
0.0052490234
-0.0001831055
-0.0014038086
-0.0689086914
-0.1320190430
0.0300292969
0.1564941406
-0.0552978516
0.1653442383
-0.0520629883
0.1123657227
0.2017211914
-0.0488281250
0.1247558594
-0.0975341797
0.1470947266
0.1601562500
0.1502075195
0.2176513672
-0.0010375977
0.0135498047
0.0064697266
0.0176391602
-0.0140991211
0.0130004883
0.0001831055
-0.0001220703
-0.0026855469
0.0262451172
0.0091552734
-0.0076293945
0.0040283203
0.0001831055
-0.0244140625
-0.0002441406
-0.1347656250
-0.1322631836
0.0247802734
-0.0464477539
-0.0911865234
0.1051635742
-0.1239624023
-0.0512695312
0.0811157227
0.1067504883
-0.0177001953
0.1525268555
0.0468750000
-0.1712036133
0.0179443359
-0.0889892578
-0.1248168945
0.1991577148
0.0365600586
0.0245361328
-0.1483154297
0.0030517578
-0.1212768555
0.1570434570
-0.1762084961
0.0935668945
0.1174926758
0.1779785156
0.0497436523
-0.1064453125
-0.0014648438
0.2101440430
0.2862548828
-0.0197753906
-0.2809448242
0.3072509766
-0.0139160156
-0.2708129883
-0.2854003906
-0.2949218750
-0.2623901367
0.2941284180
-0.1585693359
0.3000488281
0.2925415039
-0.0138549805
-0.0247802734
-0.2918090820
