-0.1215209961
-0.1934814453
0.2044067383
-0.1688232422
0.1112670898
-0.1109008789
-0.1341552734
0.0084838867
0.0880737305
-0.2237548828
0.1668701172
0.0694580078
-0.1492919922
-0.1783447266
0.0344238281
0.1923217773
0.0152587891
-0.0142822266
0.0148925781
0.0303955078
0.0219116211
0.0115966797
0.0076293945
-0.0183715820
-0.0328979492
0.0009155273
0.0048217773
0.0062255859
0.0047607422
0.0159912109
0.0193481445
-0.0056152344
-0.0446777344
-0.0258789062
-0.0134277344
0.0695800781
0.0369873047
-0.0300292969
0.0311889648
-0.0200195312
-0.0402832031
-0.0270996094
-0.0157470703
-0.0289916992
0.0534667969
0.0096435547
-0.0056152344
0.0683593750
-0.2079467773
0.1403198242
0.2606201172
-0.2369995117
0.2608032227
-0.1925659180
-0.2169799805
0.2123413086
-0.1959228516
-0.1646728516
-0.1950683594
-0.1784057617
0.1800537109
0.2234497070
-0.1862792969
0.1575317383
-0.0155639648
-0.0256958008
-0.0062866211
-0.0017700195
-0.0224609375
-0.0049438477
0.0287475586
0.0032958984
-0.0112304688
-0.0173339844
0.0274047852
-0.0105590820
0.0147094727
0.0119018555
0.0211181641
0.0153808594
-0.0753784180
-0.1830444336
-0.0233154297
0.1423950195
-0.0795898438
0.1867675781
-0.0876464844
0.1445922852
0.2237548828
-0.1062622070
0.0822753906
-0.1278076172
0.2120361328
0.1447753906
0.2036132812
0.1616821289
0.0947875977
0.3354492188
0.2068481445
0.2280273438
-0.3161621094
-0.2008666992
0.3341674805
0.2854614258
0.0748291016
0.1322021484
-0.0870361328
0.0460205078
0.1678466797
-0.2422485352
-0.2768554688
-0.3583374023
-0.0160522461
-0.0614013672
-0.0087890625
-0.0239868164
-0.0465087891
0.0845947266
-0.0908813477
-0.0411987305
-0.0196533203
0.0772094727
-0.0432739258
0.0586547852
0.0358886719
-0.0638427734
0.0104370117
-0.0096435547
-0.0158691406
0.0383911133
0.0302734375
0.0303955078
-0.0396118164
0.0066528320
-0.0560913086
0.0188598633
-0.0432128906
-0.0131835938
0.0289306641
0.0014038086
0.0695800781
-0.0394287109
0.0501708984
0.0369262695
0.0141601562
0.0186157227
-0.0676269531
0.0843505859
-0.0090942383
-0.0376586914
0.0029907227
-0.0993041992
-0.0769653320
0.0046386719
0.0107421875
0.0516357422
0.0382690430
0.0234985352
-0.0294189453
-0.0458374023
