0.0131835938
0.0019531250
0.0490112305
-0.0057983398
-0.0330200195
-0.0242919922
-0.0003662109
-0.0095825195
-0.0036010742
-0.0206298828
0.0127563477
0.0043334961
-0.0034790039
-0.0032958984
0.0140991211
0.0060424805
-0.0053710938
0.0101318359
0.0095825195
-0.0169677734
0.0089721680
0.0069580078
-0.0028686523
0.0065917969
0.0108642578
-0.0122070312
0.0143432617
-0.0061645508
-0.0103759766
-0.0072021484
-0.0072021484
-0.0032958984
-0.2138061523
-0.0527343750
-0.0794067383
-0.0084228516
-0.0105590820
-0.1715698242
0.1452026367
-0.1322631836
-0.1297607422
-0.1458129883
-0.0512084961
-0.1102294922
0.0805664062
-0.1062011719
0.1005249023
0.1743774414
-0.0769653320
0.1358032227
0.2230224609
-0.2020263672
0.1676025391
-0.1812133789
-0.1441650391
0.1395874023
-0.1492309570
-0.1546630859
-0.1788940430
-0.1523437500
0.1942138672
0.1093750000
-0.1527709961
0.2175292969
-0.0380859375
0.0180664062
-0.0490112305
0.0158081055
0.0209350586
-0.0397338867
0.0396118164
0.0481567383
0.0580444336
-0.0208740234
-0.0148925781
-0.0016479492
-0.0046386719
0.0266723633
-0.0004882812
-0.0340576172
-0.0794067383
-0.1575317383
0.0133666992
0.1413574219
-0.0858154297
0.1866455078
-0.0928344727
0.1511230469
0.1578369141
-0.0720825195
0.1579589844
-0.1953735352
0.1915893555
0.1213989258
0.1518554688
0.2059936523
-0.0019531250
0.0153198242
0.0244140625
-0.0018310547
-0.0101318359
-0.0084228516
-0.0090942383
-0.0146484375
0.0098876953
0.0189208984
0.0291137695
-0.0582275391
0.0487060547
-0.0098266602
-0.0167846680
-0.0070800781
-0.1579589844
-0.1558227539
0.0601196289
-0.0497436523
-0.1261596680
0.0925903320
-0.1751098633
-0.0925292969
0.0541992188
0.1624145508
-0.0093994141
0.2247924805
0.0451049805
-0.2238159180
-0.0545043945
-0.1228027344
-0.0186767578
0.0310668945
0.0022583008
0.0096435547
-0.0053710938
-0.0213012695
-0.0064086914
0.0275268555
-0.0478515625
-0.0401611328
-0.0037841797
0.0302734375
0.0186157227
-0.0414428711
0.0187377930
0.0366210938
0.1791381836
0.0441894531
-0.2775878906
0.2767944336
-0.0825805664
-0.3120117188
-0.2646484375
-0.3123779297
-0.2919921875
0.3031005859
-0.0369873047
0.3348999023
0.2988891602
0.0523681641
0.0084228516
-0.3190917969
