-0.0046997070
-0.0069580078
0.0128173828
0.0111694336
-0.0096435547
0.0346069336
-0.0131225586
-0.0162353516
0.0135498047
-0.0251464844
0.0045776367
-0.0006103516
0.0016479492
0.0194091797
0.0085449219
0.0225219727
0.0208740234
-0.0142822266
-0.0017089844
0.0084838867
-0.0126953125
0.0036621094
0.0114746094
-0.0193481445
-0.0319213867
0.0253906250
0.0049438477
-0.0028076172
0.0404052734
0.0197143555
0.0090942383
-0.0509643555
-0.0383300781
-0.0106201172
0.0023803711
-0.0212402344
0.0403442383
-0.0468750000
0.0636596680
-0.0244750977
-0.0110473633
0.0231323242
-0.0410156250
-0.0223388672
0.0396728516
-0.0589599609
-0.0180664062
0.0319213867
-0.1850585938
0.1909790039
0.3095703125
-0.3385009766
0.2700805664
-0.2176513672
-0.2293090820
0.1358642578
-0.2107543945
-0.2744140625
-0.2687988281
-0.2059936523
0.2588500977
0.2357177734
-0.2363281250
0.2609252930
-0.0352172852
-0.0084228516
-0.0043945312
0.0008544922
-0.0393066406
-0.0100097656
0.0200195312
0.0098876953
0.0009155273
0.0084838867
0.0475463867
-0.0245361328
0.0304565430
0.0169067383
-0.0206298828
0.0220947266
-0.1350708008
-0.1920166016
0.0796508789
0.1055297852
-0.1690673828
0.2722167969
-0.1730346680
0.1805419922
0.2474975586
-0.0756225586
0.2008056641
-0.2116699219
0.1636962891
0.1147460938
0.2957153320
0.3259887695
0.0516357422
0.0426635742
0.0162963867
0.0489501953
-0.0263061523
-0.0141601562
0.0081787109
0.0267333984
0.0234375000
-0.0113525391
0.0102539062
0.0179443359
-0.0062866211
-0.0260620117
-0.0007324219
-0.0271606445
0.0126342773
0.0039672852
0.0063476562
0.0070190430
-0.0156250000
0.0150146484
-0.0103149414
-0.0075683594
-0.0004272461
0.0262451172
0.0137329102
-0.0014648438
0.0017700195
-0.0051879883
-0.0028076172
-0.0119018555
0.0245971680
0.0166625977
0.0098876953
0.0289916992
0.0162963867
-0.0177001953
-0.0136718750
-0.0314941406
-0.0039062500
0.0161132812
-0.0203247070
-0.0214843750
0.0277099609
-0.0148315430
0.0293579102
-0.0102539062
0.1066284180
0.0840454102
-0.1323852539
0.1424560547
-0.0374755859
-0.1436767578
-0.0721435547
-0.1246337891
-0.1328735352
0.1455078125
0.0171508789
0.1447143555
0.1210937500
0.0471191406
-0.0650634766
-0.1293334961
