-0.2522583008
-0.3021240234
0.2485961914
-0.2761840820
0.2633056641
-0.1837768555
-0.2995605469
0.0454101562
0.1965332031
-0.2829589844
0.3051757812
0.0166625977
-0.2914428711
-0.2487182617
-0.0197753906
0.2561645508
0.0111694336
-0.0101928711
0.0209350586
0.0229492188
0.0630493164
0.0096435547
-0.0354003906
-0.0274658203
-0.0200805664
-0.0082397461
-0.0004882812
-0.0092163086
-0.0345458984
0.0283813477
0.0191650391
-0.0137329102
-0.0584106445
-0.0579833984
-0.0639038086
0.0102539062
-0.0187377930
-0.0787963867
0.1115112305
-0.0283813477
-0.0673217773
-0.0480957031
-0.0332641602
-0.0650634766
0.0324707031
-0.0225830078
-0.0274047852
0.0791625977
-0.1260986328
0.1375122070
0.2955932617
-0.1925048828
0.1978149414
-0.1510620117
-0.1024169922
0.2110595703
-0.1340942383
-0.1225585938
-0.1409301758
-0.1034545898
0.1778564453
0.1499633789
-0.1436157227
0.1365966797
0.0101318359
0.0070800781
0.0307006836
-0.0473632812
0.0205688477
0.0398559570
-0.0223388672
-0.0055541992
-0.0131835938
0.0137329102
0.0454101562
-0.0000610352
0.0242919922
-0.0263061523
0.0158081055
0.0574951172
-0.0139160156
-0.0629882812
-0.0205688477
0.0794677734
-0.0675659180
0.1054687500
-0.0147705078
0.0684204102
0.1126098633
-0.0542602539
0.0487670898
-0.0023803711
0.1049804688
0.0843505859
0.1044921875
0.1715698242
-0.0315551758
0.0379028320
0.0236816406
0.0504150391
-0.0603637695
-0.0097656250
0.0595092773
0.0857543945
0.0160522461
-0.0189819336
-0.0437011719
-0.0160522461
0.0125732422
-0.0603027344
-0.0216674805
-0.0532226562
-0.0770263672
-0.1153564453
0.0702514648
-0.0628662109
-0.1243286133
0.0866699219
-0.1601562500
-0.0961914062
0.0503540039
0.1412963867
-0.0226440430
0.0906372070
0.0665893555
-0.1249389648
-0.0912475586
-0.0596313477
-0.0023193359
0.0120239258
0.0093994141
-0.0012817383
-0.0054321289
-0.0073242188
0.0168457031
0.0191040039
-0.0086059570
-0.0085449219
-0.0037231445
0.0377197266
-0.0084228516
-0.0121459961
0.0269165039
0.0205688477
0.0642700195
-0.0023803711
-0.0259399414
0.0739135742
0.0328369141
-0.0423583984
-0.0516967773
-0.0745239258
-0.0545043945
0.0526123047
-0.0182495117
0.0673828125
0.0545043945
-0.0278930664
-0.0034179688
-0.0550537109
