-0.0615234375
-0.0530395508
-0.0093383789
-0.0676269531
-0.0453491211
-0.0299072266
-0.0545043945
0.0038452148
-0.0185546875
-0.0355834961
0.0921020508
0.0378417969
-0.0327758789
-0.0845336914
0.0354003906
0.0688476562
-0.3312377930
0.3198242188
0.1458129883
-0.3483276367
0.0056762695
0.2739257812
-0.0219726562
0.3462524414
0.3580322266
0.0400390625
0.1016235352
0.0773925781
0.2017211914
-0.3656616211
-0.0760498047
-0.0270996094
-0.1137084961
-0.0721435547
-0.1542968750
0.0259399414
0.0434570312
-0.1764526367
0.0820922852
-0.0554199219
-0.1124877930
-0.1530151367
-0.0413818359
-0.0702514648
0.0667114258
-0.0476074219
0.0147705078
0.1516113281
-0.0139770508
0.0117187500
0.0280151367
-0.0250244141
0.0103149414
-0.0109252930
-0.0151367188
0.0059814453
-0.0124511719
-0.0272827148
-0.0250244141
-0.0078125000
0.0202636719
0.0165405273
-0.0073242188
0.0084228516
-0.1050415039
-0.0034179688
-0.0614013672
0.0291137695
-0.0840454102
-0.0493164062
0.0650634766
0.0139160156
0.0902099609
-0.1052246094
0.0166625977
-0.0679931641
0.0922851562
0.0753173828
-0.0165405273
-0.0018310547
-0.0310668945
-0.0025024414
-0.0198364258
-0.0070800781
-0.0084228516
0.0033569336
-0.0050659180
0.0335083008
0.0270385742
-0.0015869141
-0.0007324219
-0.0115356445
0.0016479492
0.0089721680
0.0082397461
0.0092773438
0.0064086914
0.0061645508
-0.0046386719
-0.0031127930
-0.0073242188
-0.0095214844
0.0046997070
0.0108642578
-0.0017089844
0.0009765625
-0.0099487305
0.0101928711
-0.0038452148
-0.0133056641
0.0014648438
0.0079345703
-0.1531982422
-0.1279296875
-0.0313110352
0.0413818359
-0.1397094727
0.1469116211
-0.1185913086
-0.1098022461
-0.0002441406
0.1138305664
-0.0346069336
0.1275024414
0.0064086914
-0.1221923828
-0.0015258789
-0.0756225586
-0.0457763672
0.0280761719
0.0088500977
0.0012207031
-0.0077514648
-0.0106811523
0.0240478516
0.0349121094
-0.0171508789
0.0002441406
0.0404052734
0.0516357422
0.0410156250
-0.0101928711
-0.0090942383
0.0071411133
0.0025634766
-0.0385742188
-0.0219726562
0.0360717773
-0.0433959961
-0.0124511719
-0.0010375977
-0.0177001953
-0.0006713867
-0.0035400391
-0.0198974609
0.0190429688
0.0015258789
0.0053710938
-0.0054931641
-0.0320434570
