0.0081176758
-0.0250854492
0.0728759766
-0.0234375000
0.0670166016
-0.0056762695
-0.0314941406
-0.0443725586
-0.0347900391
-0.0453491211
0.0607910156
-0.0692138672
-0.0290527344
-0.0612182617
0.0228271484
0.0238037109
-0.0040893555
-0.0009155273
-0.0030517578
-0.0193481445
0.0040283203
0.0210571289
-0.0090942383
0.0223999023
-0.0004882812
0.0099487305
-0.0021972656
0.0070800781
0.0238037109
-0.0088500977
-0.0046997070
-0.0103759766
-0.1347656250
-0.1560668945
-0.1087036133
-0.0183105469
-0.0408935547
-0.1248779297
0.1371459961
0.0252685547
-0.1334228516
-0.1217651367
-0.1133422852
-0.0324096680
0.0628662109
-0.0435180664
-0.0805053711
0.2077636719
-0.0522460938
0.0916137695
0.1794433594
-0.1743774414
0.1412353516
-0.0853881836
-0.0711059570
0.0453491211
-0.0791625977
-0.1260375977
-0.1148681641
-0.0500488281
0.2272338867
0.2058715820
-0.1072998047
0.1398925781
-0.0452270508
0.0500488281
-0.0001220703
0.0238037109
0.0156860352
0.0170288086
0.0199584961
0.0405273438
0.0036010742
0.0083618164
0.0906982422
-0.0028686523
0.1085815430
0.0110473633
-0.0452880859
-0.0205688477
-0.0519409180
-0.1056518555
0.0118408203
0.0735473633
-0.0494995117
0.0657348633
-0.0405883789
0.0823974609
0.0979003906
-0.0183105469
0.1127319336
-0.0581054688
0.0373535156
0.0813598633
0.1160278320
0.0525512695
0.0437011719
0.0473022461
0.0575561523
0.0307006836
-0.0363769531
-0.0252685547
0.0254516602
0.0142822266
0.0379638672
0.0198974609
-0.0349121094
0.0053710938
0.0117797852
-0.0508422852
0.0234985352
-0.0400390625
-0.2750854492
-0.2865600586
0.1614379883
-0.1840209961
-0.2777099609
0.2320556641
-0.2631835938
-0.2337646484
0.1041870117
0.2691650391
-0.1534423828
0.3082885742
0.1869506836
-0.3095703125
-0.2335815430
-0.2352905273
0.0197143555
0.0270996094
0.0090332031
0.0122680664
-0.0170288086
0.0036621094
-0.0086669922
-0.0061645508
0.0185546875
0.0135498047
-0.0006713867
-0.0366210938
-0.0042724609
0.0208129883
0.0296630859
0.0170898438
0.0229492188
0.0501098633
0.0249023438
0.0723876953
0.0213012695
-0.0270996094
-0.0166015625
-0.0330810547
-0.0021362305
0.0280761719
-0.0327148438
-0.0009155273
0.0352783203
0.0232543945
0.0113525391
-0.0255737305
