-0.0513916016
-0.0490112305
0.0667114258
-0.0977783203
-0.0050659180
-0.0745849609
-0.0348510742
0.0166625977
0.0193481445
-0.0356445312
0.0775756836
0.0527343750
-0.0278930664
-0.0648803711
0.0247192383
0.0363159180
-0.0145874023
0.0072021484
-0.0101928711
0.0324707031
0.0065917969
0.0057373047
0.0151367188
-0.0195922852
-0.0383300781
0.0079345703
0.0276489258
-0.0195922852
0.0117797852
0.0211791992
0.0040283203
-0.0350952148
-0.0729980469
-0.0299072266
-0.0006713867
0.0597534180
0.0567626953
-0.0588989258
0.0438842773
-0.0405883789
-0.0779418945
-0.0854492188
-0.0183715820
-0.0545043945
0.0484619141
-0.0313110352
-0.0249023438
0.1047363281
-0.0493774414
0.0783081055
0.1975708008
-0.1702880859
0.1870727539
-0.1055908203
-0.1510009766
0.1621704102
-0.1407470703
-0.0710449219
-0.1228637695
-0.0842895508
0.1252441406
0.1260986328
-0.1147460938
0.1310424805
-0.3157348633
-0.0644531250
-0.2944335938
0.0410766602
-0.0595092773
-0.3364868164
0.3209228516
0.2821655273
0.3624877930
-0.3165283203
-0.0436401367
-0.3001708984
0.0427856445
0.3319702148
-0.0012207031
-0.0993652344
-0.0546875000
-0.0471801758
0.0603027344
-0.0020141602
-0.0824584961
0.1256103516
-0.0783691406
0.0758056641
0.1466064453
-0.0767822266
0.0569458008
-0.0622558594
0.0840454102
0.0811767578
0.0947875977
0.1408081055
0.0006103516
-0.0119628906
-0.0003662109
-0.0172119141
0.0003051758
-0.0010375977
-0.0073852539
-0.0114746094
-0.0017700195
-0.0188598633
0.0027465820
-0.0031738281
0.0181884766
0.0050659180
-0.0063476562
0.0137329102
-0.0615844727
-0.1045532227
0.0017089844
-0.0140991211
-0.0698242188
0.0556030273
-0.0736694336
-0.0153198242
0.0362548828
0.0554199219
-0.0480346680
0.1010131836
-0.0189819336
-0.0926513672
-0.0208129883
-0.0859375000
-0.0045166016
-0.0069580078
-0.0167236328
0.0523681641
0.0142211914
0.0235595703
-0.0328369141
0.0108642578
-0.0213012695
0.0470581055
0.0397338867
0.0031127930
0.0462036133
-0.0111083984
0.0360107422
0.0056152344
0.0926513672
-0.0083618164
-0.0646972656
0.1054077148
-0.0534667969
-0.0852050781
-0.0785522461
-0.0631103516
-0.0862426758
0.0824584961
-0.0009155273
0.1004638672
0.0911865234
0.0142822266
0.0133056641
-0.0925903320
