0.0119628906
-0.0307617188
0.0602416992
-0.0312500000
0.0282592773
-0.0100097656
-0.0722045898
-0.0474853516
-0.0032958984
-0.0415039062
0.0725708008
-0.0319213867
-0.0591430664
-0.0657348633
0.0302734375
0.0150756836
-0.0111694336
0.0056152344
0.0007934570
-0.0191040039
0.0104980469
0.0217285156
-0.0135498047
0.0162353516
0.0164794922
0.0031738281
0.0180664062
0.0148925781
-0.0006103516
-0.0150146484
-0.0142211914
0.0167236328
-0.0369873047
-0.0297241211
-0.0178222656
-0.0108642578
-0.0112304688
-0.0602416992
0.0465698242
0.0025024414
-0.0705566406
-0.0769042969
-0.0391235352
-0.0265502930
0.0370483398
-0.0545043945
0.0025634766
0.0797119141
-0.0109863281
0.1272583008
0.2349853516
-0.1821899414
0.1366577148
-0.1619873047
-0.0786743164
0.0933227539
-0.0994873047
-0.1395874023
-0.1097412109
-0.1425170898
0.1901855469
0.1916503906
-0.1461791992
0.1690673828
-0.0026855469
0.0488891602
0.0251464844
-0.0194091797
0.0200805664
0.0247802734
-0.0072631836
0.0049438477
-0.0098876953
0.0037231445
0.0040893555
0.0506591797
-0.0251464844
-0.0277709961
0.0106811523
0.0455932617
-0.0322265625
-0.0723266602
0.0442504883
0.0539550781
0.0033569336
0.0673217773
-0.0399169922
0.0979614258
0.0700073242
-0.0467529297
0.0749511719
-0.0376586914
0.0466308594
0.0303955078
0.0946044922
0.0451049805
-0.0105590820
0.0474853516
0.0676269531
-0.0127563477
-0.0210571289
0.0131225586
0.0053100586
0.0159301758
0.0266723633
-0.0128173828
0.0056762695
0.0173339844
-0.0252685547
-0.0349121094
-0.0036010742
-0.0274047852
-0.2789916992
-0.2741088867
0.2033081055
-0.1661376953
-0.2755126953
0.2864379883
-0.2704467773
-0.2214965820
0.0686035156
0.2496948242
-0.1295776367
0.2817382812
0.1991577148
-0.3026123047
-0.2101440430
-0.2208251953
0.0236816406
0.0066528320
0.0330200195
0.0442504883
-0.0257568359
0.0310668945
-0.0186767578
-0.0159912109
0.0250854492
0.0626220703
0.0543212891
-0.0239257812
-0.0009765625
0.0072021484
0.0018920898
0.0316162109
0.0081176758
0.0038452148
-0.0068969727
0.0258789062
-0.0038452148
-0.0059814453
0.0147705078
-0.0135498047
0.0028076172
-0.0056152344
0.0062866211
0.0054931641
0.0072631836
0.0397949219
0.0038452148
-0.0230102539
