-0.0123291016
-0.0253906250
0.0450439453
0.0008544922
0.0241699219
0.0327758789
-0.0136108398
-0.0088500977
-0.0046386719
-0.0097656250
0.0343017578
0.0071411133
0.0107421875
-0.0051269531
0.0043334961
0.0122680664
0.0166015625
-0.0471801758
0.0473022461
0.0516967773
0.0114746094
0.0054321289
0.0047607422
-0.0454101562
-0.0647583008
-0.0197753906
0.0184936523
0.0039672852
-0.0495605469
0.0492553711
-0.0065917969
-0.0281372070
-0.1848144531
-0.1075439453
-0.1365966797
0.0553588867
-0.0491943359
-0.1737670898
0.1364135742
-0.0724487305
-0.0977783203
-0.1460571289
-0.0712280273
-0.0899658203
0.0706787109
-0.0977172852
0.0762939453
0.1903686523
-0.1353149414
0.1694946289
0.2225341797
-0.2546997070
0.2098388672
-0.1907348633
-0.1265258789
0.1856689453
-0.1500854492
-0.2155151367
-0.1810913086
-0.1500244141
0.2407836914
0.1574707031
-0.1778564453
0.1378173828
-0.0109252930
-0.0043945312
-0.0090942383
-0.0006713867
-0.0048828125
0.0119628906
-0.0242919922
0.0194091797
0.0109252930
-0.0093383789
-0.0285644531
0.0245361328
-0.0055541992
0.0042114258
-0.0031738281
0.0170898438
-0.0653076172
-0.2008666992
0.0498046875
0.1567382812
-0.1582641602
0.2096557617
-0.1266479492
0.1323852539
0.2215576172
-0.0786743164
0.1907348633
-0.1924438477
0.2424316406
0.1339721680
0.2005615234
0.2340698242
0.0225219727
0.0026245117
0.0501098633
0.0240478516
-0.0022583008
-0.0001831055
-0.0054321289
0.0255126953
-0.0256958008
-0.0219726562
-0.0039062500
-0.0280151367
0.0204467773
-0.0235595703
0.0093383789
0.0001220703
-0.0169677734
-0.0561523438
0.0237426758
-0.0199584961
-0.0549926758
0.0154418945
-0.0662841797
-0.0155029297
0.0143432617
0.0728149414
0.0089721680
0.0291748047
0.0235595703
-0.0802001953
-0.0229492188
-0.0320434570
-0.3187866211
0.3178710938
0.1062622070
0.0836181641
-0.3688964844
0.0443725586
-0.0589599609
0.3295898438
-0.3488159180
0.1827392578
0.0960693359
0.2855834961
0.0629272461
-0.2601318359
0.1013183594
0.3576049805
0.1513061523
0.0162963867
-0.0853271484
0.1622314453
-0.0157470703
-0.0429077148
-0.1127319336
-0.0384521484
-0.1030883789
0.1495971680
-0.0394897461
0.0703735352
0.1117553711
-0.0379638672
-0.0296020508
-0.0770874023
