-0.0664672852
-0.0603027344
0.0252685547
-0.0872192383
-0.0239868164
-0.0430908203
-0.0832519531
0.0126342773
-0.0169677734
-0.0577392578
0.0834960938
0.0184326172
-0.0684814453
-0.0873413086
0.0415039062
0.0895385742
-0.3229980469
0.3315429688
0.1306762695
-0.3492431641
0.0482177734
0.2852783203
-0.0781860352
0.3492431641
0.3750610352
0.0512084961
0.0279541016
0.0651245117
0.2099609375
-0.3792114258
-0.0661010742
0.0054321289
-0.0397338867
-0.0411376953
-0.0784301758
0.0112915039
-0.0101318359
-0.1103515625
0.0667724609
-0.0439453125
-0.0447998047
-0.1114501953
-0.0297241211
-0.0644531250
0.0397338867
-0.0342407227
0.0084838867
0.0831909180
0.0150146484
0.0288696289
0.0647583008
-0.0913085938
0.0198364258
-0.0203247070
-0.0149536133
0.0514526367
-0.0482788086
-0.0356445312
-0.0288085938
-0.0457763672
0.0429687500
0.0405883789
-0.0359497070
-0.0029907227
-0.0689697266
-0.0060424805
-0.0682983398
0.0072021484
-0.0191650391
-0.0430297852
0.0551757812
-0.0008544922
0.0827026367
-0.0878295898
0.0518798828
-0.0512695312
0.0184936523
0.0294799805
0.0620117188
-0.0203857422
-0.0265502930
-0.0136108398
0.0206909180
-0.0007934570
0.0067138672
0.0084228516
0.0101318359
0.0149536133
0.0188598633
-0.0022583008
0.0034790039
-0.0079345703
0.0134277344
0.0051269531
0.0175170898
-0.0199584961
0.0072631836
0.0053100586
0.0168457031
0.0027465820
-0.0029296875
0.0042114258
0.0083007812
0.0191650391
0.0014038086
-0.0098876953
-0.0042724609
0.0222167969
0.0200805664
-0.0100708008
-0.0388183594
-0.0016479492
-0.1478881836
-0.1407470703
0.0016479492
0.0404663086
-0.1016235352
0.1120605469
-0.1076660156
-0.0712280273
0.0011596680
0.0678710938
-0.0012207031
0.1279296875
0.0186157227
-0.1063842773
0.0009155273
-0.0925903320
-0.0653686523
0.0447998047
0.0275878906
-0.0383911133
-0.0238037109
-0.0053710938
0.0230102539
0.0632934570
-0.0371704102
0.0048217773
-0.0096435547
0.0588989258
-0.0067749023
-0.0311279297
-0.0315551758
0.0120239258
0.0213623047
0.0220336914
-0.0793457031
0.1027832031
-0.0311279297
-0.0319824219
-0.0476074219
-0.0825195312
-0.0290527344
0.0189819336
-0.0271606445
0.0608520508
0.0256958008
0.0377807617
-0.0379028320
-0.0800781250
