-0.0247192383
-0.0180053711
0.0324707031
-0.0448608398
0.0174560547
-0.0261840820
-0.0100708008
0.0419311523
-0.0072631836
-0.0447387695
0.0078125000
0.0245361328
0.0125732422
-0.0057983398
0.0029907227
0.0349731445
0.0019531250
-0.0185546875
0.0090332031
-0.0166625977
0.0410766602
-0.0052490234
-0.0285034180
-0.0027465820
-0.0028686523
-0.0382080078
0.0098266602
0.0324707031
-0.0110473633
0.0151977539
0.0402832031
-0.0054931641
-0.1084594727
-0.0484619141
-0.0592041016
-0.0199584961
0.0188598633
-0.1223754883
0.1082153320
-0.1064453125
-0.0699462891
-0.1295166016
-0.0718383789
-0.0283203125
0.0222778320
-0.0983886719
0.0262451172
0.1510620117
-0.0549926758
0.1024169922
0.1948242188
-0.1677856445
0.1705322266
-0.1235961914
-0.1318969727
0.1469726562
-0.1462402344
-0.1219482422
-0.1489868164
-0.0913085938
0.1407470703
0.1159057617
-0.1359252930
0.0800170898
-0.3106689453
0.0183105469
-0.3135986328
-0.0702514648
0.0554199219
-0.3148193359
0.3524780273
0.3175659180
0.3800659180
-0.3226318359
0.0480346680
-0.2612304688
0.0372924805
0.2611083984
0.0426635742
-0.0685424805
-0.0260620117
-0.1306762695
0.0111083984
0.0861816406
-0.0936889648
0.1035156250
-0.0290527344
0.0568847656
0.1648559570
-0.0528564453
0.0657958984
-0.0973510742
0.1163940430
0.1159057617
0.1093139648
0.1195068359
0.0135498047
-0.0098876953
-0.0010375977
-0.0089111328
0.0037231445
-0.0017700195
-0.0068359375
-0.0028076172
0.0046997070
-0.0054931641
0.0038452148
-0.0111083984
-0.0078735352
-0.0004882812
0.0029907227
-0.0000610352
-0.1000366211
-0.1677246094
0.0150146484
-0.0257568359
-0.0859985352
0.1181640625
-0.1451416016
-0.0444946289
0.0307617188
0.0869140625
-0.0715332031
0.1564331055
0.0510253906
-0.1732788086
-0.0861206055
-0.1301879883
0.0104980469
-0.0002441406
0.0014038086
0.0322875977
0.0186157227
0.0113525391
-0.0385742188
0.0248413086
-0.0505981445
0.0561523438
0.0540771484
0.0216674805
0.0319824219
-0.0661010742
0.0166625977
0.0468139648
0.0105590820
-0.0025024414
-0.0056762695
0.0153198242
-0.0098876953
0.0006713867
-0.0122070312
0.0063476562
0.0044555664
0.0166625977
-0.0120239258
0.0037231445
0.0160522461
-0.0124511719
0.0032958984
-0.0017700195
