-0.0138549805
-0.0037231445
0.0803222656
-0.0154418945
0.0117797852
0.0433349609
-0.0349121094
-0.0266723633
-0.0036010742
-0.0398559570
0.0274047852
0.0182495117
0.0012207031
-0.0408325195
0.0176391602
0.0054321289
0.0124511719
-0.0195312500
0.0252685547
0.0186767578
0.0833740234
0.0133666992
0.0039062500
-0.0210571289
-0.0259399414
0.0037231445
0.0232543945
0.0495605469
-0.0344238281
0.0180053711
-0.0079345703
-0.0208740234
-0.2000732422
-0.0720214844
-0.1125488281
0.0035400391
-0.0617065430
-0.2045898438
0.2022705078
-0.0554809570
-0.1692504883
-0.1885375977
-0.0845336914
-0.0393066406
0.0427856445
-0.1245727539
0.0111694336
0.2041625977
-0.1838378906
0.1806030273
0.2698974609
-0.2530517578
0.2683715820
-0.2399291992
-0.1799926758
0.0755615234
-0.1770629883
-0.1743164062
-0.2579956055
-0.1506347656
0.2716674805
0.2377929688
-0.1423339844
0.1751708984
0.0274658203
-0.0357666016
0.0594482422
-0.0009155273
-0.0175781250
0.0549926758
-0.0281982422
-0.0262451172
-0.0245361328
0.0314331055
-0.0073242188
0.0159301758
0.0454711914
-0.0247802734
-0.0281982422
0.0230712891
-0.1109619141
-0.2860717773
0.0529785156
0.2149658203
-0.1809082031
0.2802124023
-0.1667480469
0.2368164062
0.2677001953
-0.2580566406
0.2629394531
-0.2181396484
0.2207031250
0.2243041992
0.2987060547
0.4048461914
0.0049438477
0.0202026367
0.0177612305
0.0167846680
-0.0227661133
-0.0079345703
0.0139160156
0.0431518555
-0.0133666992
0.0118408203
-0.0271606445
-0.0086059570
-0.0014038086
-0.0227661133
-0.0053100586
-0.0387573242
-0.2177124023
-0.2136230469
0.1254882812
-0.0893554688
-0.2346801758
0.1696166992
-0.2415161133
-0.1678466797
0.0699462891
0.2495727539
-0.1583862305
0.2005004883
0.0533447266
-0.2168579102
-0.1416625977
-0.2143554688
0.0381469727
0.0162353516
-0.0159912109
0.0346069336
-0.0020141602
-0.0178833008
-0.0537109375
-0.0047607422
0.0024414062
0.0568847656
0.0460205078
-0.0509033203
0.0167236328
-0.0155029297
0.0202636719
0.0047607422
0.1109008789
-0.0059204102
-0.0158691406
0.0975952148
0.0218505859
0.0128784180
-0.0217895508
-0.0505981445
-0.0296630859
0.0545654297
-0.0914916992
-0.0047607422
0.0618896484
0.0216064453
-0.0167846680
-0.0210571289
