-0.0261840820
-0.0250244141
0.0589599609
-0.0126953125
0.0038452148
0.0028686523
-0.0537109375
-0.0299072266
0.0198364258
-0.0653076172
0.0286254883
0.0372314453
-0.0206298828
-0.0245971680
0.0039672852
0.0072631836
0.0517578125
-0.0504760742
0.0206909180
0.0572509766
0.0576782227
-0.0108032227
-0.0086669922
-0.0386352539
-0.0512084961
-0.0374145508
0.0021972656
0.0125122070
-0.0475463867
0.0521240234
0.0086669922
-0.0576782227
-0.2898559570
-0.1070556641
-0.1325683594
-0.0046386719
-0.0179443359
-0.2500000000
0.1940307617
-0.0297241211
-0.1822509766
-0.1652221680
-0.0794677734
-0.1228027344
0.0624389648
-0.1015014648
0.0389404297
0.2144775391
-0.1550292969
0.1204833984
0.2373657227
-0.2135009766
0.3167724609
-0.1842041016
-0.2005615234
0.1134643555
-0.1079101562
-0.1312866211
-0.1816406250
-0.1290283203
0.1857299805
0.1593017578
-0.1824340820
0.1660766602
-0.0177612305
0.0044555664
-0.0133666992
0.0015869141
-0.0040893555
-0.0117797852
-0.0025634766
0.0203247070
0.0203857422
-0.0090942383
-0.0065917969
0.0144653320
0.0356445312
-0.0114135742
-0.0071411133
0.0198364258
-0.1408691406
-0.2639770508
0.0383300781
0.2094116211
-0.2055053711
0.2877197266
-0.2034912109
0.1856079102
0.3177490234
-0.2151489258
0.2355957031
-0.1942138672
0.2832031250
0.2479858398
0.2678833008
0.4057617188
0.0062255859
0.0064697266
0.0085449219
0.0002441406
-0.0115966797
-0.0038452148
0.0000000000
0.0100097656
-0.0041503906
-0.0023193359
0.0008544922
0.0175781250
0.0061035156
-0.0017089844
0.0083007812
-0.0084228516
-0.0935668945
-0.1738891602
0.0765991211
-0.0368652344
-0.1520996094
0.1426391602
-0.1981811523
-0.1129150391
-0.0041503906
0.1917114258
-0.0572509766
0.1538085938
0.0407104492
-0.1888427734
-0.0995483398
-0.1223754883
0.0073852539
-0.0098266602
0.0034790039
-0.0004882812
0.0284423828
-0.0142822266
-0.0022583008
0.0126953125
-0.0111083984
0.0239257812
-0.0044555664
0.0224609375
0.0071411133
-0.0072631836
0.0125122070
0.0184326172
0.0541992188
0.0061645508
-0.0074462891
0.0450439453
0.0084228516
0.0275268555
0.0121459961
-0.0196533203
-0.0136718750
0.0181884766
-0.0279541016
-0.0095214844
0.0225830078
-0.0009765625
0.0048828125
-0.0018920898
