0.0034790039
0.0082397461
0.0536499023
-0.0250244141
0.0289916992
0.0069580078
-0.0510864258
0.0301513672
0.0123291016
-0.0243530273
0.0552368164
-0.0023193359
-0.0399169922
-0.0422363281
0.0094604492
0.0025634766
0.0211791992
-0.0438232422
0.0114746094
0.0468750000
0.0248413086
-0.0105590820
-0.0230102539
-0.0676269531
-0.0612182617
-0.0242309570
0.0087890625
0.0301513672
0.0205078125
0.0499267578
0.0160522461
-0.0888671875
-0.2199096680
-0.0283203125
-0.1646728516
-0.0136718750
0.0041503906
-0.2006835938
0.1619873047
-0.0505981445
-0.1465454102
-0.1503295898
-0.1145019531
-0.0898437500
0.0527343750
-0.0771484375
0.0515136719
0.2207641602
-0.1601562500
0.2134399414
0.2918701172
-0.2567138672
0.2615966797
-0.2135620117
-0.2158813477
0.1817016602
-0.1630249023
-0.1846313477
-0.2058105469
-0.1427612305
0.2630004883
0.2415161133
-0.2257080078
0.2186279297
-0.0244750977
0.0442504883
-0.0030517578
-0.0529785156
0.0076904297
-0.0203247070
-0.0013427734
0.0322875977
0.0383300781
-0.0133056641
0.0600585938
0.0135498047
0.0125122070
0.0164184570
0.0189208984
0.0335083008
-0.1875610352
-0.2006835938
0.1166381836
0.1697998047
-0.2342529297
0.2985229492
-0.2327270508
0.1976928711
0.3043823242
-0.1217041016
0.2510375977
-0.2340087891
0.1559448242
0.2764282227
0.3289184570
0.4071044922
0.0270385742
0.0367431641
0.0118408203
-0.0058593750
-0.0180664062
-0.0355834961
0.0098266602
0.0209960938
0.0238647461
-0.0228881836
-0.0141601562
0.0054931641
0.0487670898
-0.0410156250
0.0045776367
-0.0388793945
-0.1755981445
-0.2187500000
0.1199340820
-0.1292114258
-0.2120971680
0.1635131836
-0.2573852539
-0.1356201172
0.0195312500
0.2456665039
-0.0621337891
0.2304077148
0.0667114258
-0.2395019531
-0.1652832031
-0.1920166016
0.0177001953
0.0048217773
0.0237426758
0.0042724609
0.0013427734
0.0012817383
-0.0046997070
-0.0041503906
0.0126342773
0.0031127930
0.0186767578
-0.0191040039
0.0113525391
0.0191040039
0.0126342773
-0.0085449219
0.0390014648
0.0003662109
-0.0935668945
0.1184692383
0.0379028320
-0.1057128906
-0.0745849609
-0.1469726562
-0.1042480469
0.1083374023
-0.0310668945
0.0996093750
0.1161499023
-0.0162353516
-0.0150146484
-0.1216430664
