-0.0395507812
-0.0147705078
0.0129394531
-0.0064086914
-0.0138549805
-0.0225830078
-0.0133666992
0.0275268555
-0.0282592773
-0.0217285156
0.0394897461
0.0186767578
-0.0008544922
-0.0219726562
0.0416870117
0.0347900391
-0.3226928711
0.3320922852
0.1279907227
-0.3450927734
-0.0593872070
0.2636108398
-0.0538330078
0.3269042969
0.3684082031
0.0131835938
0.1275634766
0.0899047852
0.2080078125
-0.3562011719
-0.1563720703
-0.0057373047
-0.1367187500
-0.0670166016
-0.1250610352
0.0529785156
0.0481567383
-0.1391601562
0.0786132812
-0.0923461914
-0.0966796875
-0.1434936523
-0.0239257812
-0.1248168945
0.1248168945
0.0150756836
0.0361328125
0.1760253906
-0.0137329102
0.0105590820
0.0292358398
-0.0122680664
-0.0035400391
-0.0379638672
-0.0291748047
0.0188598633
-0.0134277344
-0.0272216797
-0.0228271484
-0.0286865234
0.0318603516
0.0156250000
-0.0194702148
0.0117187500
-0.0490112305
-0.0076904297
-0.0369262695
0.0089111328
-0.0096435547
-0.0754394531
0.0385131836
0.0344848633
0.0900268555
-0.0745239258
0.0424194336
-0.0494384766
0.0214843750
0.0721435547
-0.0120239258
-0.0047607422
-0.0249633789
-0.0002441406
-0.0065307617
0.0079345703
0.0004882812
0.0065307617
-0.0084838867
0.0230102539
0.0137939453
0.0024414062
0.0143432617
-0.0145874023
0.0084838867
-0.0092163086
0.0106811523
0.0001220703
-0.0053710938
0.0019531250
0.0143432617
-0.0164184570
0.0159301758
-0.0003051758
-0.0062866211
-0.0286254883
0.0170288086
0.0141601562
0.0067749023
0.0191650391
-0.0018920898
-0.0187377930
0.0030517578
0.0154418945
-0.0898437500
-0.0579833984
0.0155639648
-0.0018310547
-0.0346069336
0.0732421875
-0.0647583008
-0.0415649414
-0.0121459961
0.0165405273
0.0031738281
0.0679931641
0.0249633789
-0.0629272461
-0.0077514648
-0.0439453125
-0.1155395508
0.1110839844
0.0016479492
0.0334472656
-0.1029663086
0.0422973633
-0.0369873047
0.1278076172
-0.1549682617
0.0556640625
0.0709228516
0.1552734375
0.0798950195
-0.0822753906
-0.0099487305
0.1206054688
0.0095825195
-0.0210571289
-0.0264892578
0.0377807617
-0.0435791016
-0.0170898438
-0.0051269531
-0.0238037109
0.0003662109
0.0003662109
-0.0046386719
0.0427856445
0.0111694336
-0.0005493164
0.0079345703
-0.0292968750
