-0.0104370117
-0.0272827148
0.0690917969
-0.0121459961
0.0171508789
-0.0018920898
-0.0200195312
0.0114135742
0.0049438477
-0.0140380859
0.0321655273
-0.0346069336
-0.0432739258
0.0104980469
0.0024414062
0.0246582031
0.0014038086
-0.0051269531
0.0268554688
0.0091552734
-0.0220336914
0.0327148438
-0.0283203125
-0.0002441406
-0.0186157227
-0.0056762695
0.0106811523
0.0267333984
-0.0607299805
0.0089111328
0.0325317383
-0.0792236328
-0.2553100586
-0.0888061523
-0.1605224609
-0.0253295898
-0.0894165039
-0.1912841797
0.1888427734
-0.0018920898
-0.1605834961
-0.1427612305
-0.0576782227
-0.0471801758
0.0674438477
-0.0654907227
0.0408325195
0.1995849609
-0.0363769531
0.1326293945
0.2041015625
-0.2370605469
0.1817626953
-0.0997924805
-0.1591186523
0.0875854492
-0.1682128906
-0.1895141602
-0.1726684570
-0.1015014648
0.1629638672
0.1517944336
-0.1670532227
0.1712646484
0.0298461914
-0.0384521484
0.0328979492
0.0156860352
0.0090942383
0.0489501953
-0.0382080078
-0.0062866211
-0.0117187500
0.0368652344
-0.0299682617
0.0447998047
0.0337524414
-0.0421752930
0.0137939453
-0.0031127930
-0.1092529297
-0.2308959961
0.0379028320
0.1345214844
-0.1461791992
0.2239379883
-0.2141113281
0.1520996094
0.2183227539
-0.0775146484
0.1764526367
-0.2015380859
0.1721191406
0.2012329102
0.2363281250
0.3346557617
-0.0021362305
0.0080566406
0.0194702148
0.0033569336
-0.0044555664
-0.0006103516
-0.0094604492
0.0045166016
0.0044555664
-0.0150756836
0.0114135742
-0.0076293945
-0.0133056641
-0.0120849609
-0.0183715820
-0.0065307617
-0.0496826172
-0.0726318359
0.0895385742
-0.1069946289
-0.1430053711
0.0578613281
-0.1082763672
-0.0780029297
-0.0678710938
0.1298828125
0.0170288086
0.0639648438
0.0296630859
-0.0953369141
-0.0647583008
-0.0701904297
-0.3228759766
0.2980957031
0.0837402344
0.0697021484
-0.3529052734
-0.0355224609
-0.1372680664
0.3459472656
-0.3402709961
0.1365966797
0.0834960938
0.3171997070
0.1124267578
-0.2462768555
0.1975097656
0.3110351562
0.0875244141
0.0092773438
-0.0184326172
0.0436401367
0.0256958008
-0.0004882812
-0.0234985352
-0.0047607422
0.0030517578
0.0358886719
0.0046997070
0.0174560547
0.0286865234
-0.0041503906
0.0169677734
-0.0242309570
