-0.0942993164
-0.1288452148
0.1503906250
-0.1247558594
0.1426391602
-0.0374755859
-0.1198120117
-0.0358276367
0.0278320312
-0.1157836914
0.1604614258
-0.0232543945
-0.1204223633
-0.1592407227
0.0063476562
0.1055297852
0.0131225586
-0.0325317383
0.0227661133
0.0469360352
0.0233764648
-0.0129394531
-0.0165405273
-0.0239868164
-0.0396728516
-0.0551757812
0.0125732422
0.0188598633
0.0026855469
0.0234375000
-0.0147094727
0.0121459961
-0.0223999023
-0.0288085938
-0.0067749023
0.0086059570
0.0156250000
-0.0133056641
0.0305175781
-0.0013427734
-0.0123901367
-0.0090942383
0.0065307617
0.0010986328
-0.0042724609
0.0117187500
-0.0054321289
0.0344238281
-0.1165771484
0.1166992188
0.1418457031
-0.1461181641
0.1807861328
-0.1304321289
-0.1201782227
0.1226196289
-0.0597534180
-0.1218872070
-0.1315917969
-0.0159301758
0.1278076172
0.1551513672
-0.1179199219
0.0845336914
-0.0413818359
0.0501098633
-0.0609741211
-0.0175170898
0.0269165039
-0.0487060547
0.0904541016
0.0579223633
0.0427246094
-0.0480346680
0.0150756836
-0.0379638672
0.0007324219
0.0213012695
0.0575561523
-0.0066528320
-0.0659790039
-0.1549682617
-0.0107421875
0.1228637695
-0.0613403320
0.1359252930
-0.0181274414
0.1055297852
0.1790161133
-0.0531005859
0.0864257812
-0.0943603516
0.1353759766
0.0907592773
0.1619873047
0.1780395508
0.0630493164
0.3410034180
0.1133422852
0.2601928711
-0.2732543945
-0.2534790039
0.3258666992
0.2767944336
0.0466918945
0.1539916992
-0.2357177734
-0.0924682617
0.1668701172
-0.3508911133
-0.1795654297
-0.3651123047
-0.0185546875
-0.0380859375
0.0331420898
0.0349731445
-0.0411987305
0.0603027344
-0.0578002930
-0.0582885742
0.0183105469
0.0875854492
-0.0244140625
0.0556030273
0.0223388672
-0.0536499023
0.0186767578
-0.0035400391
-0.0030517578
0.0116577148
0.0287475586
0.0121459961
-0.0336914062
0.0567626953
-0.0499877930
0.0266723633
-0.0498046875
0.0362548828
0.0321044922
0.0046997070
0.0414428711
-0.0419921875
0.0041503906
0.0327758789
0.0333862305
0.0201416016
-0.0285034180
0.0650634766
-0.0327148438
-0.0315551758
-0.0185546875
-0.0356445312
-0.0514526367
0.0496215820
-0.0358276367
0.0570678711
0.0576171875
-0.0432739258
-0.0006713867
-0.0529785156
