-0.1175537109
-0.1000366211
0.1650390625
-0.0550537109
0.0643920898
-0.0647583008
-0.0734863281
0.0904541016
0.1044311523
-0.1467285156
0.1589355469
0.0759887695
-0.1332397461
-0.0643310547
0.0559082031
0.0950927734
0.0326538086
-0.0483398438
0.0241088867
0.0789794922
0.0103759766
0.0003662109
-0.0076293945
-0.0463867188
-0.0651245117
-0.0325317383
0.0120849609
-0.0130004883
-0.0388793945
0.0297851562
0.0205078125
-0.0087890625
-0.1367187500
-0.0488891602
-0.0772705078
0.0111083984
0.0046997070
-0.1053466797
0.1187744141
-0.0773315430
-0.0598144531
-0.0432128906
-0.0202636719
-0.0415039062
0.0484619141
0.0125122070
0.0183105469
0.0884399414
-0.1593627930
0.1782836914
0.2797241211
-0.2786254883
0.1979980469
-0.1734008789
-0.1980590820
0.1640625000
-0.1942749023
-0.2368774414
-0.2598876953
-0.1561889648
0.2017211914
0.1710815430
-0.2617187500
0.2440185547
-0.0096435547
-0.0234375000
0.0065917969
0.0121459961
0.0245361328
0.0014648438
0.0068969727
0.0077514648
0.0242919922
0.0065917969
-0.0153808594
0.0159912109
-0.0009765625
0.0050048828
0.0369873047
0.0067138672
-0.1013793945
-0.1506958008
0.1765747070
0.0769653320
-0.2335205078
0.2270507812
-0.1403198242
0.1613159180
0.2132568359
-0.0460815430
0.1550903320
-0.1715698242
0.1144409180
0.1453857422
0.2388305664
0.2691040039
0.0004272461
0.0941772461
0.0399780273
0.1094360352
-0.0867919922
-0.0399780273
0.0707397461
0.1029052734
0.0290527344
0.0458374023
-0.0367431641
0.0682983398
0.0875244141
-0.0939331055
-0.0328369141
-0.0864868164
-0.0390625000
-0.0651245117
0.0238647461
-0.0458374023
-0.0995483398
0.0772705078
-0.1007080078
-0.0575561523
-0.0156860352
0.0729980469
-0.0238647461
0.0595703125
0.0044555664
-0.0843505859
-0.0859985352
-0.0473632812
-0.3713989258
0.2902832031
-0.0446166992
-0.0555419922
-0.3292236328
-0.1083984375
0.0371093750
0.3594360352
-0.3740844727
-0.0736083984
-0.0687866211
0.3503417969
0.0454101562
-0.2067260742
0.0267944336
0.2601928711
0.1797485352
-0.0117797852
-0.0732421875
0.1047973633
0.0040283203
-0.0388793945
-0.0762329102
-0.0822143555
-0.0228271484
0.0510864258
-0.0599365234
0.0344238281
0.0537109375
-0.0822143555
0.0273437500
-0.0270996094
