-0.0162963867
-0.0260009766
0.0706787109
-0.0622558594
0.0430297852
-0.0028076172
-0.0872802734
-0.0160522461
-0.0083007812
-0.1009521484
0.0381469727
-0.0112304688
-0.0420532227
-0.0894775391
-0.0241088867
0.0278320312
-0.0098876953
-0.0017700195
-0.0040283203
-0.0178222656
0.0110473633
0.0285034180
0.0079956055
0.0147094727
0.0149536133
0.0187377930
0.0155639648
-0.0074462891
-0.0092163086
-0.0067138672
-0.0004882812
0.0010375977
0.0140991211
-0.0039672852
0.0141601562
0.0347290039
-0.0101928711
-0.0117797852
-0.0032348633
-0.0083007812
-0.0009155273
-0.0071411133
-0.0175781250
-0.0097656250
0.0093994141
-0.0101928711
-0.0345458984
0.0062255859
-0.1139526367
0.1737670898
0.2286987305
-0.1115722656
0.1729736328
-0.1892700195
-0.0963134766
0.1326904297
-0.1436767578
-0.1273193359
-0.1419067383
-0.1649780273
0.1500244141
0.2276611328
-0.1632080078
0.1517333984
0.0064086914
0.0417480469
0.0208740234
-0.0175170898
0.0445556641
0.0348510742
-0.0111694336
-0.0311889648
0.0036621094
0.0480957031
0.0174560547
0.0329589844
-0.0505981445
-0.0339355469
0.0173339844
0.0662231445
-0.0520019531
-0.1448364258
-0.0094604492
0.1129150391
-0.0532226562
0.0917358398
-0.0207519531
0.1721801758
0.1494750977
-0.1133422852
0.1493530273
-0.0481567383
0.1287841797
0.0396728516
0.1325073242
0.1295166016
0.0107421875
0.0097656250
-0.0080566406
-0.0050048828
-0.0136718750
0.0147094727
0.0053100586
0.0162353516
0.0048828125
0.0018310547
-0.0011596680
0.0044555664
0.0198364258
-0.0084228516
-0.0202636719
-0.0108032227
-0.2464599609
-0.2905273438
0.2034301758
-0.0350341797
-0.2836914062
0.2782592773
-0.2787475586
-0.2839355469
0.0939941406
0.2836303711
-0.1452636719
0.2847290039
0.1737670898
-0.3007202148
-0.1959838867
-0.2078247070
0.0299682617
0.0171508789
-0.0089721680
0.0377807617
-0.0674438477
0.0222167969
-0.0250244141
0.0125122070
-0.0119018555
0.0112915039
0.0349731445
-0.0075073242
0.0083618164
-0.0302734375
-0.0160522461
0.0419921875
-0.0370483398
0.0660400391
-0.0624389648
0.0794677734
-0.0270385742
-0.0900268555
0.0120239258
-0.1279907227
-0.1126098633
0.0355834961
0.0263061523
0.0673828125
0.0882568359
0.0374755859
-0.0624389648
-0.0972900391
