-0.0590820312
-0.0516357422
0.0422363281
-0.0530395508
-0.0137939453
0.0408325195
-0.0791015625
0.0418090820
0.0197143555
-0.0549926758
0.0930786133
-0.0093383789
-0.0643920898
-0.0447387695
0.0358886719
0.0545654297
-0.0249023438
0.0238037109
0.0116577148
-0.0433959961
-0.0084228516
0.0411987305
0.0029296875
0.0208740234
0.0420532227
0.0068359375
0.0371093750
0.0411376953
0.0222167969
-0.0314941406
-0.0283203125
-0.0050659180
-0.3456420898
-0.0379638672
-0.3304443359
-0.0466918945
-0.0135498047
-0.3093872070
0.3344116211
-0.0728759766
-0.3425903320
-0.3286132812
-0.1779174805
-0.1438598633
0.0486450195
-0.1437377930
0.1712036133
0.3345336914
-0.1010742188
0.1203613281
0.1144409180
-0.0728759766
0.0902709961
-0.1414184570
-0.0659179688
0.1349487305
-0.0788574219
-0.1260375977
-0.0770263672
-0.0872802734
0.1751708984
0.1582641602
-0.0678710938
0.0960693359
0.0103759766
0.0031738281
0.0279541016
0.0241699219
0.0157470703
-0.0094604492
-0.0010375977
-0.0216064453
0.0031738281
0.0044555664
0.0017700195
-0.0142822266
0.0172729492
-0.0097045898
-0.0043945312
0.0032958984
-0.0157470703
-0.0735473633
-0.0026855469
0.0734252930
-0.0881347656
0.0609741211
-0.0058593750
0.0947875977
0.0490722656
-0.1057739258
0.0525512695
0.0039062500
0.0963745117
0.0328979492
0.0502319336
0.0895996094
0.0297241211
-0.0136718750
0.0178222656
0.0012207031
-0.0234985352
0.0141601562
-0.0067138672
0.0102539062
0.0254516602
0.0373535156
0.0223388672
-0.0160522461
-0.0275878906
-0.0012207031
-0.0156250000
0.0401611328
-0.0969238281
-0.0878906250
0.0174560547
-0.0397949219
-0.0734252930
0.1363525391
-0.0955200195
-0.1188354492
-0.0309448242
0.1730346680
-0.0780639648
0.1335449219
0.0353393555
-0.1121826172
-0.0054931641
-0.1708984375
0.0422973633
-0.0047607422
0.0226440430
0.0184936523
-0.0151977539
-0.0052490234
0.0711059570
-0.0380859375
0.0255737305
-0.0294189453
-0.0537719727
-0.0219116211
0.0354614258
0.0239257812
0.0400390625
0.0054321289
0.0031738281
0.0575561523
0.0048217773
0.0093383789
-0.0023193359
0.0435791016
-0.0020141602
0.0101318359
0.0264892578
-0.0062255859
0.0019531250
-0.0233764648
-0.0094604492
-0.0223388672
-0.0387573242
0.0386962891
