-0.0249023438
-0.0019531250
0.0491333008
-0.0008544922
-0.0018310547
0.0142822266
-0.0358276367
0.0435791016
0.0122070312
-0.0297851562
-0.0007324219
-0.0202636719
-0.0164794922
0.0162353516
0.0079956055
0.0164794922
0.0673828125
-0.0633544922
-0.0300903320
0.0692138672
0.0364379883
-0.0270385742
-0.0246582031
-0.0781250000
-0.0958251953
0.0468750000
0.0049438477
0.0419921875
0.0316162109
0.0456542969
0.0402221680
-0.0800781250
-0.1067504883
-0.0268554688
-0.0572509766
0.0232543945
0.0117797852
-0.1026000977
0.1206054688
-0.0411376953
-0.0736083984
-0.0413208008
-0.0923461914
-0.0427246094
0.0728759766
-0.0474853516
-0.0260009766
0.0891723633
-0.2363281250
0.1952514648
0.2785644531
-0.2962036133
0.3119506836
-0.2265625000
-0.2357788086
0.1207275391
-0.2454833984
-0.2640991211
-0.2731323242
-0.1621093750
0.2293090820
0.2705688477
-0.2252197266
0.2404785156
-0.0054931641
-0.0098266602
0.0148315430
0.0044555664
0.0087280273
0.0038452148
0.0084228516
0.0098266602
0.0031738281
0.0016479492
0.0255126953
0.0064697266
0.0128173828
0.0234985352
-0.0211181641
0.0060424805
-0.1384887695
-0.2111206055
0.0732421875
0.1640625000
-0.1586303711
0.2836303711
-0.1532592773
0.1835327148
0.2877807617
-0.0855102539
0.2030029297
-0.2246704102
0.2374877930
0.1600341797
0.2554321289
0.3250732422
-0.0017089844
0.0304565430
0.0289306641
0.0179443359
0.0029296875
0.0050048828
0.0127563477
0.0476074219
-0.0076293945
0.0094604492
-0.0134887695
0.0418090820
0.0015258789
-0.0137329102
0.0310058594
-0.0382690430
-0.0286254883
-0.0256958008
0.0183715820
-0.0098266602
-0.0425415039
0.0465087891
-0.0386352539
-0.0435791016
-0.0622558594
0.0847167969
0.0303344727
0.0289916992
0.0270385742
-0.0508422852
-0.0307006836
-0.0806274414
0.0121459961
0.0140991211
0.0203247070
0.0277099609
-0.0034790039
0.0228271484
-0.0347900391
-0.0099487305
-0.0174560547
0.0040893555
-0.0117187500
-0.0010986328
0.0045166016
-0.0254516602
-0.0008544922
0.0148925781
0.0557861328
0.0379028320
-0.0250854492
0.0266723633
-0.0057373047
-0.0579223633
-0.0314941406
-0.0607910156
-0.0454101562
0.0374145508
-0.0307617188
0.0272827148
0.0510864258
0.0043945312
-0.0089721680
-0.0441894531
