-0.0816650391
-0.0637207031
0.0320434570
-0.0980834961
0.0172119141
-0.0136718750
-0.0811767578
-0.0162963867
-0.0351562500
-0.0710449219
0.0753784180
0.0568847656
-0.0728149414
-0.1339111328
0.0169067383
0.0418090820
-0.3275756836
0.3218994141
0.1266479492
-0.3366088867
0.0816040039
0.2869262695
-0.0275268555
0.3600463867
0.3625488281
0.0503540039
0.0419921875
0.0834350586
0.1821289062
-0.3667602539
-0.0069580078
-0.0441284180
-0.0147094727
-0.0051269531
-0.0472412109
0.0194702148
0.0046386719
-0.0420532227
-0.0076293945
-0.0565795898
-0.0201416016
-0.0473632812
-0.0136108398
-0.0178833008
0.0158691406
-0.0106811523
-0.0149536133
0.0316772461
-0.0200805664
0.0968017578
0.0830688477
-0.1213378906
0.0509643555
-0.0451660156
-0.0415039062
0.0480346680
-0.0550537109
-0.1185913086
-0.0545654297
-0.0615844727
0.0798950195
0.0775146484
-0.0407104492
0.0659179688
-0.0877685547
-0.0421752930
-0.0858764648
-0.0178833008
-0.0855712891
-0.0526123047
0.0709838867
0.0709838867
0.0571289062
-0.0916137695
0.0512695312
-0.0899658203
0.0725097656
0.0657348633
0.0575561523
0.0167846680
-0.0549316406
-0.0374145508
0.0505371094
0.0158081055
0.0075073242
0.0430908203
-0.0145874023
0.0476684570
0.0480346680
0.0189208984
0.0292968750
-0.0267944336
0.0001220703
0.0460815430
0.0598754883
0.0333862305
0.0278320312
-0.0006103516
0.0197143555
-0.0064697266
0.0013427734
0.0085449219
0.0026245117
0.0037231445
0.0030517578
0.0006103516
-0.0020141602
-0.0046997070
0.0067749023
0.0017700195
-0.0064086914
0.0179443359
-0.1505737305
-0.2024536133
0.0110473633
-0.0064697266
-0.1441650391
0.1206665039
-0.1551513672
-0.1240844727
0.0228271484
0.0998535156
-0.0598144531
0.1910400391
0.0100708008
-0.1678466797
-0.0076293945
-0.0813598633
-0.0402221680
0.0129394531
0.0053100586
-0.0268554688
-0.0117797852
-0.0027465820
0.0065307617
0.0343627930
-0.0294189453
0.0189208984
0.0020141602
0.0475463867
0.0120849609
-0.0265502930
-0.0110473633
0.0187988281
-0.0057373047
0.0434570312
-0.0684814453
0.0548706055
-0.0623168945
-0.0609741211
-0.0047607422
-0.0409545898
-0.0222778320
0.0104980469
0.0150756836
0.0710449219
0.0073852539
0.0279541016
-0.0594482422
-0.0622558594
