0.0106353760
-0.0108642578
0.0135345459
0.0075378418
-0.0129089355
0.0404663086
-0.0093841553
-0.0176849365
-0.0150604248
0.0096588135
0.0163726807
0.0003662109
-0.0033416748
0.0244293213
-0.0025939941
0.0011596680
0.0036773682
0.0008697510
-0.0029754639
0.0044250488
0.0039520264
-0.0041503906
-0.0095672607
-0.0028839111
0.0034332275
0.0023956299
-0.0173187256
0.0005187988
-0.0030975342
0.0024871826
0.0047607422
0.0032043457
0.0043792725
-0.0218353271
0.0082550049
-0.0257568359
-0.0151214600
0.0014495850
-0.0049591064
-0.0067138672
0.0021514893
0.0118255615
0.0317993164
-0.0246734619
0.0388641357
-0.0298614502
-0.0039367676
-0.0092926025
-0.0301361084
0.0187072754
0.0031890869
-0.0055847168
-0.0032958984
-0.0055541992
-0.0097808838
-0.0010986328
-0.0223846436
-0.0300445557
-0.0148468018
-0.0258178711
-0.0086364746
-0.0001678467
-0.0334472656
0.0060272217
0.0022735596
-0.0039367676
-0.0063171387
0.0043792725
-0.0229949951
-0.0057373047
0.0016174316
0.0046386719
0.0018310547
0.0103759766
-0.0122985840
0.0003204346
0.0097045898
0.0039215088
-0.0030059814
-0.0216217041
-0.1791534424
-0.1114044189
0.0200805664
0.1487579346
-0.2288665771
0.2755126953
-0.2249450684
0.0907592773
0.2868041992
-0.2248382568
0.1687622070
-0.1283721924
0.2612304688
0.2615509033
0.2947235107
0.4184570312
0.0074310303
-0.0197143555
-0.0082092285
-0.0053100586
-0.0017547607
0.0272521973
-0.0103149414
-0.0150146484
0.0332336426
-0.0056457520
-0.0429992676
-0.0135498047
0.0050964355
-0.0082092285
-0.0458374023
0.0220642090
-0.0006256104
-0.0233306885
0.0057678223
-0.0124816895
-0.0254821777
-0.0251159668
-0.0261688232
0.0001678467
-0.0204772949
0.0121765137
0.0133361816
-0.0005950928
0.0002899170
-0.0096740723
-0.0204315186
0.0000305176
-0.0602416992
0.0190429688
0.0000000000
0.0744171143
-0.0141143799
0.0200653076
-0.0671386719
0.1215362549
-0.0923919678
0.0957336426
0.1286621094
0.1183624268
0.0262756348
-0.0920410156
0.0608062744
0.0803070068
-0.0125274658
0.0092315674
0.0354461670
-0.0109252930
-0.0223693848
0.0248260498
0.0151062012
0.0677185059
0.0467681885
-0.0386047363
0.0250396729
-0.0495910645
-0.0548858643
0.0099487305
-0.0135955811
0.0382843018
