-0.0586547852
-0.0435180664
-0.0004882812
-0.0411987305
-0.0155639648
-0.0153808594
-0.0511474609
0.0333251953
-0.0064086914
-0.0486450195
0.0798339844
0.0259399414
0.0034179688
-0.0559692383
0.0213623047
0.0441894531
-0.3311157227
0.3347167969
0.1174316406
-0.3432006836
-0.0261840820
0.2741699219
-0.0921020508
0.3195190430
0.3578491211
0.0314331055
0.1311645508
0.0841064453
0.2040405273
-0.3364257812
-0.0642700195
-0.0664672852
-0.1674194336
-0.0935668945
-0.2114868164
-0.0047607422
-0.0004882812
-0.2241821289
0.1474609375
-0.0332031250
-0.1846923828
-0.1467285156
-0.0754394531
-0.0877685547
0.0809326172
-0.0319824219
0.0130615234
0.1724243164
-0.0377197266
0.0548095703
0.1068725586
-0.0956420898
0.0497436523
-0.0609130859
-0.0459594727
0.0547485352
-0.0666503906
-0.1148071289
-0.0988769531
-0.0689086914
0.0758666992
0.0668334961
-0.0760498047
0.1039428711
-0.0739746094
0.0154418945
-0.0482177734
0.0073242188
-0.0407714844
-0.0381469727
0.0454711914
0.0204467773
0.0598144531
-0.0490722656
0.0091552734
-0.0503540039
0.0427246094
0.0561523438
-0.0083007812
-0.0012207031
-0.0163574219
-0.0199584961
0.0003051758
-0.0024414062
-0.0050659180
0.0122680664
-0.0083618164
0.0531616211
0.0297241211
0.0056152344
-0.0154418945
-0.0170898438
0.0186157227
0.0073852539
0.0221557617
0.0120849609
0.0126342773
-0.0028686523
-0.0009765625
-0.0249023438
0.0036621094
-0.0011596680
-0.0069580078
-0.0018920898
-0.0077514648
0.0010986328
0.0167846680
-0.0002441406
0.0104980469
-0.0063476562
-0.0061035156
0.0148315430
-0.1174316406
-0.1758422852
0.0030517578
0.0378417969
-0.1216430664
0.1713867188
-0.1350097656
-0.1539916992
0.0308227539
0.1475830078
-0.0642700195
0.1346435547
0.0293579102
-0.1530761719
-0.0491943359
-0.0874023438
-0.1089477539
0.0781250000
0.0025024414
0.0701904297
-0.0828247070
-0.0117797852
-0.0208129883
0.0832519531
-0.1128540039
0.0219726562
0.0509643555
0.0944213867
0.0894775391
-0.0960083008
0.0238037109
0.0775756836
0.0179443359
-0.0313110352
-0.0479125977
0.0699462891
-0.0484008789
-0.0494995117
-0.0375366211
-0.0650634766
-0.0235595703
0.0100708008
-0.0429077148
0.0474243164
0.0296020508
0.0051879883
-0.0147705078
-0.0835571289
