-0.0874023438
-0.0852050781
0.0747680664
-0.0391845703
0.0661621094
0.0636596680
-0.1524658203
0.0145874023
0.0303344727
-0.1350097656
0.1922607422
0.0051879883
-0.0648803711
-0.0397338867
0.0376586914
0.0765991211
-0.0163574219
-0.0135498047
0.0012817383
0.0001220703
0.0018920898
0.0087890625
0.0034179688
-0.0091552734
0.0017089844
0.0338134766
0.0302124023
0.0208129883
0.0264282227
0.0017089844
-0.0025024414
0.0177001953
-0.3374023438
-0.0740356445
-0.3154296875
-0.1070556641
-0.0379028320
-0.3363647461
0.3474121094
-0.0408935547
-0.4034423828
-0.3034667969
-0.1930541992
-0.1179199219
0.0005493164
-0.1543579102
0.1485595703
0.2868652344
-0.1212158203
0.1338500977
0.1527099609
-0.1578369141
0.0842895508
-0.1527099609
-0.1130371094
0.1634521484
-0.1347045898
-0.1234130859
-0.1665649414
-0.0751342773
0.1465454102
0.1577148438
-0.1165771484
0.1641845703
0.0012207031
-0.0249633789
0.0260620117
0.0202636719
-0.0250854492
-0.0065307617
0.0029907227
-0.0103149414
-0.0023193359
0.0251464844
-0.0053710938
-0.0260620117
0.0250854492
-0.0023193359
0.0178833008
-0.0139160156
-0.0108642578
-0.0717163086
-0.0332031250
0.0117797852
-0.0604858398
0.0853271484
0.0038452148
0.0473022461
0.0486450195
-0.0547485352
0.0235595703
-0.0044555664
0.0903320312
0.0112304688
0.0421752930
0.0508422852
0.0166625977
-0.0324096680
-0.0040283203
-0.0292358398
0.0036621094
0.0082397461
-0.0266723633
-0.0216064453
0.0401611328
0.0271606445
0.0117797852
0.0072631836
-0.0389404297
0.0346069336
0.0256958008
0.0207519531
-0.0282592773
-0.0356445312
0.0184326172
0.0477905273
-0.0338745117
0.0412597656
-0.0300903320
-0.0345458984
-0.0240478516
0.0363159180
-0.0128173828
0.0442504883
0.0106811523
-0.0304565430
0.0032958984
-0.0186157227
-0.0036621094
0.0440063477
0.0112304688
-0.0155639648
-0.0301513672
-0.0000610352
0.0123901367
-0.0088500977
-0.0319824219
-0.0492553711
0.0203247070
0.0124511719
0.0494995117
0.0136718750
0.0249023438
0.0133056641
0.0159301758
0.0298461914
-0.0119018555
0.0223999023
-0.0292358398
0.0021972656
0.0006713867
-0.0051269531
0.0046997070
-0.0026855469
-0.0003051758
0.0190429688
0.0151367188
0.0014038086
0.0061645508
-0.0085449219
