0.0111083984
-0.0671386719
0.0848999023
-0.0228881836
-0.0368652344
-0.0546264648
-0.0775756836
-0.0044555664
0.0784301758
-0.0924072266
0.1044311523
-0.0081787109
-0.0492553711
-0.0809326172
-0.0115356445
0.0469360352
-0.0028076172
0.0042114258
-0.0049438477
0.0058593750
-0.0026245117
0.0010375977
-0.0062255859
-0.0033569336
-0.0060424805
-0.0028076172
0.0007324219
-0.0003662109
0.0041503906
0.0020751953
0.0019531250
-0.0097045898
-0.1253051758
-0.0869140625
-0.0956420898
-0.0546875000
-0.0425415039
-0.0984497070
0.1328125000
0.0375976562
-0.0836181641
-0.1265258789
-0.1008911133
-0.0441284180
0.0169067383
-0.0639648438
-0.0247802734
0.1343994141
-0.0161132812
0.0322875977
0.0814208984
0.0159912109
0.0114135742
-0.0508422852
-0.0278320312
0.0764770508
-0.0515136719
-0.0390625000
-0.0777587891
0.0228881836
0.0513305664
0.0430908203
0.0112915039
0.0587158203
0.0103759766
0.0163574219
0.0173339844
0.0191040039
-0.0201416016
0.0016479492
0.0089111328
0.0079345703
0.0053710938
0.0228271484
0.0056152344
-0.0172119141
0.0323486328
-0.0050048828
-0.0099487305
-0.0106201172
-0.0634765625
-0.0954589844
-0.0087890625
0.1052246094
-0.0232543945
0.0920410156
-0.0647583008
0.0905761719
0.0802612305
-0.1195678711
0.0802001953
-0.0200805664
0.0800170898
0.1240234375
0.0685424805
0.1124267578
-0.0183105469
-0.0140380859
0.0404052734
-0.0001831055
0.0013427734
0.0187988281
-0.0116577148
-0.0041503906
0.0259399414
-0.0164184570
-0.0122680664
0.0037231445
0.0017089844
0.0203857422
0.0071411133
0.0127563477
-0.3000488281
-0.2968139648
0.1557006836
-0.1981811523
-0.2819824219
0.2302856445
-0.2913818359
-0.2223510742
0.0661621094
0.2937011719
-0.1414184570
0.2882690430
0.1779785156
-0.3020629883
-0.2031250000
-0.2402343750
0.0150756836
-0.0333862305
0.0192871094
0.0026245117
0.0322875977
-0.0209960938
0.0194702148
-0.0004272461
0.0275878906
0.0280761719
0.0526123047
-0.0079345703
-0.0092163086
0.0062866211
0.0144042969
0.0023193359
0.0203857422
0.0092773438
-0.0237426758
0.0314941406
0.0294799805
-0.0255737305
-0.0083007812
-0.0224609375
-0.0209350586
0.0139160156
-0.0012817383
0.0253906250
0.0142211914
-0.0092773438
0.0125122070
-0.0178833008
