-0.0643920898
-0.0762939453
0.1336059570
-0.0955810547
0.0689697266
-0.0476074219
-0.1260986328
0.0190429688
0.0633544922
-0.0892333984
0.1152343750
0.0566406250
-0.0285034180
-0.0676269531
0.0450439453
0.0879516602
0.0784301758
-0.0878906250
0.0174560547
0.0579223633
0.0397338867
-0.0180664062
0.0112304688
-0.0614624023
-0.0424804688
-0.0763549805
0.0050659180
-0.0026245117
-0.0595092773
0.0645141602
0.0025024414
0.0276489258
-0.3547363281
-0.2311401367
-0.2561035156
-0.0762329102
-0.1445312500
-0.3259887695
0.3101806641
-0.0284423828
-0.3781127930
-0.3103027344
-0.1628417969
-0.1720581055
-0.0679931641
-0.1163330078
0.0802612305
0.2772827148
-0.0894775391
0.1246337891
0.1528930664
-0.0546875000
0.1419677734
-0.1280517578
-0.1101684570
0.1307983398
-0.1275024414
-0.0566406250
-0.1457519531
-0.0608520508
0.1962890625
0.1404418945
-0.1636352539
0.1475830078
-0.0050048828
0.0120849609
0.0136108398
0.0130004883
0.0001220703
0.0295410156
0.0076293945
0.0054931641
0.0000000000
0.0028686523
0.0745239258
0.0040283203
0.0529174805
0.0006103516
0.0004882812
0.0294189453
-0.0997924805
-0.0884399414
0.0631103516
0.0462646484
-0.1133422852
0.1102905273
-0.0902709961
0.0962524414
0.1419677734
-0.0667724609
0.0913696289
-0.0575561523
0.0203247070
0.0907592773
0.0866699219
0.1301879883
0.0132446289
0.0037231445
0.0090332031
0.0068969727
-0.0247802734
0.0117797852
0.0270385742
0.0080566406
-0.0009155273
0.0245361328
-0.0115966797
0.0028076172
0.0043334961
0.0159301758
0.0255126953
-0.0067749023
-0.0877075195
-0.0726928711
0.0432739258
-0.0931396484
-0.0827026367
0.0552368164
-0.0869140625
-0.0784301758
0.0098266602
0.0834350586
-0.0355834961
0.0822143555
0.0686035156
-0.0965576172
-0.0736083984
-0.0308837891
-0.0031127930
0.0107421875
0.0059204102
-0.0020141602
-0.0100097656
-0.0112915039
0.0078735352
0.0110473633
-0.0144653320
0.0066528320
0.0090332031
0.0126953125
-0.0101928711
-0.0020751953
0.0031738281
0.0221557617
0.0269165039
0.0035400391
-0.0106811523
0.0184326172
-0.0019531250
0.0231933594
-0.0053100586
0.0087280273
0.0043334961
-0.0112304688
-0.0198974609
0.0011596680
-0.0054321289
-0.0070190430
-0.0156250000
-0.0022583008
