-0.0419311523
-0.0777587891
0.0498046875
-0.0446166992
0.0421142578
0.0242309570
-0.1190795898
-0.0094604492
0.0351562500
-0.1075439453
0.0300292969
0.0688476562
-0.0358886719
-0.0505371094
0.0733032227
0.0440673828
0.0115966797
0.0006103516
0.0113525391
0.0006713867
0.0252685547
0.0231323242
-0.0044555664
0.0053100586
-0.0013427734
0.0030517578
-0.0041503906
0.0271606445
0.0186157227
0.0072021484
0.0091552734
-0.0244750977
-0.0415649414
-0.0287475586
-0.0239868164
0.0469970703
0.0031127930
-0.0407104492
0.0496826172
-0.0413208008
-0.0689697266
-0.0189819336
-0.0112304688
-0.0424804688
0.0366210938
-0.0325927734
0.0375366211
0.0434570312
-0.2811279297
0.2002563477
0.3312988281
-0.2479858398
0.2610473633
-0.2374267578
-0.1921997070
0.2016601562
-0.2503662109
-0.2174682617
-0.2589111328
-0.2066650391
0.2824707031
0.2469482422
-0.1960449219
0.2138061523
-0.0197753906
-0.0082397461
0.0062866211
-0.0300903320
0.0068359375
0.0117797852
0.0031738281
0.0298461914
-0.0116577148
-0.0148925781
0.0344238281
-0.0159301758
0.0023193359
0.0260009766
-0.0166625977
0.0223999023
-0.0573730469
-0.1749877930
0.0670166016
0.0969238281
-0.1439819336
0.2163696289
-0.1132202148
0.1931762695
0.1683959961
-0.0927734375
0.1708984375
-0.1614379883
0.1935424805
0.0956420898
0.2175292969
0.2438964844
0.0127563477
0.0089111328
-0.0026245117
0.0148925781
-0.0151367188
0.0118408203
0.0034790039
0.0347290039
-0.0214233398
0.0028076172
0.0026855469
0.0292968750
0.0067138672
-0.0152587891
0.0067749023
-0.0181274414
-0.0065307617
-0.0599365234
0.0604248047
-0.0227050781
-0.0891723633
0.0454711914
-0.1082153320
-0.0465698242
-0.0632324219
0.1124267578
0.0233764648
0.0721435547
0.0184326172
-0.0898437500
-0.0422363281
-0.0957031250
0.0180053711
-0.0081787109
-0.0175170898
0.0236206055
0.0379028320
0.0068359375
0.0107421875
-0.0419311523
0.0325927734
0.0093994141
0.0081176758
-0.0099487305
0.0283203125
0.0071411133
-0.0078125000
-0.0156250000
0.0751342773
-0.0128784180
0.0035400391
0.0632934570
0.0062866211
-0.0236206055
-0.0372314453
-0.0309448242
-0.0142211914
0.0234375000
-0.0302124023
0.0231933594
0.0629272461
-0.0137939453
-0.0061645508
0.0133666992
