-0.0794677734
-0.0725708008
0.0407104492
-0.0923461914
-0.0303344727
-0.0108032227
-0.0844726562
0.0272827148
-0.0621337891
-0.0696411133
0.1016235352
0.0360107422
-0.0310668945
-0.1006469727
0.0118408203
0.0544433594
-0.3148193359
0.3252563477
0.1182250977
-0.3457641602
0.0312500000
0.2644042969
-0.0059204102
0.3410644531
0.3557128906
0.0787963867
0.0937500000
0.0564575195
0.1978759766
-0.3601074219
-0.0726318359
-0.0393066406
-0.0604858398
-0.0296630859
-0.0684204102
0.0436401367
0.0114746094
-0.0696411133
0.0257568359
-0.0742187500
-0.0556030273
-0.1198120117
-0.0119018555
-0.0516357422
0.0675048828
-0.0375366211
0.0136108398
0.0909423828
-0.0029296875
0.0393676758
0.0663452148
-0.0919799805
0.0079345703
-0.0394897461
-0.0440063477
0.0363769531
-0.0338134766
-0.0570068359
-0.0749511719
-0.0762939453
0.0852661133
0.0295410156
-0.0333251953
0.0147705078
-0.1077880859
-0.0447387695
-0.0704345703
-0.0003051758
-0.0231933594
-0.0756225586
0.0410766602
0.0645751953
0.1058349609
-0.1111450195
0.0270385742
-0.1053466797
0.0993041992
0.0820922852
0.0146484375
0.0265502930
-0.0173339844
-0.0396728516
0.0060424805
0.0092773438
0.0066528320
0.0560302734
0.0017700195
0.0338745117
0.0652465820
-0.0133056641
0.0562744141
-0.0333251953
-0.0029907227
0.0352783203
0.0442504883
0.0430908203
0.0204467773
-0.0028686523
0.0272827148
-0.0040893555
0.0102539062
-0.0084838867
0.0021362305
0.0216674805
0.0108032227
-0.0100708008
-0.0159912109
-0.0014038086
-0.0209350586
-0.0106201172
-0.0017089844
0.0409545898
-0.1386718750
-0.1573486328
-0.0054931641
-0.0045166016
-0.1518554688
0.1266479492
-0.1332397461
-0.1224975586
-0.0186767578
0.0878906250
-0.0236206055
0.1369018555
0.0426025391
-0.1447753906
-0.0468750000
-0.0738525391
-0.0390014648
0.0213623047
-0.0145263672
-0.0278320312
-0.0255126953
0.0067138672
0.0131835938
0.0441894531
-0.0158081055
0.0422363281
0.0609130859
0.0626220703
0.0388183594
-0.0201416016
-0.0190429688
0.0292968750
0.0041503906
-0.0192871094
-0.0379028320
0.0343017578
-0.0747680664
-0.0415039062
-0.0145263672
-0.0392456055
-0.0297851562
-0.0119018555
-0.0146484375
0.0342407227
0.0020141602
0.0148315430
-0.0069580078
-0.0375366211
