-0.1353759766
-0.1931152344
0.1318969727
-0.1220092773
0.0664672852
-0.1352539062
-0.1832275391
0.0815429688
0.0046386719
-0.1279296875
0.1785278320
0.1353759766
-0.1445312500
-0.1697387695
0.0452880859
0.1789550781
-0.2993164062
0.3242797852
0.1396484375
-0.3455200195
-0.0209960938
0.2457885742
-0.1146850586
0.2998657227
0.3482666016
0.0581054688
-0.0563964844
0.1669921875
0.2607421875
-0.3504028320
-0.0300903320
0.0282592773
-0.0113525391
-0.0211791992
-0.0150756836
0.0410156250
0.0828857422
-0.0464477539
0.0366821289
-0.0245361328
-0.0213623047
-0.0567626953
-0.0280761719
0.0098266602
0.0413208008
-0.0601196289
-0.0209960938
0.0676269531
-0.1264038086
0.1054077148
0.1715698242
-0.1547241211
0.1528930664
-0.1047973633
-0.0994873047
0.1649169922
-0.1579589844
-0.1380004883
-0.1761474609
-0.1651000977
0.1542358398
0.1995239258
-0.1245117188
0.0940551758
-0.0925903320
-0.0377197266
-0.0759277344
-0.0549926758
0.0010375977
-0.0654296875
0.0953979492
0.0510864258
0.0990600586
-0.0922851562
0.0361938477
-0.1003417969
0.0248413086
0.1171875000
0.1127319336
0.0334472656
-0.0671997070
-0.0869750977
0.0623168945
0.0664062500
0.0115356445
0.0534057617
-0.0177612305
0.0867919922
0.0881347656
-0.0072631836
0.0379028320
-0.0465087891
0.0593261719
0.1120605469
0.0462646484
0.0368041992
0.0005493164
0.0064697266
0.0059814453
0.0200805664
-0.0190429688
0.0113525391
0.0134887695
0.0052490234
0.0080566406
-0.0058593750
0.0014648438
0.0109863281
-0.0041503906
0.0069580078
-0.0173950195
0.0056762695
-0.1143798828
-0.1249389648
0.0414428711
0.0010375977
-0.1321411133
0.0903930664
-0.1330566406
-0.0736083984
-0.0007934570
0.0715942383
-0.0292358398
0.1256713867
0.0327148438
-0.1109619141
-0.0447998047
-0.1261596680
0.0022583008
-0.0062866211
0.0239257812
-0.0012207031
0.0196533203
0.0344238281
-0.0078735352
-0.0006103516
0.0098876953
0.0074462891
0.0274047852
-0.0101928711
0.0000000000
-0.0137939453
0.0122680664
-0.0062866211
0.0404663086
0.0097656250
-0.0270385742
0.0599975586
-0.0295410156
0.0012817383
-0.0226440430
-0.0125122070
-0.0029907227
0.0200195312
-0.0189208984
0.0355224609
0.0271606445
-0.0023803711
-0.0228881836
-0.0310058594
