-0.0910034180
-0.1161499023
0.0680541992
-0.1178588867
0.0106201172
-0.0367431641
-0.1267089844
0.0430908203
-0.0283813477
-0.0698242188
0.1182861328
0.0675048828
-0.0607910156
-0.1370849609
0.0268554688
0.1028442383
-0.3182373047
0.3341674805
0.1260986328
-0.3438110352
0.0535888672
0.2670288086
-0.0968627930
0.3314208984
0.3331298828
0.1100463867
-0.0102539062
0.1197509766
0.2440795898
-0.3415527344
0.0092773438
-0.0153808594
-0.1093750000
-0.0695800781
-0.0880126953
0.0910034180
0.0746459961
-0.1450195312
0.1462402344
-0.0563964844
-0.1420898438
-0.1132202148
-0.1143188477
-0.0172729492
0.0440063477
-0.0709228516
0.0320434570
0.1245727539
-0.0888671875
0.0972900391
0.0982666016
-0.1313476562
0.0955200195
-0.0846557617
-0.1000976562
0.0967407227
-0.1237182617
-0.1198120117
-0.1105957031
-0.1578979492
0.1412353516
0.1364746094
-0.0613403320
0.0903930664
-0.0877075195
0.0009155273
-0.0928955078
-0.0115356445
0.0055541992
-0.0669555664
0.1003417969
0.0999145508
0.1000976562
-0.0845336914
0.0678100586
-0.0757446289
0.0363769531
0.1181640625
0.0894165039
0.0048828125
-0.0180053711
-0.0261840820
-0.0011596680
0.0319213867
0.0094604492
0.0267333984
0.0009765625
0.0546264648
0.0379638672
-0.0214233398
0.0089111328
-0.0109863281
0.0200805664
0.0054931641
0.0159301758
-0.0105590820
0.0180053711
-0.0004272461
0.0117187500
0.0053710938
-0.0007324219
0.0039062500
-0.0029907227
0.0062255859
0.0083007812
-0.0077514648
0.0236206055
0.0035400391
0.0180664062
0.0040283203
-0.0198364258
0.0049438477
-0.1987915039
-0.2027587891
0.0364379883
0.0135498047
-0.1774291992
0.1720581055
-0.2022705078
-0.0890502930
0.0086059570
0.1408081055
-0.0603637695
0.2021484375
0.0640258789
-0.1939697266
-0.0614013672
-0.1565551758
-0.0555419922
0.0277709961
0.0430297852
-0.0197753906
0.0018920898
0.0120849609
0.0286254883
0.0303955078
-0.0191040039
-0.0098876953
0.0045166016
0.0387573242
0.0080566406
0.0185546875
-0.0220336914
0.0001831055
0.0482788086
0.0142822266
-0.0374145508
0.0507812500
-0.0385131836
-0.0078125000
-0.0298461914
-0.0457153320
-0.0131225586
-0.0053100586
-0.0411987305
0.0610351562
-0.0098266602
0.0270385742
-0.0181274414
-0.0485229492
