-0.0182495117
-0.0202636719
0.0429077148
-0.0081787109
0.0057373047
0.0346679688
-0.0256347656
-0.0039062500
0.0305175781
-0.0281982422
0.0477905273
0.0079956055
0.0062866211
-0.0098876953
0.0263061523
0.0364990234
0.0653686523
-0.0131835938
-0.0035400391
0.0613403320
0.0052490234
-0.0097045898
0.0183105469
-0.0969238281
-0.0784912109
0.0196533203
0.0343017578
-0.0081176758
0.0270385742
0.0633544922
-0.0186767578
-0.0695190430
-0.1140136719
-0.0101318359
-0.0889282227
0.0502929688
0.0149536133
-0.1148071289
0.1186523438
0.0015869141
-0.0809326172
-0.0264892578
-0.0484619141
-0.0140991211
0.0388183594
-0.0628051758
0.0581054688
0.1173095703
-0.1921997070
0.1917724609
0.2896728516
-0.3186035156
0.2563476562
-0.2482299805
-0.2302246094
0.1157226562
-0.2237548828
-0.2857055664
-0.2967529297
-0.1876831055
0.2120361328
0.2525024414
-0.2247924805
0.2681884766
-0.0039062500
0.0202026367
0.0104980469
-0.0126342773
0.0195922852
0.0078735352
0.0103759766
-0.0197143555
-0.0001220703
-0.0024414062
0.0279541016
-0.0083618164
0.0110473633
0.0059204102
-0.0053710938
0.0325317383
-0.1105346680
-0.2047119141
0.0276489258
0.2125854492
-0.0728149414
0.2673950195
-0.1513061523
0.1458129883
0.2196655273
-0.0866088867
0.2307128906
-0.1611938477
0.2321777344
0.1329956055
0.2587890625
0.3365478516
0.0175170898
0.0182495117
0.0244140625
0.0073852539
0.0071411133
-0.0061645508
0.0093383789
0.0127563477
-0.0050048828
0.0106811523
0.0144653320
0.0335693359
0.0027465820
0.0155029297
0.0064697266
-0.0032348633
-0.0118408203
-0.0203857422
0.0339355469
-0.0333251953
-0.0551757812
0.0764160156
-0.0537719727
-0.1028442383
0.0032958984
0.1018676758
0.0264892578
0.0349121094
0.0453491211
-0.0488281250
-0.0291137695
-0.0390625000
0.0195312500
0.0693969727
0.0074462891
0.0712280273
0.0050659180
0.0493164062
-0.1063842773
-0.0013427734
-0.0090332031
0.0608520508
0.0902099609
-0.0103149414
0.0546264648
0.0080566406
0.0281982422
0.0347900391
0.0135498047
-0.0137939453
-0.0383911133
0.0085449219
-0.0321044922
-0.0701293945
0.0515747070
-0.0825805664
-0.0364379883
-0.0059204102
0.0220336914
0.0667724609
0.0084838867
0.0368652344
-0.0411376953
-0.0442504883
