-0.0319824219
-0.0168457031
0.0426635742
-0.0275878906
0.0111083984
-0.0084228516
-0.0487060547
-0.0223388672
-0.0095214844
-0.0295410156
0.0181884766
0.0031127930
-0.0462036133
-0.0212402344
-0.0080566406
0.0112304688
0.0362548828
-0.0424804688
0.0298461914
0.0624389648
0.0212402344
-0.0037841797
-0.0374755859
-0.0382690430
-0.0581054688
-0.0255126953
0.0041503906
0.0162963867
-0.0435791016
0.0333251953
0.0136108398
-0.0500488281
-0.2332153320
-0.1110229492
-0.1480102539
0.0389404297
0.0473632812
-0.2294921875
0.1735839844
-0.0552978516
-0.1804199219
-0.1975708008
-0.0783691406
-0.1062011719
0.0968017578
-0.0917358398
0.0527343750
0.2318115234
-0.0300292969
0.0772094727
0.1364746094
-0.1232299805
0.1720581055
-0.1062011719
-0.1273193359
0.0788574219
-0.0932617188
-0.0731811523
-0.1290893555
-0.0458374023
0.1224975586
0.0886840820
-0.1212768555
0.1047363281
-0.0129394531
0.0121459961
0.0082397461
0.0014648438
0.0006103516
0.0048828125
-0.0102539062
-0.0076904297
-0.0032348633
-0.0014648438
0.0026245117
0.0124511719
0.0091552734
0.0067749023
0.0329589844
0.0220947266
-0.1586914062
-0.2477416992
0.0411376953
0.1881713867
-0.1385498047
0.2679443359
-0.2072753906
0.2042236328
0.3081054688
-0.1397705078
0.2062377930
-0.2175903320
0.2507324219
0.1963500977
0.2517700195
0.3671264648
-0.0327758789
0.0664062500
0.0496826172
0.0457153320
-0.0644531250
-0.0543823242
0.0657348633
0.0872192383
0.0148315430
0.0393066406
-0.0093994141
0.0214233398
0.0251464844
-0.0626831055
-0.0079956055
-0.0833740234
-0.1007690430
-0.1157226562
0.0564575195
-0.0580444336
-0.1210327148
0.1214599609
-0.1512451172
-0.0621948242
-0.0377807617
0.1361083984
-0.0627441406
0.1119995117
0.0288085938
-0.1593627930
-0.0846557617
-0.0687866211
-0.3093872070
0.2647094727
0.0907592773
0.0029296875
-0.3156127930
0.0038452148
-0.0776367188
0.3500366211
-0.3763427734
0.0401611328
0.0590820312
0.3417358398
0.1188354492
-0.2610473633
0.1016235352
0.3071899414
0.1335449219
0.0272827148
-0.0355834961
0.0893554688
0.0062255859
-0.0204467773
-0.0392456055
-0.0549926758
-0.0477294922
0.0899658203
-0.0944213867
0.0462036133
0.0760498047
-0.0294189453
-0.0173339844
-0.0299682617
