-0.0309448242
-0.0575561523
0.1195678711
-0.0436401367
0.0700683594
-0.0522460938
-0.0644531250
-0.0078735352
0.0588378906
-0.0913085938
0.0417480469
0.0098876953
-0.0545043945
-0.0516967773
0.0032348633
0.0330810547
0.0088500977
-0.0097045898
0.0032958984
0.0045776367
0.0194091797
0.0169067383
-0.0073242188
0.0103149414
-0.0018920898
-0.0082397461
0.0136718750
-0.0051269531
-0.0174560547
-0.0031127930
0.0119628906
-0.0190429688
-0.2451171875
-0.0762939453
-0.1353759766
-0.0275878906
-0.0227050781
-0.2014770508
0.2106323242
-0.0052490234
-0.1135253906
-0.1193237305
-0.0932617188
-0.1011352539
0.0911254883
-0.0762939453
-0.0260009766
0.2141113281
-0.1028442383
0.1806030273
0.2932128906
-0.2330932617
0.2606811523
-0.1569213867
-0.1999511719
0.1660766602
-0.2130126953
-0.1970214844
-0.1663818359
-0.1460571289
0.2017211914
0.1554565430
-0.2244873047
0.1856079102
0.0019531250
-0.0126342773
0.0042724609
0.0244140625
0.0010986328
0.0051269531
-0.0061035156
0.0227050781
0.0070190430
0.0101928711
0.0025634766
0.0239257812
0.0061035156
0.0024414062
0.0137329102
0.0005493164
-0.1051635742
-0.1845092773
0.0213623047
0.1477050781
-0.1138916016
0.2086181641
-0.1929931641
0.1311035156
0.2562866211
-0.0642700195
0.1217651367
-0.2112426758
0.1610717773
0.2424926758
0.2067871094
0.2645874023
0.0078125000
-0.0052490234
0.0153808594
-0.0171508789
0.0223388672
-0.0180664062
-0.0199584961
-0.0203857422
0.0052490234
-0.0253295898
0.0228881836
-0.0000610352
0.0144042969
0.0226440430
0.0123291016
0.0106811523
-0.1004028320
-0.1416015625
0.1082763672
-0.1210327148
-0.1771240234
0.1261596680
-0.1819458008
-0.0911865234
-0.0502319336
0.1687011719
-0.0157470703
0.1580810547
0.0908813477
-0.1613159180
-0.0670776367
-0.0756835938
-0.3008422852
0.2753295898
0.1222534180
0.1204833984
-0.3081665039
-0.0066528320
-0.1069335938
0.3367309570
-0.3489379883
0.1140747070
0.1126708984
0.2999877930
0.0415039062
-0.3038330078
0.1880493164
0.3362426758
0.0346679688
0.0215454102
-0.0004272461
0.0626831055
-0.0034179688
0.0002441406
-0.0379028320
-0.0010986328
0.0021362305
0.0203857422
-0.0161132812
-0.0053100586
0.0316162109
-0.0070800781
0.0186157227
-0.0150146484
