0.0019836426
0.0068664551
0.0027770996
0.0012817383
-0.0184631348
0.0136566162
-0.0121307373
0.0058135986
-0.0109405518
-0.0142211914
-0.0027465820
0.0038604736
-0.0073852539
-0.0045776367
-0.0025634766
-0.0023651123
-0.0036468506
0.0052337646
0.0016784668
-0.0041503906
0.0049285889
0.0030212402
-0.0018157959
0.0048828125
0.0049591064
0.0002441406
-0.0097808838
0.0033874512
0.0079193115
-0.0043029785
-0.0021362305
0.0020751953
-0.3590545654
-0.0856781006
-0.2950286865
-0.1085510254
-0.1082611084
-0.3308258057
0.3834991455
0.0156402588
-0.3738403320
-0.3113403320
-0.1688079834
-0.1269378662
0.0041198730
-0.1353912354
0.0964965820
0.3339843750
0.0056762695
-0.0030975342
-0.0298919678
0.0082550049
-0.0144042969
0.0095825195
0.0378417969
-0.0001220703
0.0110626221
0.0094757080
0.0209655762
0.0376586914
-0.0156860352
-0.0151062012
0.0139770508
-0.0457458496
-0.0052947998
-0.0015258789
-0.0060882568
-0.0139007568
0.0010375977
-0.0028228760
0.0086364746
0.0089721680
0.0080566406
-0.0057067871
-0.0007476807
-0.0061187744
-0.0006256104
-0.0002136230
0.0125122070
0.0017700195
0.0072937012
0.0033721924
-0.0028076172
-0.0004119873
0.0153656006
-0.0159301758
0.0061492920
0.0032806396
-0.0086517334
-0.0025787354
-0.0048980713
-0.0011749268
-0.0047454834
-0.0130462646
-0.0085144043
-0.0213623047
0.0070037842
-0.0104980469
-0.0111694336
-0.0128326416
0.0004577637
0.0112915039
-0.0076751709
-0.0009002686
0.0008850098
0.0087432861
0.0107574463
-0.0029144287
-0.0010070801
0.0103149414
-0.0030059814
0.0121612549
0.0223236084
0.0255126953
-0.0210113525
0.0074005127
0.0176696777
-0.0281829834
0.0331573486
-0.0100555420
-0.0092315674
0.0005798340
0.0269012451
-0.0346374512
-0.0015716553
0.0450744629
0.0073394775
0.0224761963
-0.0019836426
0.0062713623
0.0043029785
-0.0014953613
-0.0051116943
-0.0079650879
-0.0077514648
0.0048980713
-0.0041503906
0.0038909912
0.0150756836
0.0026702881
0.0058135986
-0.0049896240
-0.0019378662
0.0108947754
0.0174560547
0.0170288086
0.0031738281
0.0200347900
-0.0088043213
0.0071411133
-0.0265350342
0.0164947510
0.0037384033
0.0224456787
-0.0300445557
-0.0027313232
0.0187225342
-0.0179138184
0.0165405273
0.0043640137
