-0.0062408447
-0.0046844482
0.0039062500
0.0010986328
0.0060424805
0.0171356201
0.0002593994
-0.0086059570
-0.0041809082
0.0009002686
0.0010375977
-0.0042114258
0.0002593994
-0.0048217773
-0.0098724365
0.0043182373
-0.0005340576
-0.0012817383
0.0000610352
-0.0007019043
0.0067443848
-0.0016174316
-0.0020446777
0.0007781982
-0.0003662109
-0.0068359375
-0.0009765625
-0.0089416504
-0.0068969727
0.0000305176
0.0033416748
-0.0025482178
-0.0188903809
-0.0234985352
-0.0028533936
0.0073089600
-0.0053710938
-0.0160980225
0.0034942627
0.0079803467
0.0072326660
-0.0230102539
-0.0025329590
0.0245361328
0.0145721436
-0.0420532227
0.0038452148
0.0296783447
0.0073242188
-0.0138397217
-0.0178222656
0.0189361572
-0.0060729980
0.0126190186
0.0208740234
0.0075225830
0.0136108398
0.0124664307
0.0229187012
-0.0082702637
-0.0282287598
-0.0217742920
0.0195770264
-0.0269622803
0.0016632080
-0.0170898438
-0.0066375732
-0.0030822754
0.0128479004
0.0008544922
-0.0015258789
-0.0053253174
-0.0088806152
-0.0059814453
-0.0109710693
-0.0013732910
-0.0086975098
-0.0071411133
0.0141296387
-0.0050964355
0.0026550293
-0.0067596436
0.0212097168
0.0037536621
-0.0036926270
0.0059204102
-0.0103912354
-0.0013885498
0.0117034912
0.0114898682
0.0023345947
0.0044097900
0.0023651123
0.0314636230
-0.0045471191
0.0117645264
0.0118408203
-0.0041809082
0.0228881836
-0.0192260742
0.0209655762
-0.0106353760
-0.0247802734
-0.0311584473
0.0153198242
-0.0239257812
0.0366668701
-0.0030364990
0.0038452148
0.0135803223
-0.0126342773
0.0059051514
0.0023498535
0.0017395020
-0.0051269531
0.0049896240
-0.0018157959
-0.0045318604
0.0013275146
0.0017242432
-0.0089263916
0.0056152344
-0.0054931641
0.0021820068
-0.0046539307
-0.0062408447
0.0093078613
-0.0238800049
-0.3246765137
0.3277130127
0.0935974121
0.0391235352
-0.3963775635
0.0143585205
-0.0839691162
0.2961120605
-0.3492279053
0.0941619873
0.0342254639
0.2474822998
-0.0156860352
-0.2701263428
0.0596160889
0.3470001221
-0.0322723389
0.0076599121
0.0252075195
-0.0041198730
-0.0108489990
0.0019531250
0.0211181641
0.0035247803
0.0005798340
-0.0067138672
-0.0021209717
-0.0043945312
0.0009918213
0.0199127197
0.0155944824
0.0050354004
