-0.0120544434
-0.0072631836
0.0108642578
-0.0135345459
0.0234527588
-0.0167999268
-0.0265502930
0.0080871582
-0.0020446777
-0.0202484131
0.0051269531
0.0061492920
-0.0274353027
-0.0147705078
-0.0072937012
0.0155944824
0.0080718994
-0.0003662109
-0.0069580078
0.0153045654
-0.0063171387
-0.0034027100
-0.0083160400
-0.0146942139
-0.0159606934
-0.0056610107
-0.0003662109
0.0045471191
0.0019989014
0.0156555176
0.0014343262
-0.0042572021
-0.0494689941
0.0065765381
-0.0296020508
0.0293884277
0.0373687744
-0.0242614746
0.0685424805
-0.0135345459
-0.0147857666
-0.0284729004
-0.0720977783
-0.0424499512
0.0375061035
0.0122375488
-0.0144195557
0.0538940430
-0.1719360352
0.1788024902
0.2846374512
-0.2998962402
0.2563476562
-0.1679382324
-0.2494659424
0.1604766846
-0.2449493408
-0.1912384033
-0.1883392334
-0.2211608887
0.2018280029
0.2893829346
-0.1175231934
0.2371826172
0.0017700195
-0.0175323486
0.0092773438
-0.0047302246
-0.0207977295
0.0004272461
-0.0123748779
0.0000610352
-0.0122985840
0.0025787354
-0.0044097900
0.0011749268
0.0136871338
0.0076751709
-0.0030670166
0.0044097900
0.0086822510
-0.0015869141
-0.0247497559
0.0095977783
0.0026855469
-0.0066223145
0.0212554932
-0.0077362061
0.0240478516
0.0121917725
-0.0049896240
0.0068664551
0.0156250000
0.0073089600
-0.0065917969
-0.0076293945
0.0118560791
-0.0200958252
0.0007324219
-0.0157165527
0.0028533936
0.0167388916
-0.0017547607
0.0021820068
-0.0119323730
0.0023193359
0.0025787354
0.0241546631
-0.0142669678
0.0103912354
0.0215911865
0.0124816895
0.0036315918
0.0040130615
0.0425415039
-0.0102539062
-0.0173187256
0.0184020996
-0.0157012939
-0.0035552979
0.0046386719
-0.0025177002
0.0271606445
0.0006408691
0.0448760986
-0.0170288086
0.0188903809
-0.0344848633
0.0152587891
-0.0074005127
-0.0189971924
0.0203857422
0.0032348633
0.0049438477
0.0020904541
-0.0130615234
0.0009307861
0.0015411377
0.0067443848
-0.0135192871
-0.0131072998
-0.0168914795
-0.0044097900
0.0117797852
-0.0111694336
-0.0089569092
0.0086212158
-0.0038909912
0.0031585693
0.0055541992
0.0034179688
0.0003967285
-0.0036773682
0.0012054443
0.0089416504
-0.0048370361
0.0046234131
-0.0000610352
-0.0041046143
0.0026092529
