-0.0007781982
0.0055541992
-0.0188293457
0.0001068115
-0.0139007568
-0.0036926270
0.0048828125
0.0043029785
-0.0118713379
0.0018920898
-0.0061187744
0.0074920654
0.0123138428
-0.0016479492
0.0134582520
-0.0045013428
-0.3237304688
0.3412628174
0.1180877686
-0.3455047607
0.0052490234
0.2777099609
-0.1003875732
0.3344879150
0.3582916260
0.0385589600
0.0611572266
0.0769500732
0.2073059082
-0.3604431152
-0.0829315186
-0.0500640869
-0.0036773682
-0.0135803223
-0.0129241943
0.0037078857
-0.0000610352
-0.0034484863
0.0054473877
-0.0154571533
0.0050506592
-0.0038146973
0.0115509033
-0.0214843750
0.0096893311
0.0130310059
-0.0009307861
0.0039672852
0.0032196045
-0.0018157959
0.0008239746
-0.0095367432
0.0017547607
0.0072326660
-0.0002136230
-0.0027160645
-0.0056457520
-0.0079650879
0.0064697266
0.0102233887
-0.0058593750
-0.0077514648
-0.0010375977
-0.0153503418
0.0006103516
0.0046539307
0.0020141602
-0.0028839111
-0.0033874512
-0.0004577637
-0.0019226074
-0.0077209473
0.0030670166
-0.0032348633
-0.0028686523
-0.0021514893
0.0045928955
-0.0027313232
0.0012054443
0.0007019043
-0.0031280518
0.0042266846
0.0035400391
-0.0051879883
0.0037689209
-0.0054168701
0.0053863525
-0.0009155273
-0.0025024414
0.0110321045
-0.0115051270
0.0010986328
-0.0045776367
-0.0099029541
-0.0077056885
-0.0265655518
0.0002136230
0.0035705566
0.0046081543
-0.0032501221
0.0009002686
-0.0122833252
0.0026702881
0.0010986328
0.0045471191
0.0056152344
0.0064849854
-0.0024261475
-0.0040130615
-0.0031280518
0.0002593994
-0.0006256104
0.0009460449
-0.0043945312
0.0046234131
0.0096435547
0.0038146973
0.0101470947
-0.0022735596
0.0049591064
-0.0034637451
-0.0020141602
0.0005798340
0.0003662109
-0.0050048828
-0.0021057129
0.0035552979
-0.0059509277
-0.0097656250
0.0052642822
-0.0035247803
-0.0004730225
-0.0051116943
-0.0057373047
0.0035552979
0.0075531006
-0.0067901611
-0.0052185059
-0.0041656494
0.0083618164
0.0012512207
-0.0073242188
0.0104064941
0.0038299561
-0.0030822754
-0.0152130127
-0.0009765625
0.0068511963
0.0002441406
-0.0043945312
-0.0015716553
-0.0060577393
0.0002593994
0.0027313232
-0.0137176514
0.0066375732
0.0047607422
-0.0158538818
0.0222930908
-0.0073089600
