0.0007629395
-0.0087127686
0.0121002197
0.0119628906
-0.0110626221
0.0153808594
0.0003814697
0.0193786621
0.0030822754
0.0013580322
-0.0016632080
0.0065155029
0.0136108398
0.0260467529
0.0171966553
0.0001983643
0.0144042969
-0.0101623535
-0.0207672119
0.0294952393
0.0144042969
-0.0163421631
-0.0008087158
-0.0286560059
-0.0282135010
0.0158538818
-0.0015258789
-0.0207824707
0.0003662109
0.0294647217
0.0037994385
-0.0074005127
-0.0525360107
-0.0121917725
0.0020294189
0.0162963867
0.0053710938
-0.0492553711
0.0562438965
-0.0118408203
-0.1738586426
-0.0252380371
-0.0150604248
0.0119628906
-0.0434112549
-0.0403900146
0.0376129150
-0.0207977295
-0.1148223877
0.0558319092
0.0625610352
-0.1448516846
0.0805206299
-0.1291961670
-0.1305847168
0.0369567871
-0.1089324951
-0.0960540771
-0.1560974121
-0.0760345459
0.0887908936
0.1346282959
-0.1599578857
0.0944061279
-0.0019683838
0.0023651123
-0.0030822754
0.0009002686
-0.0012054443
-0.0007781982
0.0040435791
-0.0077514648
0.0042877197
-0.0061645508
-0.0043334961
-0.0108337402
0.0032348633
-0.0053863525
-0.0021972656
0.0055999756
0.0068206787
0.0070800781
-0.0164642334
0.0023651123
-0.0058593750
0.0052795410
0.0141296387
0.0064544678
0.0012512207
-0.0064086914
-0.0173187256
0.0095520020
0.0099334717
0.0037994385
0.0000610352
0.0054321289
0.0044097900
0.0036010742
0.0008239746
-0.0014190674
0.0065307617
-0.0001373291
-0.0132904053
-0.0066070557
0.0109558105
0.0090789795
0.0046081543
0.0029602051
-0.0001983643
0.0107269287
-0.0010681152
0.0077667236
0.0034637451
-0.0049743652
-0.0028228760
0.0181579590
0.0023651123
0.0023040771
0.0014953613
0.0062713623
0.0046997070
-0.0062561035
-0.0044860840
-0.0042419434
-0.0093994141
0.0035400391
0.0073089600
0.0019378662
-0.1762542725
0.1539611816
-0.0425872803
-0.0310821533
-0.1746368408
-0.0220489502
-0.0235900879
0.2065734863
-0.1618652344
-0.0342102051
0.0162353516
0.1795654297
0.1475830078
-0.0492401123
-0.0232849121
0.1463775635
0.0197601318
0.0018615723
-0.0095977783
0.0073699951
-0.0014343262
0.0003662109
-0.0131072998
-0.0066680908
-0.0050811768
0.0133972168
-0.0147857666
0.0035247803
0.0075225830
-0.0108032227
0.0051727295
0.0016784668
