-0.0024719238
-0.0033721924
-0.0030059814
-0.0042724609
0.0099945068
0.0043182373
-0.0012054443
-0.0048522949
-0.0014801025
0.0051574707
-0.0057983398
0.0081329346
0.0057220459
0.0104980469
0.0000152588
0.0048828125
-0.0004577637
0.0082244873
-0.0113983154
0.0100250244
0.0065612793
-0.0006713867
-0.0067596436
-0.0096130371
-0.0090179443
0.0033264160
-0.0030059814
0.0019531250
0.0112457275
0.0097656250
0.0105285645
-0.0186767578
0.0037536621
0.0020294189
0.0204315186
-0.0080413818
-0.0010070801
0.0090942383
0.0053253174
0.0101928711
0.0073394775
0.0221252441
-0.0135345459
0.0175476074
0.0020904541
-0.0278472900
-0.0096740723
-0.0164337158
-0.2637023926
0.1986083984
0.2916412354
-0.2630004883
0.2725067139
-0.1921081543
-0.2049102783
0.1143341064
-0.2232360840
-0.2859191895
-0.2552032471
-0.1511535645
0.2053833008
0.2477264404
-0.2574157715
0.2861022949
0.0041809082
-0.0078735352
0.0009460449
-0.0072326660
0.0017700195
0.0040283203
0.0002136230
-0.0014648438
0.0035858154
0.0023345947
-0.0016632080
-0.0017852783
0.0001373291
-0.0025177002
-0.0019378662
0.0008544922
-0.0030670166
-0.0058288574
0.0128021240
0.0028228760
0.0039520264
0.0025024414
-0.0034637451
-0.0192565918
0.0065155029
-0.0071868896
-0.0049133301
-0.0290069580
0.0050811768
0.0036010742
-0.0048675537
-0.0005340576
0.0038604736
0.0033416748
-0.0049285889
0.0035095215
0.0019683838
-0.0003509521
0.0001831055
-0.0005187988
-0.0005798340
-0.0093231201
-0.0019989014
0.0016632080
-0.0030975342
0.0005187988
0.0106048584
-0.0064239502
0.0185394287
0.0360260010
-0.0191345215
0.0086669922
0.0232086182
-0.0143127441
0.0319519043
0.0320739746
-0.0183258057
-0.0335998535
-0.0000610352
-0.0371246338
-0.0178070068
0.0275421143
0.0238037109
-0.0113677979
0.0040893555
-0.0048217773
0.0086975098
-0.0020446777
-0.0001220703
0.0039062500
0.0066223145
-0.0055999756
-0.0109252930
-0.0054168701
-0.0205993652
-0.0058135986
-0.0108032227
-0.0052795410
-0.0197448730
0.0025634766
0.0049133301
-0.0072479248
-0.0005035400
-0.0014190674
0.0044250488
0.0017242432
0.0021209717
-0.0047454834
0.0014038086
0.0004425049
-0.0127105713
0.0013122559
-0.0035095215
-0.0008392334
0.0109863281
0.0013580322
