0.0007934570
0.0073852539
-0.0050964355
0.0006103516
0.0171508789
-0.0080718994
-0.0059814453
0.0217590332
-0.0046234131
-0.0090637207
-0.0118255615
-0.0017700195
0.0032653809
0.0013885498
0.0072021484
-0.0120544434
-0.0194702148
0.0325164795
-0.0049896240
-0.0262756348
-0.0272827148
0.0169372559
-0.0090484619
0.0245819092
0.0248260498
0.0166931152
-0.0093231201
0.0065155029
0.0271606445
-0.0266723633
-0.0048065186
0.0393371582
-0.0186462402
-0.0190277100
0.0306243896
0.0612640381
0.0432586670
0.0222167969
0.0117034912
-0.0192108154
-0.0301208496
0.0147399902
-0.0513000488
-0.0131378174
0.0429687500
0.0472106934
0.0411987305
-0.0106048584
-0.0415649414
0.0185852051
0.0076141357
0.0143585205
0.0594787598
-0.0141143799
-0.0314636230
0.0238800049
-0.0300445557
-0.0153961182
0.0135345459
-0.0399780273
-0.0005798340
0.0494995117
0.0057525635
0.0087280273
-0.0071258545
-0.0146484375
-0.0045013428
0.0190124512
-0.0357971191
-0.0092468262
0.0122985840
0.0150604248
0.0139312744
0.0017547607
-0.0217285156
-0.0146179199
-0.0025787354
0.0317840576
-0.0061187744
-0.0120086670
-0.0066375732
0.0173645020
-0.0036468506
0.0006713867
0.0208892822
-0.0224761963
0.0285034180
-0.0009155273
-0.0167541504
0.0217742920
-0.0158386230
0.0194702148
-0.0026397705
-0.0214538574
-0.0132293701
-0.0454101562
0.0459442139
-0.0113830566
0.0068817139
-0.0189514160
0.0108642578
0.0094757080
-0.0122375488
-0.0181274414
-0.0139770508
0.0093994141
0.0074005127
0.0130004883
-0.0028686523
0.0144042969
-0.0287475586
0.0120391846
-0.2701568604
-0.3203430176
0.1066589355
-0.0473480225
-0.1868438721
0.1186065674
-0.2470550537
-0.0701599121
0.0652160645
0.1747589111
-0.0857543945
0.3168640137
0.1219635010
-0.3238525391
-0.0936279297
-0.2741241455
-0.0159912109
0.0169677734
0.0038909912
-0.0122222900
-0.0143737793
-0.0065765381
0.0016326904
0.0096740723
0.0057220459
-0.0206146240
-0.0037078857
0.0043334961
-0.0030364990
0.0108337402
-0.0026550293
0.0008087158
0.0328216553
-0.0067443848
0.0029296875
0.0348052979
0.0252380371
0.0013427734
-0.0185241699
-0.0148620605
-0.0133361816
0.0178833008
-0.0056610107
0.0014343262
0.0303955078
0.0429992676
0.0274658203
-0.0068511963
