0.0040435791
0.0084533691
-0.0050201416
0.0029907227
0.0046234131
0.0070800781
0.0022583008
0.0011596680
-0.0075683594
0.0103912354
-0.0083312988
0.0004119873
-0.0027008057
0.0032653809
0.0040283203
-0.0039978027
0.0008544922
-0.0001220703
-0.0025024414
0.0031890869
-0.0012207031
-0.0020446777
0.0027160645
-0.0032501221
-0.0031890869
-0.0010070801
-0.0003509521
0.0000152588
0.0021057129
0.0040740967
-0.0033111572
-0.0044250488
0.0035400391
-0.0054473877
0.0117645264
0.0094146729
0.0066375732
-0.0056457520
-0.0131530762
-0.0146942139
-0.0092163086
-0.0052795410
0.0007934570
-0.0042572021
0.0092620850
-0.0250396729
0.0020294189
-0.0025939941
-0.0026245117
0.0038757324
0.0102691650
-0.0009155273
0.0058746338
0.0005798340
-0.0005798340
0.0094299316
0.0023498535
-0.0004730225
-0.0004272461
-0.0066375732
0.0055847168
0.0000000000
-0.0021667480
0.0041198730
0.0026550293
0.0095672607
0.0033874512
-0.0013885498
0.0015563965
0.0019073486
-0.0006103516
0.0010223389
0.0020294189
0.0031280518
0.0032196045
0.0054931641
-0.0034484863
-0.0009918213
0.0056457520
0.0062408447
-0.0031433105
0.0009307861
0.0004425049
-0.0118103027
0.0000610352
0.0101165771
0.0004577637
0.0034332275
0.0132293701
0.0043792725
0.0034790039
-0.0068664551
0.0070343018
-0.0028686523
-0.0017547607
-0.0009613037
-0.1147308350
0.2742919922
-0.0048217773
0.3189544678
-0.2581939697
-0.1777954102
0.3489990234
0.2917175293
-0.0876159668
0.1528625488
-0.3751525879
0.1153869629
0.0055847168
-0.3378448486
0.0983734131
-0.3058319092
-0.0026702881
-0.0005187988
-0.0043182373
0.0039062500
0.0021209717
0.0057525635
0.0012054443
0.0043640137
0.0064392090
-0.0040130615
-0.0053253174
-0.0037689209
-0.0087890625
0.0018157959
0.0027160645
-0.0004425049
0.0158538818
-0.0186920166
0.0014190674
0.0085296631
0.0207061768
0.0170135498
-0.0001525879
-0.0178680420
0.0133514404
0.0036773682
0.0100250244
-0.0149536133
-0.0088195801
-0.0070800781
0.0034027100
-0.0142517090
-0.0018920898
0.0041198730
0.0041198730
-0.0015563965
0.0003509521
-0.0010375977
0.0027770996
-0.0004425049
-0.0001983643
-0.0002746582
-0.0041809082
0.0002441406
-0.0009613037
0.0050506592
0.0005493164
0.0002441406
