-0.0114746094
-0.0066223145
0.0079956055
-0.0102996826
0.0100250244
-0.0149993896
-0.0059814453
0.0206146240
0.0163421631
-0.0197601318
0.0133056641
0.0056610107
-0.0115203857
-0.0222473145
0.0325164795
0.0075683594
0.0021972656
-0.0001373291
-0.0029144287
0.0021972656
-0.0037536621
-0.0035247803
0.0056610107
-0.0016174316
-0.0023498535
0.0050506592
-0.0072174072
-0.0043334961
0.0053558350
0.0016326904
-0.0018768311
0.0048217773
-0.0042572021
0.0080413818
-0.0049743652
0.0131835938
0.0160064697
-0.0010833740
-0.0004425049
-0.0074157715
-0.0027770996
-0.0028686523
-0.0133972168
0.0069732666
0.0188903809
-0.0003967285
-0.0056915283
0.0050201416
0.0034790039
0.0030517578
-0.0012817383
-0.0009918213
0.0015716553
-0.0055084229
0.0031585693
0.0040130615
-0.0021057129
0.0025634766
0.0027770996
-0.0006866455
0.0002441406
0.0041809082
-0.0024414062
0.0017395020
-0.2875213623
-0.0021972656
-0.2742767334
-0.0039062500
-0.0007476807
-0.3011779785
0.3841247559
0.2975769043
0.2917480469
-0.2362365723
-0.1196899414
-0.2930145264
0.0193328857
0.3203887939
0.0286254883
-0.1584472656
-0.0030822754
0.0015411377
-0.0346832275
0.0103607178
0.0270080566
-0.0182342529
0.0180053711
0.0077209473
-0.0069580078
-0.0202636719
-0.0003204346
0.0099334717
-0.0074615479
-0.0146484375
-0.0057830811
-0.0189056396
0.0042419434
-0.0013427734
-0.0038604736
0.0090484619
-0.0070037842
0.0115966797
0.0063629150
0.0082550049
-0.0091705322
-0.0025329590
-0.0123138428
-0.0141448975
-0.0087890625
-0.0022735596
-0.0096130371
0.0039825439
-0.0011749268
0.0054779053
-0.0075073242
-0.0001220703
0.0073089600
0.0019683838
0.0043640137
0.0073699951
0.0101776123
-0.0072326660
-0.0121307373
0.0029296875
-0.0084838867
-0.0026092529
0.0114898682
-0.0040588379
0.0097808838
0.0039520264
-0.0182800293
0.0074310303
0.0084991455
-0.0041351318
-0.0211944580
-0.0177459717
0.0184478760
0.0163574219
0.0184173584
-0.0204772949
0.0054321289
0.0171051025
-0.0151672363
-0.0025177002
0.0140228271
0.0099945068
-0.0107116699
-0.0013427734
-0.0015869141
0.0021209717
0.0054473877
-0.0109710693
0.0016326904
-0.0086059570
-0.0064697266
0.0027770996
-0.0067749023
-0.0030975342
-0.0091094971
-0.0075988770
