0.0070495605
0.0075988770
-0.0090026855
-0.0010833740
-0.0173339844
0.0004272461
0.0000305176
0.0011291504
-0.0131835938
-0.0063171387
-0.0077056885
0.0081176758
-0.0013580322
-0.0079193115
0.0083160400
-0.0023345947
-0.3070983887
0.3394927979
0.1041259766
-0.3382263184
0.0015716553
0.2660369873
-0.0789794922
0.3353576660
0.3493957520
0.1417388916
-0.0816497803
0.1146087646
0.2682342529
-0.3533325195
0.0116882324
0.0123748779
-0.0014190674
-0.0050964355
0.0115814209
0.0113067627
0.0137023926
0.0050506592
0.0019531250
-0.0016632080
-0.0027770996
0.0071868896
-0.0044250488
0.0096740723
0.0042114258
-0.0074005127
0.0026092529
-0.0080718994
0.0052947998
-0.0086517334
-0.0108184814
-0.0008544922
0.0006256104
0.0083770752
-0.0041198730
0.0041961670
-0.0085754395
0.0014343262
0.0148773193
0.0162200928
-0.0141754150
-0.0134429932
-0.0015869141
-0.0254058838
0.0001831055
0.0074920654
-0.0013732910
0.0000305176
0.0106506348
0.0027770996
0.0085144043
-0.0020904541
-0.0083007812
0.0102386475
0.0068359375
-0.0074768066
0.0036315918
0.0045928955
0.0114593506
0.0075378418
0.0032653809
0.0045471191
0.0009155273
-0.0009155273
0.0089721680
-0.0135803223
0.0157318115
-0.0013732910
-0.0025177002
0.0043182373
-0.0150604248
0.0058746338
-0.0036315918
-0.0056152344
-0.0090942383
-0.0378112793
0.0022430420
-0.0052947998
-0.0039520264
-0.0008697510
-0.0021972656
0.0068817139
-0.0014495850
0.0002288818
-0.0019683838
-0.0083312988
0.0017547607
-0.0028686523
0.0132293701
0.0001373291
-0.0021362305
0.0002288818
0.0057830811
0.0034027100
0.0045013428
0.0021820068
0.0018768311
-0.0036468506
0.0016784668
0.0071258545
-0.0089721680
-0.0045318604
0.0015411377
-0.0051574707
0.0010681152
0.0017242432
0.0034027100
-0.0049438477
-0.0092010498
-0.0010375977
0.0120697021
-0.0059814453
0.0047302246
0.0096588135
0.0088195801
0.0005340576
0.0059051514
-0.0137481689
-0.0088653564
-0.0019683838
-0.0168151855
0.0070953369
0.0087585449
-0.0121459961
0.0071716309
-0.0032958984
-0.0008087158
0.0068054199
-0.0056915283
0.0045928955
-0.0043487549
-0.0021667480
0.0047454834
-0.0011138916
-0.0069885254
-0.0015563965
0.0024566650
-0.0099182129
0.0071868896
-0.0004882812
