0.0051269531
0.0106201172
-0.0090942383
0.0059051514
0.0070800781
0.0033874512
0.0034332275
0.0033569336
-0.0071868896
0.0098266602
-0.0095214844
-0.0147247314
0.0075073242
0.0046691895
-0.0068206787
-0.0128631592
0.0002593994
0.0012969971
-0.0021209717
0.0010528564
0.0025024414
-0.0007934570
-0.0012512207
0.0000000000
0.0000152588
0.0053558350
0.0011596680
0.0016174316
0.0069885254
0.0000762939
0.0005950928
-0.0072631836
0.0091094971
0.0038146973
0.0212860107
-0.0006866455
-0.0058135986
0.0027923584
-0.0035095215
-0.0050659180
-0.0005645752
-0.0027618408
0.0060424805
-0.0065612793
-0.0040435791
0.0017852783
-0.0065307617
-0.0049285889
0.0041046143
0.0073852539
0.0052337646
-0.0139923096
-0.0047302246
0.0059204102
0.0003509521
-0.0034179688
0.0000000000
-0.0012969971
0.0022735596
0.0075683594
0.0101318359
0.0054016113
0.0029144287
-0.0003662109
-0.0074615479
0.0066375732
-0.0036315918
0.0102081299
0.0022888184
-0.0072631836
0.0030212402
0.0025329590
0.0154418945
-0.0173645020
0.0072479248
-0.0008850098
-0.0158386230
0.0027160645
-0.0016632080
0.0088195801
0.0019531250
-0.0007934570
-0.0054016113
0.0049591064
0.0043334961
-0.0038757324
0.0052032471
0.0053863525
-0.0064086914
0.0020141602
0.0049438477
0.0008392334
-0.0074920654
-0.0006103516
0.0037231445
0.0041656494
0.0917358398
0.3345336914
0.1824188232
0.2102813721
-0.2744598389
-0.2369842529
0.2921752930
0.2613677979
0.0734100342
0.1095581055
-0.1711425781
-0.0583648682
0.2932281494
-0.3298034668
-0.2641601562
-0.3519744873
-0.0043792725
0.0061035156
-0.0175323486
0.0306396484
0.0162048340
0.0139617920
0.0144195557
-0.0059051514
0.0305633545
-0.0028076172
-0.0226593018
0.0034332275
-0.0296630859
0.0027465820
0.0136260986
-0.0056152344
0.0051879883
-0.0016479492
0.0074768066
0.0105285645
0.0020294189
0.0014495850
0.0045928955
-0.0037994385
-0.0014953613
-0.0031127930
-0.0011749268
-0.0029449463
0.0061950684
-0.0018310547
-0.0031433105
0.0009155273
-0.0177001953
0.0133819580
0.0035400391
-0.0030364990
-0.0067138672
-0.0075531006
-0.0027008057
0.0064544678
-0.0046844482
0.0076599121
0.0043792725
0.0057067871
0.0053710938
0.0096893311
-0.0029754639
-0.0050506592
