0.0034790039
0.0032806396
-0.0050811768
0.0021972656
0.0023040771
0.0105133057
0.0033874512
-0.0057525635
-0.0160217285
0.0086212158
-0.0055694580
0.0123901367
0.0001983643
0.0003509521
0.0081481934
-0.0005340576
-0.2953948975
0.3303833008
0.1215820312
-0.3377838135
-0.1220092773
0.2550048828
-0.0748138428
0.3189086914
0.3535461426
0.0160522461
0.0683441162
0.1053009033
0.2310638428
-0.3548431396
-0.1648101807
0.0098114014
0.0015716553
-0.0097503662
-0.0045013428
0.0027160645
0.0043487549
0.0034332275
0.0017547607
-0.0018768311
0.0029296875
0.0042266846
0.0130615234
-0.0064544678
-0.0003814697
0.0052337646
-0.0028076172
-0.0065765381
-0.0039978027
-0.0049285889
-0.0017242432
-0.0059509277
-0.0078735352
0.0046539307
-0.0021209717
0.0066375732
-0.0051727295
-0.0014343262
0.0020751953
-0.0016021729
-0.0112609863
-0.0025024414
-0.0024261475
-0.0076293945
0.0045623779
0.0188903809
0.0035095215
0.0073242188
-0.0008544922
0.0001068115
0.0023498535
-0.0028533936
0.0099334717
-0.0014801025
-0.0021057129
0.0072021484
-0.0043029785
-0.0054779053
0.0104370117
-0.0016479492
0.0089416504
0.0116119385
0.0129241943
-0.0023651123
0.0084838867
-0.0134124756
0.0225524902
-0.0075073242
-0.0176544189
0.0206756592
-0.0177154541
0.0044860840
-0.0030975342
-0.0094299316
-0.0163116455
-0.0301971436
-0.0033569336
0.0033416748
0.0065460205
-0.0040740967
0.0008850098
-0.0032806396
0.0012817383
0.0040283203
0.0026702881
0.0016021729
0.0011901855
0.0005798340
0.0009613037
-0.0062255859
-0.0037231445
-0.0073852539
0.0159759521
0.0014953613
0.0178222656
-0.0073394775
0.0283355713
-0.0233764648
0.0019836426
0.0390930176
-0.0187835693
-0.0169830322
0.0071563721
-0.0054931641
-0.0041656494
0.0020599365
-0.0011291504
-0.0074157715
-0.0053100586
0.0013732910
-0.0031585693
0.0164947510
0.0014648438
0.0105895996
-0.0069580078
0.0087890625
-0.0047149658
-0.0053100586
0.0130920410
0.0131988525
0.0037078857
0.0007629395
-0.0211639404
0.0061035156
-0.0025482178
-0.0013122559
0.0014953613
-0.0015106201
0.0021209717
0.0027923584
0.0042419434
-0.0007476807
0.0063934326
-0.0066070557
-0.0013580322
-0.0018005371
-0.0050659180
-0.0003204346
0.0021820068
-0.0004272461
