0.0027313232
-0.0025939941
-0.0085296631
-0.0011901855
-0.0064849854
0.0137634277
-0.0001220703
-0.0177612305
-0.0095977783
0.0020904541
0.0097198486
0.0071411133
0.0111389160
0.0003509521
0.0084381104
-0.0010986328
0.0031738281
-0.0050659180
0.0045776367
0.0027008057
0.0135192871
-0.0028076172
0.0003509521
-0.0026397705
-0.0015869141
-0.0004577637
-0.0016632080
-0.0067749023
-0.0011291504
0.0032806396
-0.0071105957
0.0068054199
-0.2498016357
0.0100402832
-0.1394195557
-0.0160827637
0.0878601074
-0.2043762207
0.1898193359
-0.0758514404
-0.2219696045
-0.2516479492
-0.0732116699
-0.1308746338
0.0432739258
-0.1303405762
0.1674346924
0.2649688721
-0.0103912354
-0.0003662109
-0.0139923096
0.0004882812
0.0071105957
0.0001983643
0.0065155029
-0.0039672852
0.0057678223
-0.0013122559
-0.0044555664
-0.0007476807
-0.0002441406
-0.0015258789
-0.0031433105
0.0013580322
-0.0010833740
-0.0053863525
0.0010681152
0.0027923584
0.0020904541
-0.0040588379
0.0020751953
0.0016937256
0.0053863525
-0.0016479492
-0.0125732422
0.0003509521
-0.0025939941
0.0037078857
0.0146026611
0.0014343262
0.0011138916
0.0023498535
0.0116271973
-0.0066375732
-0.0046386719
0.0018463135
-0.0029144287
-0.0058593750
0.0048980713
-0.0025177002
-0.0086975098
0.0023345947
0.0079498291
-0.0017395020
-0.0052795410
-0.0014648438
-0.0021209717
0.0017700195
-0.0055847168
0.0003814697
0.0007171631
-0.0035095215
0.0012817383
-0.0006103516
0.0001831055
0.0026855469
0.0021820068
0.0001678467
-0.0134429932
0.0028686523
0.0031280518
0.0007476807
-0.1641235352
-0.0791625977
-0.0274810791
0.0007019043
-0.0897827148
0.2154235840
-0.0466766357
-0.1540985107
0.0484008789
0.0985412598
-0.0743255615
0.0840911865
0.0441436768
-0.0763244629
-0.0113372803
-0.0709838867
-0.0113372803
0.0096740723
0.0122833252
-0.0051269531
-0.0109710693
0.0117187500
0.0147094727
0.0060119629
-0.0178680420
0.0082702637
-0.0024719238
0.0149078369
0.0061035156
-0.0008697510
-0.0119171143
0.0110473633
0.0040893555
-0.0043029785
-0.0042419434
0.0071563721
-0.0018768311
0.0032348633
-0.0099945068
0.0077056885
0.0100250244
0.0054626465
-0.0199890137
0.0016174316
0.0036315918
-0.0032806396
0.0108489990
-0.0055389404
