-0.0005035400
-0.0013732910
-0.0051879883
-0.0079345703
-0.0057983398
-0.0062713623
-0.0043945312
-0.0015258789
-0.0006713867
-0.0078125000
0.0074462891
0.0048065186
-0.0024871826
-0.0070495605
0.0134277344
0.0047149658
0.0009307861
-0.0012817383
0.0039672852
0.0002136230
0.0052032471
-0.0007476807
0.0013275146
0.0000305176
0.0002899170
-0.0053710938
-0.0007171631
0.0021057129
-0.0013580322
-0.0003509521
-0.0015869141
-0.0009613037
-0.0003967285
0.0000762939
-0.0008850098
0.0039978027
0.0020294189
-0.0018920898
-0.0003204346
-0.0000610352
-0.0008239746
-0.0010681152
-0.0006256104
-0.0018463135
0.0006713867
-0.0021820068
0.0002136230
0.0008850098
0.0014495850
-0.0011291504
0.0027923584
-0.0053100586
-0.0027008057
-0.0033569336
0.0058288574
0.0083923340
-0.0107421875
-0.0057220459
-0.0012359619
-0.0060729980
-0.0051422119
-0.0019378662
0.0009460449
0.0057525635
-0.2964782715
-0.0846405029
-0.2981872559
0.0297241211
-0.0149993896
-0.3178405762
0.3418121338
0.3250579834
0.3431549072
-0.2937774658
-0.0953826904
-0.2784423828
0.0443572998
0.3012542725
-0.0492248535
-0.1398468018
0.0025482178
0.0074462891
-0.0132598877
0.0018920898
0.0124053955
-0.0106201172
0.0174102783
0.0003662109
-0.0119171143
-0.0355224609
-0.0032501221
-0.0143890381
-0.0048065186
-0.0162811279
0.0056304932
-0.0178070068
0.0019531250
-0.0013122559
-0.0035858154
0.0005035400
-0.0015411377
0.0015411377
-0.0002136230
0.0008544922
-0.0018463135
0.0018768311
-0.0018463135
0.0003814697
-0.0012054443
-0.0007934570
0.0018157959
0.0051574707
-0.0064392090
0.0022277832
-0.0155029297
0.0050048828
-0.0001373291
-0.0093994141
0.0105438232
-0.0050811768
0.0121459961
0.0028076172
-0.0256805420
0.0021514893
-0.0035247803
0.0031738281
0.0059967041
-0.0068511963
-0.0048675537
0.0021362305
-0.0084228516
0.0026397705
-0.0043792725
-0.0019226074
-0.0006866455
0.0020599365
-0.0042724609
0.0057525635
0.0001983643
0.0029449463
0.0016174316
0.0012664795
-0.0016479492
0.0031433105
0.0019378662
0.0101776123
-0.0007781982
-0.0013275146
-0.0077514648
0.0000152588
-0.0043334961
0.0041809082
0.0005950928
0.0024719238
-0.0097198486
-0.0016937256
-0.0007171631
-0.0140991211
-0.0038299561
0.0025787354
