-0.0022430420
0.0074920654
-0.0059204102
-0.0021667480
0.0005645752
0.0104980469
-0.0011291504
-0.0106811523
-0.0039062500
0.0019226074
-0.0108642578
0.0010528564
-0.0042724609
0.0070343018
-0.0007629395
-0.0056457520
-0.0015716553
0.0037231445
-0.0024108887
0.0003967285
0.0006256104
0.0010833740
0.0009765625
0.0001678467
0.0001831055
-0.0001373291
-0.0016021729
-0.0007019043
0.0063323975
0.0003051758
-0.0056915283
-0.0004425049
0.0106658936
-0.0069885254
0.0043792725
0.0090484619
0.0099639893
0.0036163330
-0.0162353516
0.0041503906
0.0014343262
0.0078430176
-0.0045776367
0.0105133057
-0.0056915283
-0.0101623535
-0.0046081543
-0.0127716064
0.0099945068
-0.0037078857
-0.0023345947
0.0071868896
-0.0067596436
0.0037078857
0.0074157715
0.0016937256
0.0042266846
0.0018768311
0.0051879883
0.0016784668
-0.0034942627
-0.0072631836
0.0118713379
-0.0101928711
0.0009460449
0.0093688965
0.0005950928
-0.0101928711
0.0100402832
-0.0021209717
-0.0071258545
0.0047149658
0.0047760010
-0.0046386719
0.0125427246
0.0130615234
-0.0025634766
-0.0081481934
0.0077972412
0.0077514648
0.0084991455
-0.0058746338
0.0052490234
-0.0084686279
-0.0072784424
0.0052185059
0.0021820068
0.0019683838
-0.0040740967
-0.0007171631
0.0061798096
-0.0153350830
0.0082092285
-0.0118408203
-0.0062408447
0.0035705566
-0.0820007324
0.2611694336
-0.0254364014
0.3176574707
-0.2851257324
-0.1160278320
0.3123931885
0.2978668213
-0.1166229248
0.1643371582
-0.3647308350
0.1442108154
0.0686645508
-0.3256683350
0.0809478760
-0.2716827393
-0.0040893555
-0.0006103516
-0.0024261475
0.0011901855
-0.0035858154
0.0064849854
0.0010223389
0.0006561279
0.0025787354
-0.0026092529
-0.0037689209
-0.0043334961
-0.0016632080
-0.0000305176
0.0019683838
-0.0042114258
-0.0050048828
-0.0021972656
-0.0006103516
0.0000305176
-0.0000305176
0.0034942627
0.0107421875
0.0035400391
-0.0135345459
0.0091705322
-0.0037689209
0.0137329102
0.0071868896
-0.0113525391
0.0093688965
0.0060882568
0.0063476562
-0.0041503906
-0.0034332275
-0.0013427734
0.0011596680
-0.0013122559
-0.0012817383
-0.0018310547
0.0008392334
0.0005645752
-0.0007781982
0.0006408691
-0.0036315918
0.0042572021
-0.0014495850
0.0016174316
