-0.0018005371
0.0027313232
-0.0083618164
-0.0068359375
-0.0001983643
0.0028839111
-0.0053253174
-0.0142669678
-0.0102233887
-0.0064544678
0.0007171631
0.0018005371
0.0002288818
-0.0010223389
-0.0015411377
-0.0009765625
0.0003662109
0.0002746582
-0.0033569336
0.0023345947
-0.0000152588
-0.0005950928
0.0014801025
-0.0017242432
-0.0009765625
0.0051269531
0.0022735596
-0.0010223389
0.0060729980
0.0016632080
-0.0036621094
-0.0031280518
-0.0105133057
-0.0051422119
0.0019226074
-0.0026702881
0.0055084229
-0.0022277832
0.0034332275
0.0082550049
-0.0005035400
-0.0008697510
-0.0037841797
0.0001525879
0.0060882568
-0.0131072998
-0.0101318359
0.0021514893
0.0072326660
-0.0076904297
-0.0167999268
-0.0000762939
0.0023193359
-0.0029907227
0.0143890381
0.0078887939
-0.0045471191
0.0063171387
0.0000000000
0.0020141602
0.0003814697
0.0016479492
0.0058288574
-0.0060729980
-0.0054016113
-0.0010833740
-0.0000305176
-0.0009307861
-0.0025939941
-0.0046539307
0.0021209717
0.0077209473
0.0068511963
-0.0051422119
0.0019683838
-0.0015869141
-0.0002136230
0.0112457275
-0.0039672852
0.0030364990
0.0034332275
0.0171356201
-0.0149230957
0.0028533936
0.0317077637
-0.0057220459
0.0205078125
-0.0096740723
-0.0113677979
0.0102844238
-0.0200653076
0.0021209717
0.0018463135
-0.0130462646
0.0001678467
-0.0165100098
0.0025634766
0.0016937256
-0.0038299561
-0.0051574707
0.0028076172
-0.0040435791
-0.0003051758
0.0016937256
0.0009307861
0.0099029541
0.0018310547
0.0062561035
-0.0031738281
-0.0000915527
0.0066680908
0.0040130615
0.0025024414
0.0050354004
-0.0107727051
0.0040740967
0.0078430176
-0.0030822754
0.0083923340
0.0059051514
0.0115966797
-0.0108032227
0.0043182373
0.0027465820
-0.0016632080
0.0017395020
0.0185699463
0.0054168701
-0.0044860840
0.0055847168
-0.0033721924
-0.0010528564
-0.0033416748
0.0003662109
-0.0005645752
0.0017547607
-0.0020904541
-0.0045318604
-0.0039978027
0.0037994385
0.0038909912
0.0017852783
-0.0042572021
0.0019683838
0.1955413818
-0.0179901123
-0.2768249512
0.2814483643
-0.0742950439
-0.2914886475
-0.2912139893
-0.2635955811
-0.2904815674
0.3204040527
-0.0628814697
0.3060455322
0.3133544922
0.0668334961
0.0175323486
-0.3065185547
