-0.0002899170
0.0002746582
0.0002593994
-0.0055389404
0.0049591064
0.0062408447
-0.0111083984
-0.0057067871
-0.0076293945
-0.0112457275
0.0003509521
-0.0111389160
-0.0076751709
0.0000762939
0.0030212402
-0.0006866455
-0.0008850098
0.0055084229
-0.0047607422
-0.0017242432
0.0078125000
-0.0003662109
-0.0049285889
0.0014343262
0.0012207031
-0.0044708252
-0.0097198486
-0.0098114014
0.0057983398
-0.0011596680
0.0005340576
-0.0126495361
-0.0211181641
-0.0080871582
-0.0016632080
0.0404052734
0.0254821777
-0.0200958252
0.0105438232
-0.0011596680
0.0037841797
-0.0239410400
-0.0064849854
0.0152587891
0.0061492920
-0.0004730225
0.0006256104
0.0348205566
0.0119476318
-0.0082244873
-0.0180664062
0.0044097900
-0.0107421875
0.0161285400
0.0111236572
0.0172424316
0.0086975098
0.0128936768
0.0191040039
-0.0016174316
-0.0288543701
0.0005035400
0.0142974854
-0.0167846680
-0.0059204102
0.0076599121
-0.0247039795
-0.0140838623
0.0205841064
0.0006866455
0.0293579102
0.0200195312
-0.0029907227
0.0108184814
-0.0156707764
-0.0082092285
-0.0118560791
-0.0077362061
0.0353393555
-0.0110168457
-0.0298767090
-0.0514373779
0.0674743652
0.0194396973
-0.0226593018
0.0346984863
-0.0689849854
-0.0072631836
0.0720062256
0.0099182129
0.0440521240
-0.0293579102
0.0128631592
0.0601806641
0.0298767090
0.0457000732
0.0143585205
-0.0137786865
0.0141448975
-0.0199737549
0.0104675293
0.0041046143
-0.0153198242
-0.0201416016
0.0375671387
-0.0213317871
0.0383911133
-0.0014801025
-0.0078125000
0.0210418701
0.0014953613
0.0010223389
0.0124053955
-0.0078430176
0.0022277832
0.0128021240
-0.0091705322
-0.0262756348
-0.0028686523
-0.0017547607
-0.0186614990
0.0236816406
0.0075073242
0.0160827637
-0.0066680908
-0.0210266113
0.0097503662
-0.0646209717
-0.2505493164
0.2025756836
0.1478424072
-0.0376281738
-0.2844543457
0.1189880371
-0.1133422852
0.2908172607
-0.3248291016
0.1126556396
0.0750885010
0.2565917969
0.0162963867
-0.3331146240
0.1679534912
0.2912292480
-0.0476074219
0.0099334717
0.0344848633
0.0059967041
-0.0205230713
-0.0197143555
0.0173034668
-0.0035247803
-0.0177001953
0.0057067871
-0.0120239258
0.0121765137
0.0217132568
0.0779266357
-0.0043640137
-0.0222625732
