0.0039062500
0.0034027100
0.0001220703
0.0018463135
0.0062713623
0.0022735596
0.0027465820
-0.0029449463
-0.0049133301
0.0021514893
-0.0007476807
-0.0032348633
-0.0002441406
-0.0010681152
0.0017089844
-0.0027465820
-0.0017700195
0.0129394531
-0.0324707031
0.0074615479
-0.0043792725
-0.0030822754
-0.0026397705
-0.0045776367
-0.0045928955
0.0168457031
-0.0064544678
-0.0164794922
0.0276641846
0.0099792480
-0.0024871826
-0.0139617920
-0.0068664551
0.0025634766
0.0008697510
0.0001983643
0.0002746582
0.0015411377
0.0079956055
0.0010681152
0.0054473877
0.0046386719
-0.0053710938
0.0039520264
0.0048675537
-0.0119934082
0.0002136230
0.0025482178
-0.0075225830
-0.0038757324
-0.0023040771
0.0092163086
0.0065307617
-0.0046844482
0.0052642822
0.0008392334
-0.0023193359
-0.0032958984
-0.0074920654
-0.0060272217
0.0046539307
-0.0102539062
0.0039062500
-0.0061492920
0.0020751953
-0.0090637207
-0.0018157959
0.0234375000
-0.0088653564
-0.0036315918
0.0011901855
0.0026855469
-0.0000610352
0.0017700195
-0.0158538818
-0.0042572021
0.0120086670
0.0039215088
0.0001068115
-0.0089874268
0.0082702637
-0.0006561279
0.0224456787
-0.0072479248
-0.0031433105
0.0123901367
-0.0119323730
-0.0092468262
0.0106964111
-0.0015563965
-0.0041198730
0.0094757080
0.0222473145
0.0158233643
-0.0079803467
0.0234985352
0.0072326660
-0.0011596680
-0.0080413818
-0.0080718994
0.0039978027
-0.0102233887
-0.0066070557
-0.0103454590
-0.0053710938
0.0106811523
0.0098419189
0.0084228516
0.0087585449
0.0011749268
-0.0012817383
0.0015258789
-0.2439270020
-0.2864685059
0.1260375977
-0.1461791992
-0.2739257812
0.2994232178
-0.2651672363
-0.2750091553
-0.0389862061
0.2897338867
-0.1102142334
0.2703857422
0.1551971436
-0.2801208496
-0.1719665527
-0.2346343994
-0.0098266602
0.0060424805
0.0124511719
-0.0137481689
-0.0051422119
0.0072326660
0.0008697510
0.0083618164
-0.0124816895
-0.0045013428
-0.0020141602
0.0169525146
0.0044708252
-0.0090179443
-0.0034332275
0.0046539307
-0.0130920410
-0.0106353760
0.0049896240
-0.0039367676
0.0042419434
0.0100555420
0.0072937012
0.0056457520
0.0142669678
-0.0089874268
0.0000457764
-0.0065917969
-0.0052337646
0.0020751953
0.0064849854
0.0003509521
