-0.0008392334
-0.0052490234
0.0087432861
0.0043487549
-0.0127716064
0.0091247559
0.0103607178
-0.0066528320
0.0052490234
0.0059509277
0.0064392090
-0.0047302246
0.0001678467
-0.0030364990
0.0004425049
0.0102691650
0.0010070801
-0.0038299561
0.0007934570
-0.0005340576
-0.0066528320
-0.0024719238
0.0056152344
0.0005187988
-0.0003967285
-0.0028076172
0.0003967285
-0.0016479492
-0.0035247803
-0.0005950928
-0.0007019043
-0.0017089844
-0.3414459229
-0.1624450684
-0.3398742676
-0.0938873291
-0.0226593018
-0.3325805664
0.3004150391
-0.0764465332
-0.2731170654
-0.3184051514
-0.0656585693
-0.1911468506
0.0684509277
-0.0758361816
0.2058105469
0.3412628174
0.0130767822
-0.0078735352
0.0072937012
0.0115509033
-0.0027465820
-0.0011444092
0.0149536133
-0.0022735596
0.0035552979
0.0025177002
0.0014801025
0.0136260986
0.0005798340
-0.0190277100
0.0092315674
-0.0036010742
0.0048522949
0.0426940918
0.0056915283
-0.0128784180
0.0253753662
0.0030059814
0.0054931641
0.0038299561
0.0008087158
0.0107421875
0.0207977295
0.0144348145
-0.0075988770
-0.0124511719
0.0117950439
0.0082702637
-0.0023193359
0.0051574707
-0.0009918213
-0.0046539307
0.0073242188
0.0016784668
-0.0027465820
-0.0057830811
-0.0021667480
0.0162811279
-0.0041961670
-0.0069122314
0.0103607178
0.0013275146
-0.0115203857
0.0052185059
0.0006103516
-0.0164337158
0.0175170898
-0.0175323486
0.0126342773
0.0124359131
-0.0160064697
-0.0042266846
0.0102386475
-0.0136718750
0.0180053711
0.0121612549
0.0032043457
0.0182342529
0.0029296875
0.0107116699
-0.0109710693
0.0120544434
-0.0130462646
-0.0182495117
0.0087432861
0.0094604492
0.0065002441
-0.0019989014
-0.0111999512
0.0051269531
0.0084228516
-0.0129394531
-0.0048522949
0.0142364502
0.0066375732
0.0071258545
-0.0151672363
0.0051879883
0.0313415527
0.0122375488
-0.0151519775
-0.0333099365
-0.0139923096
0.0444335938
-0.0425262451
0.0525512695
0.0436248779
0.0592346191
0.0127868652
-0.0204620361
-0.0188446045
0.0378265381
0.0231628418
-0.0162811279
0.0226440430
-0.0194702148
0.0032806396
0.0476379395
0.0093536377
0.0464782715
0.0487976074
-0.0291748047
-0.0245361328
-0.0406188965
-0.0339508057
-0.0153198242
0.0240936279
0.0436553955
