-0.2383270264
-0.2557220459
0.2020111084
-0.2402038574
0.3168487549
-0.2174835205
-0.2111053467
0.1099853516
0.1869659424
-0.2883605957
0.3000946045
0.1506500244
-0.2621917725
-0.2755737305
0.0078887939
0.2592468262
0.0000152588
0.0027160645
-0.0076904297
0.0005950928
-0.0017547607
-0.0015869141
-0.0074157715
-0.0004119873
-0.0007629395
0.0025482178
-0.0039062500
-0.0031433105
0.0044708252
0.0003204346
-0.0008850098
0.0014343262
-0.0094757080
-0.0200653076
-0.0084991455
0.0105590820
0.0031280518
-0.0099334717
0.0050048828
0.0045166016
-0.0077362061
-0.0021972656
-0.0174407959
0.0136566162
0.0052337646
-0.0043029785
-0.0040435791
0.0032806396
0.0003509521
0.0037231445
0.0003814697
-0.0146942139
-0.0065765381
0.0015716553
0.0116729736
0.0127563477
-0.0021057129
-0.0091705322
0.0022277832
-0.0131530762
-0.0127563477
0.0142059326
-0.0001068115
0.0084991455
0.0169525146
0.0210266113
0.0189971924
-0.0048370361
0.0172576904
0.0160522461
-0.0115509033
-0.0161743164
-0.0271759033
0.0229492188
0.0062103271
0.0137481689
0.0122985840
-0.0100250244
0.0070800781
0.0227355957
0.0045166016
0.0123443604
0.0215148926
-0.0253448486
0.0063018799
-0.0127716064
0.0013122559
-0.0159149170
-0.0065917969
0.0219268799
-0.0010681152
-0.0077056885
-0.0310363770
0.0015563965
-0.0204010010
-0.0179138184
0.0103759766
0.0271301270
0.0102996826
0.0384521484
-0.0081024170
-0.0070190430
0.0062866211
-0.0024566650
-0.0019836426
-0.0157470703
-0.0136413574
-0.0107574463
-0.0172271729
-0.0118408203
0.0066528320
-0.0114288330
0.0109252930
-0.0011901855
0.0150604248
0.0054321289
-0.0025787354
0.0056304932
-0.0052795410
-0.0067749023
0.0011596680
0.0064086914
0.0058898926
-0.0032653809
0.0028533936
0.0037384033
0.0005493164
0.0016937256
-0.0099792480
0.0182189941
-0.0068206787
-0.0036163330
-0.0241851807
0.0074310303
0.0046539307
0.0059051514
-0.0195465088
-0.0074310303
-0.0000152588
0.0042572021
-0.0009765625
-0.0255584717
-0.0046081543
0.0216064453
0.0142822266
-0.0129852295
0.0075531006
0.0058441162
0.0083465576
-0.0042419434
-0.0043640137
-0.0111236572
-0.0105590820
0.0082244873
-0.0349884033
-0.0006408691
0.0078125000
-0.0082244873
0.0105438232
0.0064697266
